
       0      -0.052
    0    0    0    0
    0    0    0    0
    0    0    0    0
    0    0    0    0


   0.00000E+00   0.15970E+02   0.00000E+00   0.00000E+00
   0.00000E+00   0.00000E+00   0.00000E+00   0.00000E+00
   0.00000E+00   0.00000E+00   0.00000E+00   0.00000E+00
   0.00000E+00   0.00000E+00   0.00000E+00   0.00000E+00
   0.00000E+00   0.15522E+02   0.33351E+01   0.00000E+00
   0.00000E+00   0.00000E+00   0.00000E+00   0.00000E+00
   0.00000E+00  -0.30600E-14   0.17046E+03   0.00000E+00
   0.00000E+00   0.00000E+00   0.00000E+00   0.00000E+00
   0.00000E+00   0.00000E+00   0.00000E+00   0.00000E+00
   0.00000E+00   0.00000E+00   0.00000E+00   0.00000E+00
   0.00000E+00   0.11097E+02   0.00000E+00   0.00000E+00
   0.00000E+00   0.00000E+00   0.00000E+00   0.00000E+00
   0.00000E+00   0.65976E+01   0.38688E+01   0.69199E+00
   0.00000E+00   0.57953E+01   0.16030E+02   0.24322E+01
   0.00000E+00   0.00000E+00   0.00000E+00   0.00000E+00
  -0.59145E-26   0.00000E+00   0.00000E+00   0.00000E+00
   0.00000E+00   0.00000E+00   0.00000E+00   0.00000E+00
   0.00000E+00   0.00000E+00   0.00000E+00   0.91289E-01
   0.00000E+00   0.00000E+00   0.00000E+00   0.00000E+00
   0.00000E+00   0.00000E+00   0.00000E+00   0.00000E+00
   0.00000E+00   0.00000E+00   0.00000E+00   0.00000E+00
   0.00000E+00   0.00000E+00   0.00000E+00   0.00000E+00
   0.00000E+00   0.00000E+00  -0.16226E-25   0.00000E+00
   0.00000E+00   0.00000E+00   0.00000E+00   0.00000E+00
   0.00000E+00   0.00000E+00   0.00000E+00   0.11993E+00
   0.00000E+00   0.00000E+00   0.00000E+00   0.13686E+02
   0.98475E+02   0.00000E+00   0.00000E+00   0.00000E+00
   0.00000E+00   0.00000E+00   0.85791E+01   0.60157E+02
   0.00000E+00   0.00000E+00   0.00000E+00   0.22008E+00
   0.00000E+00   0.00000E+00   0.00000E+00   0.00000E+00
   0.00000E+00   0.00000E+00   0.93246E+02   0.00000E+00
   0.10000E+01   0.10000E+01   0.10000E+01   0.10000E+01

   0.50750E+01   0.24142E+02   0.35545E+01   0.34404E+01
   0.24512E+01   0.19923E+01   0.16462E+01   0.20069E+01
   0.23751E+01   0.20042E+01   0.15923E+01   0.18597E+01
   0.27341E+01   0.20996E+01   0.19870E+01   0.22601E+01
   0.30804E+01   0.22785E+02   0.80203E+01   0.35761E+01
   0.11589E+00   0.94575E-01   0.80328E-01   0.94748E-01
   0.11787E+02   0.13402E+02   0.20283E+03   0.70643E+01
   0.22291E+01   0.18498E+01   0.15533E+01   0.17826E+01
   0.16267E+00   0.94044E-01   0.62921E-01   0.89329E-01
   0.14856E+00   0.11336E+00   0.58413E-01   0.11615E+00
   0.25603E+01   0.15841E+02   0.19095E+01   0.15973E+01
   0.22267E+01   0.18523E+01   0.15537E+01   0.17868E+01
   0.26170E+01   0.10548E+02   0.68967E+01   0.34213E+01
   0.57599E+01   0.12983E+02   0.23769E+02   0.91109E+01
   0.24477E+01   0.21235E+01   0.16362E+01   0.19227E+01
   0.22244E+01   0.18382E+01   0.15505E+01   0.17773E+01
   0.93707E-01   0.82022E-01   0.46084E-01   0.72738E-01
   0.10099E+00   0.68789E-01   0.85193E-01   0.22250E+00
   0.22363E+01   0.18823E+01   0.15588E+01   0.18053E+01
   0.22537E+01   0.18584E+01   0.15454E+01   0.17759E+01
   0.22551E+01   0.18536E+01   0.15439E+01   0.17876E+01
   0.23858E+01   0.19816E+01   0.17029E+01   0.19064E+01
   0.27421E+01   0.25586E+01   0.16760E+01   0.19814E+01
   0.22501E+01   0.19027E+01   0.15611E+01   0.17950E+01
   0.23870E+00   0.12615E+00   0.94039E-01   0.31144E+00
   0.17913E+01   0.75307E+00   0.12594E+01   0.16398E+02
   0.16107E+03   0.24550E+02   0.23197E+02   0.43767E+02
   0.48973E+02   0.26206E+02   0.38888E+02   0.11036E+03
   0.29725E+02   0.20058E+02   0.10282E+02   0.26989E+02
   0.27548E+02   0.13396E+02   0.12347E+02   0.19325E+02
   0.58771E+02   0.42536E+02   0.14377E+03   0.52094E+02
   0.10000E+01   0.10000E+01   0.10000E+01   0.10000E+01

   0.00000   0.76010   0.00000   0.00000
   0.00000   0.00000   0.00000   0.00000
   0.00000   0.00000   0.00000   0.00000
   0.00000   0.00000   0.00000   0.00000
   0.00000   0.61683   0.12878   0.00000
   0.00000   0.00000   0.00000   0.00000
   0.00000  -0.00000   0.91359   0.00000
   0.00000   0.00000   0.00000   0.00000
   0.00000   0.00000   0.00000   0.00000
   0.00000   0.00000   0.00000   0.00000
   0.00000   0.78124   0.00000   0.00000
   0.00000   0.00000   0.00000   0.00000
   0.00000   0.41481   0.24265   0.04259
   0.00000   0.16668   0.47585   0.06945
   0.00000   0.00000   0.00000   0.00000
  -0.00000   0.00000   0.00000   0.00000
   0.00000   0.00000   0.00000   0.00000
   0.00000   0.00000   0.00000   0.43379
   0.00000   0.00000   0.00000   0.00000
   0.00000   0.00000   0.00000   0.00000
   0.00000   0.00000   0.00000   0.00000
   0.00000   0.00000   0.00000   0.00000
   0.00000   0.00000  -0.00000   0.00000
   0.00000   0.00000   0.00000   0.00000
   0.00000   0.00000   0.00000   0.30407
   0.00000   0.00000   0.00000   0.84858
   0.61760   0.00000   0.00000   0.00000
   0.00000   0.00000   0.06642   0.46481
   0.00000   0.00000   0.00000   0.00726
   0.00000   0.00000   0.00000   0.00000
   0.00000   0.00000   0.56882   0.00000
   1.00000   1.00000   1.00000   1.00000

   0.22428   1.00000   0.15810   0.15394
   1.00000   1.00000   1.00000   1.00000
   1.00000   1.00000   1.00000   1.00000
   1.00000   0.99575   1.00000   1.00000
   0.11757   0.83192   0.30192   0.13617
   1.00000   1.00000   1.00000   1.00000
   0.05995   0.06838   1.00000   0.03588
   1.00000   1.00000   1.00000   1.00000
   1.00000   0.67091   0.44328   0.66875
   0.90326   0.73014   0.38023   0.75307
   0.17099   0.99863   0.12699   0.10628
   1.00000   1.00000   1.00000   1.00000
   0.15966   0.62757   0.41291   0.20786
   0.16113   0.36110   0.64712   0.25394
   1.00000   1.00000   1.00000   1.00000
   1.00000   1.00000   1.00000   1.00000
   0.99049   0.99541   0.68628   0.91538
   0.42943   0.29083   0.37475   0.94248
   1.00000   1.00000   1.00000   1.00000
   1.00000   1.00000   1.00000   1.00000
   1.00000   1.00000   1.00000   1.00000
   1.00000   1.00000   1.00000   1.00000
   1.00000   1.00000   0.95019   0.98197
   1.00000   1.00000   1.00000   1.00000
   0.57135   0.30503   0.22788   0.75513
   0.11054   0.04649   0.07777   1.00000
   1.00000   0.15398   0.14531   0.27426
   0.36021   0.19463   0.28989   0.81377
   0.86524   0.61127   0.31537   0.84771
   1.00000   0.70887   0.61320   0.88421
   0.33231   0.24201   0.81715   0.29876
   1.00000   1.00000   1.00000   1.00000
