
       0      -0.052
    0    0    0    0
    0    0    0    0
    0    0    0    0
    0    0    0    0


   0.00000E+00   0.14805E+02   0.00000E+00   0.00000E+00
   0.00000E+00   0.00000E+00   0.00000E+00   0.00000E+00
   0.00000E+00   0.00000E+00   0.00000E+00   0.00000E+00
   0.00000E+00   0.00000E+00   0.00000E+00   0.00000E+00
   0.00000E+00   0.14663E+02   0.28650E+01   0.00000E+00
   0.00000E+00   0.00000E+00   0.00000E+00   0.00000E+00
   0.00000E+00  -0.30600E-14   0.16736E+03   0.00000E+00
   0.00000E+00   0.00000E+00   0.00000E+00   0.00000E+00
   0.00000E+00   0.00000E+00   0.00000E+00   0.00000E+00
   0.00000E+00   0.00000E+00   0.00000E+00   0.00000E+00
   0.00000E+00   0.10572E+02  -0.10542E-16  -0.20809E-16
   0.00000E+00   0.00000E+00   0.00000E+00   0.00000E+00
   0.00000E+00   0.61507E+01   0.35118E+01   0.32969E+00
   0.00000E+00   0.48403E+01   0.14949E+02   0.12191E+01
   0.00000E+00   0.00000E+00   0.00000E+00   0.00000E+00
  -0.59145E-26   0.00000E+00   0.00000E+00   0.00000E+00
   0.00000E+00   0.00000E+00   0.00000E+00   0.00000E+00
   0.00000E+00   0.00000E+00   0.00000E+00   0.65021E-01
   0.00000E+00   0.00000E+00   0.00000E+00   0.00000E+00
   0.00000E+00   0.00000E+00   0.00000E+00   0.00000E+00
   0.00000E+00   0.00000E+00   0.00000E+00   0.00000E+00
   0.00000E+00   0.00000E+00   0.00000E+00   0.00000E+00
   0.00000E+00   0.00000E+00  -0.16226E-25   0.00000E+00
   0.00000E+00   0.00000E+00   0.00000E+00   0.00000E+00
   0.00000E+00   0.00000E+00   0.00000E+00   0.93905E-01
   0.00000E+00   0.00000E+00   0.00000E+00   0.13482E+02
   0.93789E+02   0.00000E+00   0.00000E+00   0.00000E+00
   0.00000E+00   0.00000E+00   0.40959E+01   0.53077E+02
   0.00000E+00   0.00000E+00   0.00000E+00   0.00000E+00
   0.00000E+00   0.00000E+00   0.00000E+00   0.00000E+00
   0.00000E+00   0.00000E+00   0.85554E+02   0.00000E+00
   0.10000E+01   0.10000E+01   0.10000E+01   0.10000E+01

   0.64145E+01   0.25044E+02   0.43499E+01   0.43717E+01
   0.33183E+01   0.26927E+01   0.22390E+01   0.27024E+01
   0.32275E+01   0.27161E+01   0.22001E+01   0.25548E+01
   0.36023E+01   0.28304E+01   0.25909E+01   0.29333E+01
   0.37080E+01   0.23609E+02   0.86732E+01   0.40643E+01
   0.15808E+00   0.12895E+00   0.10942E+00   0.12773E+00
   0.12700E+02   0.15762E+02   0.20672E+03   0.76508E+01
   0.30723E+01   0.25458E+01   0.21290E+01   0.24607E+01
   0.18741E+00   0.11673E+00   0.80758E-01   0.11161E+00
   0.18180E+00   0.13517E+00   0.76320E-01   0.13573E+00
   0.29430E+01   0.16311E+02   0.21759E+01   0.18946E+01
   0.30744E+01   0.25396E+01   0.21363E+01   0.24676E+01
   0.31293E+01   0.11076E+02   0.73526E+01   0.38025E+01
   0.75350E+01   0.14054E+02   0.25000E+02   0.10068E+02
   0.32861E+01   0.28358E+01   0.22291E+01   0.26009E+01
   0.30648E+01   0.25352E+01   0.21445E+01   0.24457E+01
   0.11774E+00   0.10096E+00   0.63557E-01   0.91700E-01
   0.13475E+00   0.89493E-01   0.10310E+00   0.24194E+00
   0.30922E+01   0.25590E+01   0.21575E+01   0.24660E+01
   0.30948E+01   0.25274E+01   0.21337E+01   0.24741E+01
   0.30737E+01   0.25561E+01   0.21368E+01   0.24683E+01
   0.32456E+01   0.26760E+01   0.22855E+01   0.26075E+01
   0.36322E+01   0.32484E+01   0.23055E+01   0.26896E+01
   0.31112E+01   0.25821E+01   0.21364E+01   0.24814E+01
   0.27852E+00   0.15283E+00   0.11275E+00   0.33671E+00
   0.19113E+01   0.99417E+00   0.14960E+01   0.16478E+02
   0.16169E+03   0.32862E+02   0.25687E+02   0.46590E+02
   0.59044E+02   0.32091E+02   0.44064E+02   0.11691E+03
   0.37199E+02   0.24305E+02   0.13757E+02   0.30579E+02
   0.32251E+02   0.17542E+02   0.16237E+02   0.24036E+02
   0.73405E+02   0.51524E+02   0.15265E+03   0.60588E+02
   0.10000E+01   0.10000E+01   0.10000E+01   0.10000E+01

   0.00000   0.71626   0.00000   0.00000
   0.00000   0.00000   0.00000   0.00000
   0.00000   0.00000   0.00000   0.00000
   0.00000   0.00000   0.00000   0.00000
   0.00000   0.59207   0.11091   0.00000
   0.00000   0.00000   0.00000   0.00000
   0.00000   0.00000   0.91203   0.00000
   0.00000   0.00000   0.00000   0.00000
   0.00000   0.00000   0.00000   0.00000
   0.00000   0.00000   0.00000   0.00000
   0.00000   0.75957  -0.00000  -0.00000
   0.00000   0.00000   0.00000   0.00000
   0.00000   0.39076   0.22220   0.02032
   0.00000   0.13979   0.45086   0.03486
   0.00000   0.00000   0.00000   0.00000
   0.00000   0.00000   0.00000   0.00000
   0.00000   0.00000   0.00000   0.00000
   0.00000   0.00000   0.00000   0.30914
   0.00000   0.00000   0.00000   0.00000
   0.00000   0.00000   0.00000   0.00000
   0.00000   0.00000   0.00000   0.00000
   0.00000   0.00000   0.00000   0.00000
   0.00000   0.00000   0.00000   0.00000
   0.00000   0.00000   0.00000   0.00000
   0.00000   0.00000   0.00000   0.23910
   0.00000   0.00000   0.00000   0.83639
   0.58830   0.00000   0.00000   0.00000
   0.00000   0.00000   0.03188   0.41220
   0.00000   0.00000   0.00000   0.00000
   0.00000   0.00000   0.00000   0.00000
   0.00000   0.00000   0.52887   0.00000
   1.00000   1.00000   1.00000   1.00000

   0.27919   1.00000   0.19085   0.19331
   1.00000   1.00000   1.00000   1.00000
   1.00000   1.00000   1.00000   1.00000
   1.00000   1.00000   1.00000   1.00000
   0.14133   0.84759   0.32373   0.15438
   1.00000   1.00000   1.00000   1.00000
   0.06442   0.08030   1.00000   0.03872
   1.00000   1.00000   1.00000   1.00000
   1.00000   0.80063   0.54387   0.80698
   1.00000   0.81115   0.47873   0.82492
   0.19618   1.00000   0.14381   0.12553
   1.00000   1.00000   1.00000   1.00000
   0.19052   0.65093   0.43567   0.23003
   0.20940   0.38686   0.67005   0.27821
   1.00000   1.00000   1.00000   1.00000
   1.00000   1.00000   1.00000   1.00000
   1.00000   1.00000   0.82242   0.97365
   0.54761   0.36317   0.43837   0.97886
   1.00000   1.00000   1.00000   1.00000
   1.00000   1.00000   1.00000   1.00000
   1.00000   1.00000   1.00000   1.00000
   1.00000   1.00000   1.00000   1.00000
   1.00000   1.00000   1.00000   1.00000
   1.00000   1.00000   1.00000   1.00000
   0.65292   0.36396   0.26960   0.80608
   0.11789   0.06139   0.09230   1.00000
   1.00000   0.20612   0.16091   0.29200
   0.42560   0.23402   0.32504   0.84522
   0.98689   0.69227   0.40545   0.90566
   1.00000   0.84527   0.74197   0.94240
   0.40622   0.28706   0.85456   0.34189
   1.00000   1.00000   1.00000   1.00000
