
       0      -0.052
    0    0    0    0
    0    0    0    0
    0    0    0    0
    0    0    0    0


   0.00000E+00   0.13593E+02   0.00000E+00  -0.34356E-15
   0.00000E+00   0.00000E+00   0.00000E+00   0.00000E+00
   0.00000E+00   0.00000E+00   0.00000E+00   0.00000E+00
   0.00000E+00   0.00000E+00   0.00000E+00   0.00000E+00
   0.00000E+00   0.13779E+02   0.23514E+01   0.00000E+00
   0.00000E+00   0.00000E+00   0.00000E+00   0.00000E+00
  -0.32721E-14  -0.30600E-14   0.16400E+03   0.00000E+00
  -0.98586E-21   0.00000E+00   0.00000E+00   0.00000E+00
   0.00000E+00   0.00000E+00   0.00000E+00   0.00000E+00
   0.00000E+00   0.00000E+00   0.00000E+00   0.00000E+00
   0.00000E+00   0.10052E+02  -0.18637E-16  -0.52558E-16
   0.00000E+00   0.00000E+00   0.00000E+00   0.00000E+00
   0.00000E+00   0.56683E+01   0.31323E+01   0.00000E+00
  -0.23082E-15   0.38585E+01   0.13804E+02  -0.80206E-15
   0.00000E+00   0.00000E+00   0.00000E+00   0.00000E+00
  -0.87260E-26   0.00000E+00   0.00000E+00   0.00000E+00
   0.00000E+00   0.00000E+00   0.00000E+00   0.00000E+00
   0.00000E+00   0.00000E+00   0.00000E+00   0.37358E-01
   0.00000E+00   0.00000E+00   0.00000E+00   0.00000E+00
   0.00000E+00   0.00000E+00   0.00000E+00   0.00000E+00
   0.00000E+00   0.00000E+00   0.00000E+00   0.00000E+00
   0.00000E+00   0.00000E+00   0.00000E+00   0.00000E+00
   0.00000E+00   0.00000E+00  -0.16226E-25   0.00000E+00
   0.00000E+00   0.00000E+00   0.00000E+00   0.00000E+00
   0.00000E+00   0.00000E+00  -0.29654E-17   0.66108E-01
   0.00000E+00   0.00000E+00   0.00000E+00   0.13234E+02
   0.89033E+02  -0.79241E-17   0.00000E+00   0.00000E+00
   0.00000E+00   0.00000E+00   0.00000E+00   0.45604E+02
   0.00000E+00   0.00000E+00   0.00000E+00   0.00000E+00
   0.00000E+00   0.00000E+00   0.00000E+00   0.00000E+00
   0.00000E+00   0.00000E+00   0.77261E+02   0.00000E+00
   0.10000E+01   0.10000E+01   0.10000E+01   0.10000E+01

   0.78001E+01   0.26019E+02   0.51536E+01   0.53030E+01
   0.42306E+01   0.34285E+01   0.28977E+01   0.34268E+01
   0.41304E+01   0.34516E+01   0.28332E+01   0.32790E+01
   0.45203E+01   0.35856E+01   0.32411E+01   0.36842E+01
   0.43537E+01   0.24545E+02   0.93262E+01   0.45650E+01
   0.20317E+00   0.16716E+00   0.14231E+00   0.16390E+00
   0.13736E+02   0.18637E+02   0.21077E+03   0.83278E+01
   0.39518E+01   0.32771E+01   0.27756E+01   0.31713E+01
   0.21075E+00   0.14164E+00   0.99232E-01   0.13354E+00
   0.21164E+00   0.15827E+00   0.95506E-01   0.15730E+00
   0.33246E+01   0.16782E+02   0.24402E+01   0.22043E+01
   0.39734E+01   0.32899E+01   0.27761E+01   0.31711E+01
   0.36605E+01   0.11629E+02   0.78402E+01   0.42120E+01
   0.94703E+01   0.15170E+02   0.26390E+02   0.11127E+02
   0.41985E+01   0.35717E+01   0.28878E+01   0.33254E+01
   0.39742E+01   0.32827E+01   0.27847E+01   0.31697E+01
   0.14155E+00   0.12112E+00   0.81094E-01   0.11120E+00
   0.17206E+00   0.11124E+00   0.12134E+00   0.26245E+00
   0.39838E+01   0.33172E+01   0.27863E+01   0.32128E+01
   0.39959E+01   0.33008E+01   0.27901E+01   0.31784E+01
   0.39833E+01   0.32758E+01   0.27845E+01   0.31774E+01
   0.41487E+01   0.34116E+01   0.29440E+01   0.33318E+01
   0.45413E+01   0.40148E+01   0.29622E+01   0.34370E+01
   0.40083E+01   0.33142E+01   0.27924E+01   0.32023E+01
   0.32072E+00   0.18156E+00   0.13215E+00   0.36401E+00
   0.20413E+01   0.13094E+01   0.17252E+01   0.16557E+02
   0.16233E+03   0.40195E+02   0.28319E+02   0.49861E+02
   0.68875E+02   0.38624E+02   0.49251E+02   0.12337E+03
   0.43334E+02   0.28883E+02   0.17682E+02   0.34368E+02
   0.37132E+02   0.22425E+02   0.20524E+02   0.28833E+02
   0.86708E+02   0.60886E+02   0.16220E+03   0.69451E+02
   0.10000E+01   0.10000E+01   0.10000E+01   0.10000E+01

   0.00000   0.66750   0.00000  -0.00000
   0.00000   0.00000   0.00000   0.00000
   0.00000   0.00000   0.00000   0.00000
   0.00000   0.00000   0.00000   0.00000
   0.00000   0.56785   0.09125   0.00000
   0.00000   0.00000   0.00000   0.00000
  -0.00000  -0.00000   0.90535   0.00000
  -0.00000   0.00000   0.00000   0.00000
   0.00000   0.00000   0.00000   0.00000
   0.00000   0.00000   0.00000   0.00000
   0.00000   0.74132  -0.00000  -0.00000
   0.00000   0.00000   0.00000   0.00000
   0.00000   0.36443   0.20003   0.00000
  -0.00000   0.11193   0.42350  -0.00000
   0.00000   0.00000   0.00000   0.00000
  -0.00000   0.00000   0.00000   0.00000
   0.00000   0.00000   0.00000   0.00000
   0.00000   0.00000   0.00000   0.17766
   0.00000   0.00000   0.00000   0.00000
   0.00000   0.00000   0.00000   0.00000
   0.00000   0.00000   0.00000   0.00000
   0.00000   0.00000   0.00000   0.00000
   0.00000   0.00000   0.00000   0.00000
   0.00000   0.00000   0.00000   0.00000
   0.00000   0.00000  -0.00000   0.16905
   0.00000   0.00000   0.00000   0.82252
   0.55878  -0.00000   0.00000   0.00000
   0.00000   0.00000   0.00000   0.35596
   0.00000   0.00000   0.00000   0.00000
   0.00000   0.00000   0.00000   0.00000
   0.00000   0.00000   0.48461   0.00000
   1.00000   1.00000   1.00000   1.00000

   0.33250   1.00000   0.22227   0.23159
   1.00000   1.00000   1.00000   1.00000
   1.00000   1.00000   1.00000   1.00000
   1.00000   1.00000   1.00000   1.00000
   0.16562   0.86253   0.34526   0.17292
   1.00000   1.00000   1.00000   1.00000
   0.06947   0.09465   1.00000   0.04203
   1.00000   1.00000   1.00000   1.00000
   1.00000   0.90828   0.63615   0.89015
   1.00000   0.88449   0.57562   0.88923
   0.22112   1.00000   0.16025   0.14535
   1.00000   1.00000   1.00000   1.00000
   0.22238   0.67372   0.45941   0.25348
   0.26132   0.41303   0.69545   0.30451
   1.00000   1.00000   1.00000   1.00000
   1.00000   1.00000   1.00000   1.00000
   1.00000   1.00000   0.91628   1.00000
   0.66645   0.43316   0.49664   0.99299
   1.00000   1.00000   1.00000   1.00000
   1.00000   1.00000   1.00000   1.00000
   1.00000   1.00000   1.00000   1.00000
   1.00000   1.00000   1.00000   1.00000
   1.00000   1.00000   1.00000   1.00000
   1.00000   1.00000   1.00000   1.00000
   0.73220   0.42517   0.31158   0.85936
   0.12588   0.08084   0.10638   1.00000
   1.00000   0.25202   0.17740   0.31244
   0.48549   0.27600   0.35952   0.87408
   0.99599   0.76782   0.49820   0.96051
   1.00000   0.97097   0.84541   0.97630
   0.46182   0.33186   0.89182   0.38539
   1.00000   1.00000   1.00000   1.00000
