
       0      -0.073
    0    0    0    0    0    0    0    0
    0    0    0    0    0    0    0    0
    0    0    0    0    0    0    0    0
    0    0    0    0    0    0    0    0


   0.00000E+00   0.00000E+00   0.00000E+00   0.00000E+00   0.11967E+02   0.00000E+00   0.00000E+00   0.00000E+00
   0.00000E+00   0.14111E-01   0.22437E-01   0.13135E+00   0.00000E+00   0.61475E-02   0.00000E+00   0.00000E+00
   0.00000E+00   0.11432E-01   0.25433E-01   0.60647E-02   0.75847E-01   0.84033E-03   0.12910E-01   0.10211E-02
   0.24686E+00   0.00000E+00   0.10472E+00   0.15619E+00   0.00000E+00   0.00000E+00   0.00000E+00   0.43219E-01
   0.00000E+00   0.10919E+02   0.00000E+00   0.00000E+00   0.00000E+00   0.00000E+00   0.00000E+00   0.00000E+00
   0.00000E+00   0.00000E+00   0.16489E-02   0.22193E-02   0.00000E+00   0.40975E-03   0.00000E+00   0.96041E-03
   0.16251E+03   0.00000E+00   0.00000E+00   0.00000E+00   0.00000E+00   0.00000E+00   0.00000E+00   0.00000E+00
   0.00000E+00   0.93530E-04   0.11683E-04   0.40910E-03   0.28856E-02   0.15252E-11   0.00000E+00   0.00000E+00
   0.17246E-03   0.20169E-01   0.82900E-02   0.14690E-02   0.00000E+00   0.00000E+00   0.47102E-01   0.00000E+00
   0.00000E+00   0.66224E-02   0.00000E+00   0.26737E-01   0.62188E-02   0.47643E-01   0.76106E-03   0.00000E+00
   0.00000E+00   0.00000E+00   0.00000E+00   0.00000E+00   0.95366E+01   0.00000E+00   0.00000E+00   0.00000E+00
   0.00000E+00   0.14465E-04   0.62489E-03   0.40169E-03   0.18574E-02   0.43886E-05   0.26352E-04   0.81624E-05
   0.00000E+00   0.00000E+00   0.00000E+00   0.00000E+00   0.37889E+01   0.00000E+00   0.00000E+00   0.49581E+01
   0.00000E+00   0.00000E+00   0.00000E+00   0.00000E+00   0.00000E+00   0.00000E+00   0.00000E+00   0.18784E+02
   0.00000E+00   0.15686E-01   0.15596E-01   0.26076E-01   0.13891E+00   0.00000E+00   0.00000E+00   0.00000E+00
   0.00000E+00   0.17654E-02   0.97529E-03   0.68353E-03   0.00000E+00   0.00000E+00   0.00000E+00   0.00000E+00
   0.00000E+00   0.13813E-01   0.13542E-01   0.22669E-04   0.00000E+00   0.10600E-02   0.00000E+00   0.00000E+00
   0.00000E+00   0.00000E+00   0.55842E-01   0.71773E-01   0.00000E+00   0.10403E-01   0.00000E+00   0.25497E-01
   0.00000E+00   0.00000E+00   0.98007E-03   0.23215E-02   0.19917E-01   0.00000E+00   0.00000E+00   0.25971E-02
   0.56685E-03   0.00000E+00   0.52104E-02   0.23804E-02   0.00000E+00   0.90675E-03   0.43477E-03   0.10029E-02
   0.00000E+00   0.00000E+00   0.80763E-03   0.59810E-02   0.14708E-02   0.56013E-03   0.41735E-02   0.21137E-02
   0.58536E-03   0.23894E-01   0.14818E-01   0.15647E-01   0.00000E+00   0.66304E-03   0.00000E+00   0.96542E-01
   0.00000E+00   0.36117E-01   0.00000E+00   0.00000E+00   0.36573E+00   0.22808E-03   0.39896E-01   0.00000E+00
   0.00000E+00   0.00000E+00   0.37584E-02   0.36187E-02   0.32722E-01   0.10042E-02   0.00000E+00   0.47567E-03
   0.00000E+00   0.00000E+00   0.00000E+00   0.00000E+00   0.00000E+00   0.37217E+00   0.00000E+00   0.00000E+00
   0.00000E+00   0.00000E+00   0.12881E+02   0.00000E+00   0.00000E+00   0.00000E+00   0.00000E+00   0.00000E+00
   0.00000E+00   0.00000E+00   0.00000E+00   0.00000E+00   0.00000E+00   0.00000E+00   0.97000E+02   0.00000E+00
   0.00000E+00   0.00000E+00   0.00000E+00   0.74653E+02   0.00000E+00   0.00000E+00   0.00000E+00   0.00000E+00
   0.00000E+00   0.00000E+00   0.49897E+01   0.70662E+01   0.23838E+01   0.00000E+00   0.35838E+01   0.00000E+00
   0.00000E+00   0.20280E+01   0.00000E+00   0.27789E+01   0.00000E+00   0.00000E+00   0.53601E+01   0.00000E+00
   0.00000E+00   0.00000E+00   0.00000E+00   0.00000E+00   0.00000E+00   0.00000E+00   0.00000E+00   0.92788E+02
   0.00000E+00   0.15643E+01   0.00000E+00   0.30457E+00   0.25399E+02   0.00000E+00   0.29240E+01   0.00000E+00
   0.30126E+03   0.44307E+02   0.16024E+02   0.10107E+03   0.11787E+03   0.48949E+01   0.13777E+03   0.19281E+03
   0.10000E+01   0.10000E+01   0.10000E+01   0.10000E+01   0.10000E+01   0.10000E+01   0.10000E+01   0.10000E+01

   0.22368E+01   0.10021E+02   0.30368E+01   0.38762E+01   0.23863E+02   0.13275E+01   0.42015E+01   0.43929E+01
   0.00000E+00   0.94782E-01   0.90288E-01   0.23887E+00   0.18957E-01   0.22531E-01   0.48070E-01   0.53471E-01
   0.67571E-02   0.69962E-01   0.42432E-01   0.26643E-01   0.13768E+00   0.67404E-02   0.38842E-01   0.25139E-01
   0.30678E+00   0.00000E+00   0.18592E+00   0.29630E+00   0.23601E-01   0.77095E-02   0.19211E-01   0.13337E+00
   0.24969E+01   0.30372E+02   0.36994E+01   0.40893E+01   0.14094E+02   0.27066E+01   0.33312E+01   0.12340E+02
   0.00000E+00   0.00000E+00   0.28585E-02   0.38958E-02   0.00000E+00   0.76724E-03   0.00000E+00   0.19118E-02
   0.20673E+03   0.23725E+02   0.69069E+01   0.11931E+02   0.10834E+02   0.33358E+01   0.11227E+02   0.36329E+02
   0.47399E-03   0.52626E-02   0.87889E-03   0.15150E-02   0.74826E-02   0.29639E-03   0.55267E-03   0.86826E-03
   0.13418E-01   0.44963E-01   0.28863E-01   0.12564E-01   0.25464E-01   0.35327E-02   0.77779E-01   0.10981E-01
   0.28225E-02   0.24756E-01   0.12063E-01   0.63685E-01   0.27122E-01   0.95367E-01   0.23085E-01   0.51761E-02
   0.11089E+01   0.61219E+01   0.13338E+01   0.20159E+01   0.16749E+02   0.61932E+00   0.23501E+01   0.24893E+01
   0.25055E-03   0.25280E-02   0.16421E-02   0.12208E-02   0.42071E-02   0.21461E-03   0.93150E-03   0.94883E-03
   0.16339E+01   0.50996E+01   0.19726E+01   0.34937E+01   0.95615E+01   0.52657E+00   0.23249E+01   0.10347E+02
   0.54287E+01   0.14767E+02   0.57074E+01   0.69381E+01   0.10543E+02   0.14892E+01   0.45446E+01   0.35553E+02
   0.66500E-02   0.12664E+00   0.38512E-01   0.76281E-01   0.25270E+00   0.57825E-02   0.27306E-01   0.42059E-01
   0.22177E-03   0.34534E-02   0.17348E-02   0.16491E-02   0.12066E-02   0.10604E-04   0.56235E-04   0.10666E-02
   0.00000E+00   0.34714E-01   0.19121E-01   0.46617E-02   0.21316E-01   0.49871E-02   0.47901E-02   0.37905E-02
   0.00000E+00   0.00000E+00   0.94215E-01   0.12909E+00   0.14146E-02   0.20925E-01   0.00000E+00   0.55848E-01
   0.21590E-02   0.12648E-01   0.41126E-02   0.81090E-02   0.33401E-01   0.12282E-02   0.37217E-02   0.88419E-02
   0.14823E-02   0.40864E-04   0.73563E-02   0.52005E-02   0.12398E-03   0.17836E-02   0.18782E-02   0.22417E-02
   0.22746E-05   0.18687E-02   0.47588E-02   0.12144E-01   0.36205E-02   0.14024E-02   0.86883E-02   0.52693E-02
   0.28756E-01   0.96156E-01   0.41649E-01   0.53679E-01   0.36583E-01   0.81089E-02   0.11386E-01   0.16540E+00
   0.30937E-01   0.34273E+00   0.00000E+00   0.45593E-01   0.67705E+00   0.27680E-01   0.11654E+00   0.82999E-01
   0.18155E-02   0.11960E-01   0.83930E-02   0.11712E-01   0.46520E-01   0.33199E-02   0.31584E-02   0.78993E-02
   0.61602E-01   0.15808E+00   0.16147E+00   0.16962E+00   0.11631E+00   0.68902E+00   0.17860E+00   0.11259E+00
   0.98594E+00   0.21828E+01   0.16273E+02   0.17750E+01   0.63096E+00   0.45727E+00   0.16489E+01   0.14469E+01
   0.20380E+02   0.52850E+02   0.37264E+02   0.22404E+02   0.24078E+02   0.12112E+02   0.16041E+03   0.27600E+02
   0.25961E+02   0.38881E+02   0.39784E+02   0.14971E+03   0.18618E+02   0.52965E+01   0.39515E+02   0.33761E+02
   0.90806E+00   0.43095E+01   0.10347E+02   0.13587E+02   0.76979E+01   0.19028E+00   0.84118E+01   0.10842E+00
   0.12310E+01   0.54561E+01   0.24086E+01   0.61303E+01   0.17707E+01   0.21292E+00   0.95936E+01   0.30627E-01
   0.44108E+02   0.52063E+02   0.26058E+02   0.29332E+02   0.28617E+02   0.11362E+02   0.37429E+02   0.18563E+03
   0.29591E+01   0.20211E+02   0.23422E+01   0.60688E+01   0.44653E+02   0.12955E+01   0.89802E+01   0.58561E+01
   0.38002E+03   0.20635E+03   0.11354E+03   0.23514E+03   0.25727E+03   0.23903E+02   0.26165E+03   0.33611E+03
   0.10000E+01   0.10000E+01   0.10000E+01   0.10000E+01   0.10000E+01   0.10000E+01   0.10000E+01   0.10000E+01

   0.00000   0.00000   0.00000   0.00000   0.54099   0.00000   0.00000   0.00000
   0.00000   0.04536   0.07277   0.42471   0.00000   0.01982   0.00000   0.00000
   0.00000   0.05377   0.11961   0.02853   0.35596   0.00395   0.06045   0.00480
   0.34809   0.00000   0.14550   0.22204   0.00000   0.00000   0.00000   0.06050
   0.00000   0.37467   0.00000   0.00000   0.00000   0.00000   0.00000   0.00000
   0.00000   0.00000   0.23600   0.32436   0.00000   0.05744   0.00000   0.13438
   0.78041   0.00000   0.00000   0.00000   0.00000   0.00000   0.00000   0.00000
   0.00000   0.01049   0.00154   0.04709   0.32352   0.00000   0.00000   0.00000
   0.00136   0.15951   0.06555   0.01161   0.00000   0.00000   0.37222   0.00000
   0.00000   0.04470   0.00000   0.17750   0.04129   0.32246   0.00502   0.00000
   0.00000   0.00000   0.00000   0.00000   0.59982   0.00000   0.00000   0.00000
   0.00000   0.00231   0.09018   0.06204   0.28845   0.00068   0.00407   0.00126
   0.00000   0.00000   0.00000   0.00000   0.21934   0.00000   0.00000   0.28859
   0.00000   0.00000   0.00000   0.00000   0.00000   0.00000   0.00000   0.49708
   0.00000   0.04702   0.04626   0.07847   0.41492   0.00000   0.00000   0.00000
   0.00000   0.32749   0.17126   0.12325   0.00000   0.00000   0.00000   0.00000
   0.00000   0.25929   0.25381   0.00043   0.00000   0.01994   0.00000   0.00000
   0.00000   0.00000   0.24909   0.33292   0.00000   0.04629   0.00000   0.11326
   0.00000   0.00000   0.02384   0.05704   0.48782   0.00000   0.00000   0.06371
   0.03925   0.00000   0.36033   0.16548   0.00000   0.06287   0.03011   0.06935
   0.00000   0.00000   0.03363   0.25469   0.06263   0.02381   0.17768   0.09103
   0.00229   0.09338   0.05776   0.06113   0.00000   0.00259   0.00000   0.37661
   0.00000   0.04689   0.00000   0.00000   0.47583   0.00030   0.05212   0.00000
   0.00000   0.00000   0.06508   0.06338   0.57166   0.01752   0.00000   0.00826
   0.00000   0.00000   0.00000   0.00000   0.00000   0.61490   0.00000   0.00000
   0.00000   0.00000   0.79487   0.00000   0.00000   0.00000   0.00000   0.00000
   0.00000   0.00000   0.00000   0.00000   0.00000   0.00000   0.60789   0.00000
   0.00000   0.00000   0.00000   0.54872   0.00000   0.00000   0.00000   0.00000
   0.00000   0.00000   0.16975   0.24312   0.08140   0.00000   0.12270   0.00000
   0.00000   0.11627   0.00000   0.16365   0.00000   0.00000   0.32807   0.00000
   0.00000   0.00000   0.00000   0.00000   0.00000   0.00000   0.00000   0.53461
   0.00000   0.03099   0.00000   0.00605   0.50170   0.00000   0.05791   0.00000
   0.23982   0.03529   0.01276   0.08060   0.09385   0.00390   0.10971   0.15350
   1.00000   1.00000   1.00000   1.00000   1.00000   1.00000   1.00000   1.00000

   0.09854   0.44336   0.13494   0.17117   0.99915   0.05880   0.18494   0.19263
   0.00000   0.30302   0.28849   0.76270   0.06094   0.07200   0.15477   0.17118
   0.03178   0.32871   0.19946   0.12520   0.64738   0.03169   0.18271   0.11827
   0.43053   0.00000   0.25868   0.41167   0.03316   0.01075   0.02730   0.18565
   0.08494   0.99891   0.12579   0.13922   0.47812   0.09215   0.11329   0.41885
   0.00000   0.00000   0.40093   0.54426   0.00000   0.10898   0.00000   0.26799
   0.96186   0.11222   0.03252   0.05642   0.05122   0.01577   0.05292   0.17175
   0.05445   0.59001   0.10162   0.17397   0.83956   0.03406   0.06403   0.10050
   0.10604   0.35584   0.22836   0.09926   0.20138   0.02792   0.61443   0.08678
   0.01911   0.16653   0.08132   0.42705   0.18256   0.63313   0.15539   0.03495
   0.06892   0.38090   0.08299   0.12531   1.00000   0.03856   0.14616   0.15446
   0.03865   0.39257   0.24623   0.18821   0.65741   0.03304   0.14344   0.14646
   0.09384   0.29313   0.11332   0.20059   0.54368   0.03027   0.13355   0.58823
   0.14114   0.38242   0.14820   0.18057   0.27380   0.03877   0.11788   0.90750
   0.01997   0.37871   0.11538   0.22733   0.75755   0.01732   0.08201   0.12619
   0.03989   0.61417   0.35469   0.29441   0.22384   0.00191   0.01021   0.17255
   0.00000   0.65315   0.35835   0.08746   0.40014   0.09379   0.08912   0.07165
   0.00000   0.00000   0.41900   0.57266   0.00648   0.09293   0.00000   0.24858
   0.05277   0.30995   0.10097   0.19817   0.81486   0.03012   0.09150   0.21772
   0.10253   0.00285   0.50942   0.35697   0.00862   0.12306   0.13061   0.15481
   0.00010   0.07901   0.20179   0.52291   0.15363   0.05969   0.36926   0.22370
   0.11191   0.37422   0.16223   0.20885   0.14268   0.03164   0.04456   0.64290
   0.04022   0.44456   0.00000   0.05951   0.87889   0.03593   0.15283   0.10789
   0.03163   0.20895   0.14710   0.20335   0.80647   0.05777   0.05555   0.13770
   0.09696   0.24666   0.25523   0.26883   0.18190   1.00000   0.27834   0.17688
   0.06077   0.13461   1.00000   0.10946   0.03891   0.02819   0.10161   0.08921
   0.12767   0.33114   0.23350   0.14047   0.15092   0.07591   1.00000   0.17298
   0.18562   0.27728   0.28572   1.00000   0.13451   0.03824   0.28374   0.24206
   0.03117   0.14715   0.35131   0.45739   0.26157   0.00647   0.28742   0.00372
   0.07541   0.32488   0.14113   0.35803   0.10152   0.01249   0.57010   0.00179
   0.25120   0.29218   0.14725   0.16699   0.16100   0.06440   0.20808   0.99827
   0.05853   0.40018   0.04630   0.12007   0.88458   0.02565   0.17863   0.11594
   0.30270   0.16438   0.09044   0.18721   0.20489   0.01904   0.20855   0.26764
   1.00000   1.00000   1.00000   1.00000   1.00000   1.00000   1.00000   1.00000
