
       0      -0.073
    0    0    0    0    0    0    0    0
    0    0    0    0    0    0    0    0
    0    0    0    0    0    0    0    0
    0    0    0    0    0    0    0    0


   0.00000E+00   0.00000E+00   0.00000E+00   0.00000E+00   0.99206E+01   0.00000E+00   0.00000E+00   0.00000E+00
   0.00000E+00   0.63226E-02   0.20890E-01   0.11593E+00   0.00000E+00   0.47104E-02   0.00000E+00   0.00000E+00
   0.00000E+00   0.10676E-01   0.25371E-01   0.43866E-02   0.66034E-01   0.81795E-03   0.11905E-01   0.17667E-03
   0.23889E+00   0.00000E+00   0.10098E+00   0.13502E+00   0.00000E+00   0.00000E+00   0.00000E+00   0.29609E-01
   0.00000E+00   0.86242E+01  -0.51030E-16   0.00000E+00   0.00000E+00   0.00000E+00   0.00000E+00   0.00000E+00
   0.00000E+00   0.00000E+00   0.16002E-02   0.19349E-02   0.00000E+00   0.35681E-03   0.00000E+00   0.86553E-03
   0.15691E+03   0.00000E+00   0.00000E+00   0.00000E+00   0.00000E+00   0.00000E+00   0.00000E+00   0.00000E+00
   0.00000E+00   0.93530E-04   0.11683E-04   0.35674E-03   0.28856E-02   0.15252E-11   0.00000E+00   0.00000E+00
   0.00000E+00   0.18660E-01   0.78216E-02   0.10442E-02   0.00000E+00   0.00000E+00   0.42238E-01   0.00000E+00
   0.00000E+00   0.58158E-02  -0.33402E-18   0.22507E-01   0.18028E-02   0.45664E-01   0.00000E+00   0.00000E+00
   0.00000E+00   0.00000E+00   0.00000E+00   0.00000E+00   0.81559E+01   0.00000E+00   0.00000E+00  -0.33537E-16
  -0.17673E-19   0.14465E-04   0.35255E-03   0.41454E-04   0.18574E-02   0.38656E-05   0.26352E-04   0.81624E-05
   0.00000E+00   0.00000E+00   0.00000E+00   0.00000E+00   0.30459E+01   0.00000E+00   0.00000E+00   0.43334E+01
   0.00000E+00   0.00000E+00   0.00000E+00   0.00000E+00   0.00000E+00   0.00000E+00   0.00000E+00   0.16641E+02
   0.00000E+00   0.99322E-02   0.13914E-01   0.22381E-01   0.12026E+00   0.00000E+00   0.00000E+00   0.00000E+00
   0.00000E+00   0.96135E-03   0.10205E-06   0.61318E-03   0.00000E+00   0.00000E+00   0.00000E+00   0.00000E+00
   0.00000E+00   0.10899E-01   0.12599E-01   0.00000E+00   0.00000E+00   0.10600E-02   0.00000E+00   0.00000E+00
   0.00000E+00   0.00000E+00   0.52837E-01   0.62976E-01   0.00000E+00   0.89459E-02   0.00000E+00   0.23030E-01
   0.00000E+00  -0.16023E-24   0.93180E-03   0.19523E-02   0.17085E-01   0.00000E+00   0.00000E+00   0.23093E-02
   0.46833E-03   0.00000E+00   0.50402E-02   0.19490E-02   0.00000E+00   0.81949E-03   0.43477E-03   0.87357E-03
   0.00000E+00   0.00000E+00   0.76842E-03   0.51754E-02   0.92370E-03   0.47071E-03   0.36478E-02   0.20026E-02
   0.00000E+00   0.17639E-01   0.13914E-01   0.13958E-01   0.00000E+00   0.51910E-03   0.00000E+00   0.88897E-01
   0.00000E+00   0.23833E-01   0.00000E+00   0.00000E+00   0.30445E+00   0.00000E+00   0.25365E-01   0.00000E+00
   0.00000E+00   0.00000E+00   0.35027E-02   0.31073E-02   0.28055E-01   0.92561E-03   0.00000E+00   0.21554E-03
   0.00000E+00   0.00000E+00   0.00000E+00   0.00000E+00   0.00000E+00   0.32905E+00   0.00000E+00   0.00000E+00
   0.00000E+00   0.00000E+00   0.12400E+02   0.00000E+00  -0.45654E-22   0.00000E+00   0.00000E+00   0.00000E+00
   0.00000E+00   0.00000E+00  -0.31598E-14   0.00000E+00  -0.28392E-14  -0.65548E-15   0.90390E+02  -0.15747E-17
  -0.12101E-14   0.00000E+00   0.00000E+00   0.64456E+02  -0.95930E-15   0.00000E+00  -0.27687E-15   0.00000E+00
   0.00000E+00   0.00000E+00   0.46815E+01   0.60024E+01   0.19999E+01   0.00000E+00   0.32357E+01   0.00000E+00
   0.00000E+00   0.43336E+00   0.00000E+00   0.23660E+01   0.00000E+00  -0.14590E-16   0.47600E+01   0.00000E+00
   0.00000E+00   0.00000E+00   0.00000E+00   0.00000E+00  -0.69999E-15   0.00000E+00   0.00000E+00   0.78045E+02
   0.00000E+00   0.91290E+00   0.00000E+00   0.27775E+00   0.22029E+02  -0.13325E-16   0.23871E+01   0.00000E+00
   0.29265E+03   0.44307E+02   0.11535E+02   0.86812E+02   0.10129E+03   0.42736E+01   0.12669E+03   0.17286E+03
   0.10000E+01   0.10000E+01   0.10000E+01   0.10000E+01   0.10000E+01   0.10000E+01   0.10000E+01   0.10000E+01

   0.28403E+01   0.12181E+02   0.40523E+01   0.47007E+01   0.24661E+02   0.18789E+01   0.56359E+01   0.51145E+01
   0.00000E+00   0.10790E+00   0.10808E+00   0.24733E+00   0.23000E-01   0.28305E-01   0.60509E-01   0.62710E-01
   0.77139E-02   0.79464E-01   0.44717E-01   0.29547E-01   0.13980E+00   0.86746E-02   0.40850E-01   0.26215E-01
   0.31664E+00   0.12568E-01   0.21066E+00   0.30862E+00   0.33747E-01   0.10629E-01   0.33042E-01   0.15052E+00
   0.29449E+01   0.31053E+02   0.42508E+01   0.53264E+01   0.15547E+02   0.35648E+01   0.39292E+01   0.13823E+02
   0.00000E+00   0.00000E+00   0.31904E-02   0.40391E-02   0.00000E+00   0.85260E-03   0.00000E+00   0.21006E-02
   0.21150E+03   0.34058E+02   0.73949E+01   0.16053E+02   0.13999E+02   0.46597E+01   0.12033E+02   0.43208E+02
   0.49122E-03   0.52626E-02   0.94257E-03   0.17323E-02   0.75157E-02   0.41593E-03   0.64960E-03   0.92784E-03
   0.14731E-01   0.56934E-01   0.29962E-01   0.15382E-01   0.27084E-01   0.56449E-02   0.79760E-01   0.12501E-01
   0.32702E-02   0.28070E-01   0.14421E-01   0.69757E-01   0.29414E-01   0.10051E+00   0.25781E-01   0.60229E-02
   0.12762E+01   0.75496E+01   0.16069E+01   0.23926E+01   0.17098E+02   0.83539E+00   0.27021E+01   0.27862E+01
   0.25055E-03   0.25280E-02   0.21806E-02   0.13416E-02   0.42300E-02   0.27914E-03   0.11271E-02   0.94883E-03
   0.19608E+01   0.62010E+01   0.25765E+01   0.42487E+01   0.10151E+02   0.71531E+00   0.28492E+01   0.11130E+02
   0.65971E+01   0.16932E+02   0.72226E+01   0.91098E+01   0.12131E+02   0.20808E+01   0.64478E+01   0.37712E+02
   0.81645E-02   0.14434E+00   0.40345E-01   0.83614E-01   0.25679E+00   0.80102E-02   0.28437E-01   0.43751E-01
   0.26366E-03   0.34534E-02   0.18536E-02   0.25025E-02   0.16646E-02   0.44219E-04   0.19938E-03   0.11096E-02
   0.00000E+00   0.34714E-01   0.19686E-01   0.60035E-02   0.22539E-01   0.62869E-02   0.57830E-02   0.48595E-02
   0.84631E-03   0.00000E+00   0.10564E+00   0.13308E+00   0.54821E-02   0.24088E-01   0.68874E-03   0.61915E-01
   0.24476E-02   0.15691E-01   0.46052E-02   0.89970E-02   0.33716E-01   0.16650E-02   0.42825E-02   0.95062E-02
   0.16746E-02   0.16800E-03   0.79016E-02   0.54379E-02   0.42473E-03   0.22688E-02   0.21729E-02   0.25046E-02
   0.88906E-04   0.24904E-02   0.56242E-02   0.12617E-01   0.40854E-02   0.16828E-02   0.94919E-02   0.54643E-02
   0.32509E-01   0.10629E+00   0.47021E-01   0.62804E-01   0.39742E-01   0.10286E-01   0.14271E-01   0.17129E+00
   0.33014E-01   0.39851E+00   0.00000E+00   0.55670E-01   0.68771E+00   0.37005E-01   0.13281E+00   0.82999E-01
   0.20877E-02   0.16674E-01   0.89660E-02   0.13027E-01   0.46738E-01   0.43178E-02   0.39540E-02   0.86310E-02
   0.77851E-01   0.19146E+00   0.19909E+00   0.22114E+00   0.13885E+00   0.71816E+00   0.21386E+00   0.13914E+00
   0.11282E+01   0.26819E+01   0.16361E+02   0.24481E+01   0.95289E+00   0.60316E+00   0.17467E+01   0.17302E+01
   0.23268E+02   0.66048E+02   0.39500E+02   0.29176E+02   0.33068E+02   0.15377E+02   0.16096E+03   0.32436E+02
   0.31108E+02   0.46766E+02   0.52099E+02   0.15543E+03   0.25769E+02   0.69278E+01   0.52844E+02   0.42247E+02
   0.10966E+01   0.45460E+01   0.11604E+02   0.14098E+02   0.84428E+01   0.32719E+00   0.93057E+01   0.42285E+00
   0.12310E+01   0.63141E+01   0.26892E+01   0.65907E+01   0.38784E+01   0.21292E+00   0.10001E+02   0.16045E+00
   0.53995E+02   0.66554E+02   0.36036E+02   0.42036E+02   0.38334E+02   0.15470E+02   0.49233E+02   0.19374E+03
   0.32584E+01   0.23582E+02   0.28464E+01   0.70015E+01   0.45247E+02   0.17669E+01   0.96352E+01   0.63807E+01
   0.40007E+03   0.22825E+03   0.12510E+03   0.25533E+03   0.26350E+03   0.28542E+02   0.27215E+03   0.34338E+03
   0.10000E+01   0.10000E+01   0.10000E+01   0.10000E+01   0.10000E+01   0.10000E+01   0.10000E+01   0.10000E+01

   0.00000   0.00000   0.00000   0.00000   0.45108   0.00000   0.00000   0.00000
   0.00000   0.02026   0.06688   0.37505   0.00000   0.01518   0.00000   0.00000
   0.00000   0.05019   0.11931   0.02064   0.30977   0.00385   0.05596   0.00083
   0.33759   0.00000   0.13996   0.19199   0.00000   0.00000   0.00000   0.04078
   0.00000   0.29685  -0.00000   0.00000   0.00000   0.00000   0.00000   0.00000
   0.00000   0.00000   0.22857   0.28341   0.00000   0.04997   0.00000   0.12079
   0.75649   0.00000   0.00000   0.00000   0.00000   0.00000   0.00000   0.00000
   0.00000   0.01363   0.00324   0.04116   0.38815   0.00000   0.00000   0.00000
   0.00000   0.14753   0.06146   0.00826   0.00000   0.00000   0.33441   0.00000
   0.00000   0.03927  -0.00000   0.15040   0.01205   0.30838   0.00000   0.00000
   0.00000   0.00000   0.00000   0.00000   0.51463   0.00000   0.00000  -0.00000
  -0.00000   0.02689   0.05073   0.00625   0.32254   0.00058   0.02755   0.00521
   0.00000   0.00000   0.00000   0.00000   0.17689   0.00000   0.00000   0.25342
   0.00000   0.00000   0.00000   0.00000   0.00000   0.00000   0.00000   0.44261
   0.00000   0.02978   0.04118   0.06737   0.35986   0.00000   0.00000   0.00000
   0.00000   0.17599   0.00002   0.11085   0.00000   0.00000   0.00000   0.00000
   0.00000   0.20909   0.23581   0.00000   0.00000   0.02248   0.00000   0.00000
   0.00000   0.00000   0.23481   0.29278   0.00000   0.03978   0.00000   0.10203
   0.00000  -0.00000   0.02265   0.04799   0.41833   0.00000   0.00000   0.05666
   0.03191   0.00000   0.34996   0.13542   0.00000   0.05657   0.03544   0.06037
   0.00000   0.00000   0.03263   0.22044   0.03787   0.02002   0.15392   0.08484
   0.00000   0.06898   0.05411   0.05455   0.00000   0.00203   0.00000   0.34631
   0.00000   0.03095   0.00000   0.00000   0.39382   0.00000   0.03328   0.00000
   0.00000   0.00000   0.06056   0.05453   0.48858   0.01606   0.00000   0.00374
   0.00000   0.00000   0.00000   0.00000   0.00000   0.55365   0.00000   0.00000
   0.00000   0.00000   0.76472   0.00000  -0.00000   0.00000   0.00000   0.00000
   0.00000   0.00000  -0.00000   0.00000  -0.00000  -0.00000   0.56652  -0.00000
  -0.00000   0.00000   0.00000   0.47493  -0.00000   0.00000  -0.00000   0.00000
   0.00000   0.00000   0.15962   0.20663   0.06819   0.00000   0.11054   0.00000
   0.00000   0.02381   0.00000   0.13956   0.00000  -0.00000   0.29205   0.00000
   0.00000   0.00000   0.00000   0.00000  -0.00000   0.00000   0.00000   0.45010
   0.00000   0.01808   0.00000   0.00552   0.43507  -0.00000   0.04727   0.00000
   0.23299   0.03798   0.00918   0.06926   0.08066   0.00341   0.10088   0.13763
   1.00000   1.00000   1.00000   1.00000   1.00000   1.00000   1.00000   1.00000

   0.12416   0.53431   0.17842   0.20565   1.00000   0.08284   0.24535   0.22213
   0.00000   0.34418   0.34467   0.78648   0.07372   0.09040   0.19503   0.20063
   0.03628   0.37340   0.21022   0.13885   0.65727   0.04078   0.19229   0.12331
   0.44067   0.01775   0.29240   0.42750   0.04743   0.01484   0.04697   0.20929
   0.10005   1.00000   0.14421   0.18108   0.52485   0.12120   0.13339   0.46652
   0.00000   0.00000   0.44623   0.56235   0.00000   0.11917   0.00000   0.29408
   0.97511   0.16097   0.03468   0.07574   0.06612   0.02201   0.05657   0.20411
   0.05655   0.52954   0.10878   0.19901   0.86500   0.04786   0.07536   0.10702
   0.11635   0.45075   0.23696   0.12153   0.21412   0.04462   0.62994   0.09888
   0.02214   0.18943   0.09706   0.46733   0.19787   0.67166   0.17370   0.04064
   0.07916   0.46888   0.09984   0.14846   1.00000   0.05196   0.16772   0.17246
   0.03593   0.36076   0.31837   0.20673   0.64954   0.04309   0.16217   0.12591
   0.11245   0.35569   0.14768   0.24337   0.57141   0.04107   0.16333   0.62840
   0.17104   0.43532   0.18664   0.23610   0.31299   0.05406   0.16648   0.94813
   0.02452   0.43190   0.12085   0.24910   0.76996   0.02399   0.08544   0.13125
   0.04597   0.61027   0.32955   0.45006   0.30474   0.00793   0.03608   0.20230
   0.00000   0.64255   0.36871   0.11236   0.42302   0.11831   0.10710   0.09204
   0.00382   0.00000   0.46825   0.58849   0.02516   0.10671   0.00323   0.27527
   0.05988   0.38422   0.11305   0.21999   0.82267   0.04083   0.10535   0.23312
   0.11576   0.01168   0.54591   0.37177   0.02949   0.15623   0.15102   0.17287
   0.00380   0.10463   0.23821   0.53449   0.17317   0.07158   0.40320   0.23444
   0.12643   0.41333   0.18302   0.24418   0.15491   0.04014   0.05587   0.66551
   0.04293   0.51548   0.00000   0.07266   0.89313   0.04804   0.17426   0.10351
   0.03637   0.29085   0.15691   0.22621   0.81054   0.07513   0.06959   0.15050
   0.12132   0.29430   0.31082   0.34668   0.21393   1.00000   0.32750   0.21607
   0.06953   0.16531   1.00000   0.15093   0.05877   0.03718   0.10757   0.10666
   0.14573   0.41397   0.24756   0.18291   0.20732   0.09640   1.00000   0.20328
   0.22009   0.32896   0.37061   1.00000   0.18463   0.04984   0.37397   0.30006
   0.03764   0.15499   0.39316   0.47226   0.28649   0.01122   0.31820   0.01450
   0.07219   0.38740   0.15723   0.38393   0.21310   0.01229   0.59608   0.00944
   0.30639   0.36822   0.20102   0.23719   0.21186   0.08716   0.26892   1.00000
   0.06444   0.46701   0.05625   0.13856   0.89616   0.03499   0.19187   0.12635
   0.31874   0.18183   0.09964   0.20327   0.20981   0.02273   0.21696   0.27344
   1.00000   1.00000   1.00000   1.00000   1.00000   1.00000   1.00000   1.00000
