
       0      -0.073
    0    0    0    0    0    0    0    0
    0    0    0    0    0    0    0    0
    0    0    0    0    0    0    0    0
    0    0    0    0    0    0    0    0


   0.00000E+00   0.00000E+00   0.00000E+00   0.00000E+00   0.75904E+01  -0.44234E-18   0.00000E+00   0.00000E+00
   0.00000E+00   0.16437E-02   0.12691E-01   0.98927E-01   0.00000E+00   0.23615E-02   0.00000E+00   0.00000E+00
   0.00000E+00   0.85901E-02   0.24338E-01   0.29186E-02   0.53544E-01   0.76610E-04   0.10157E-01   0.10392E-04
   0.23889E+00   0.00000E+00   0.94167E-01   0.11219E+00   0.00000E+00   0.00000E+00   0.00000E+00   0.28940E-01
   0.00000E+00   0.65748E+01  -0.51030E-16   0.00000E+00   0.00000E+00   0.00000E+00  -0.60436E-17   0.00000E+00
   0.00000E+00   0.00000E+00   0.15110E-02   0.16188E-02   0.00000E+00   0.30139E-03   0.00000E+00   0.73129E-03
   0.14886E+03   0.00000E+00   0.00000E+00   0.00000E+00   0.00000E+00   0.00000E+00   0.00000E+00   0.00000E+00
   0.00000E+00   0.54810E-04   0.11683E-04   0.30224E-03   0.28856E-02   0.15252E-11   0.00000E+00  -0.46236E-20
   0.00000E+00   0.16557E-01   0.70815E-02   0.00000E+00   0.00000E+00   0.00000E+00   0.34815E-01   0.00000E+00
   0.00000E+00   0.50580E-02  -0.33402E-18   0.18354E-01   0.00000E+00   0.42229E-01   0.00000E+00   0.00000E+00
   0.00000E+00   0.00000E+00   0.00000E+00   0.00000E+00   0.64627E+01   0.00000E+00   0.00000E+00  -0.33537E-16
  -0.17673E-19   0.14465E-04   0.35255E-03   0.41454E-04   0.18025E-02   0.17851E-05   0.26352E-04   0.19978E-05
   0.00000E+00  -0.10765E-15   0.00000E+00   0.00000E+00   0.22347E+01   0.00000E+00   0.00000E+00   0.35922E+01
  -0.24532E-16   0.00000E+00   0.00000E+00   0.00000E+00   0.00000E+00  -0.40502E-16   0.00000E+00   0.13982E+02
   0.00000E+00   0.61690E-02   0.13657E-01   0.18649E-01   0.97861E-01   0.00000E+00   0.00000E+00   0.00000E+00
  -0.25671E-19   0.30331E-03   0.10205E-06   0.40812E-03   0.00000E+00   0.00000E+00   0.00000E+00   0.00000E+00
   0.00000E+00   0.95950E-02   0.11511E-01   0.00000E+00   0.00000E+00   0.10600E-02   0.00000E+00   0.00000E+00
   0.00000E+00   0.00000E+00   0.48222E-01   0.53312E-01   0.00000E+00   0.74150E-02   0.00000E+00   0.19391E-01
  -0.22292E-19  -0.16023E-24   0.78131E-03   0.15778E-02   0.13962E-01   0.00000E+00   0.00000E+00   0.19632E-02
   0.46833E-03   0.00000E+00   0.46397E-02   0.15778E-02   0.00000E+00   0.71551E-03   0.36950E-03   0.61596E-03
   0.00000E+00   0.00000E+00   0.70247E-03   0.43476E-02   0.64080E-03   0.43385E-03   0.33549E-02   0.17027E-02
   0.00000E+00   0.12135E-01   0.13338E-01   0.12192E-01   0.00000E+00   0.30196E-03   0.00000E+00   0.77544E-01
   0.00000E+00   0.10853E-01   0.00000E+00   0.00000E+00   0.24821E+00   0.00000E+00   0.15009E-01   0.00000E+00
   0.00000E+00   0.00000E+00   0.34357E-02   0.25599E-02   0.23095E-01   0.83570E-03  -0.43792E-19   0.66671E-04
   0.00000E+00   0.00000E+00   0.00000E+00   0.00000E+00   0.00000E+00   0.28352E+00   0.00000E+00   0.00000E+00
  -0.15606E-26   0.00000E+00   0.11569E+02  -0.23626E-32  -0.45654E-22   0.00000E+00  -0.12837E-15   0.00000E+00
   0.00000E+00  -0.24099E-18  -0.31598E-14   0.00000E+00  -0.28392E-14  -0.65548E-15   0.80265E+02  -0.15747E-17
  -0.12101E-14   0.00000E+00   0.00000E+00   0.53707E+02  -0.95930E-15   0.00000E+00  -0.27687E-15   0.00000E+00
   0.00000E+00   0.00000E+00   0.42313E+01   0.48723E+01   0.17306E+01   0.00000E+00   0.27796E+01   0.00000E+00
   0.00000E+00   0.43336E+00   0.00000E+00   0.19495E+01   0.00000E+00  -0.14590E-16   0.41588E+01   0.00000E+00
   0.00000E+00   0.00000E+00   0.00000E+00   0.00000E+00  -0.69999E-15  -0.53290E-15  -0.16815E-14   0.59744E+02
   0.00000E+00   0.46240E+00   0.00000E+00   0.16042E+00   0.17925E+02  -0.13325E-16   0.19837E+01   0.00000E+00
   0.27898E+03   0.43928E+02   0.11535E+02   0.72080E+02   0.89684E+02   0.38667E+01   0.10981E+03   0.15015E+03
   0.10000E+01   0.10000E+01   0.10000E+01   0.10000E+01   0.10000E+01   0.10000E+01   0.10000E+01   0.10000E+01

   0.36386E+01   0.14528E+02   0.51857E+01   0.57207E+01   0.25537E+02   0.27441E+01   0.71375E+01   0.60337E+01
   0.00000E+00   0.11927E+00   0.12550E+00   0.25620E+00   0.41262E-01   0.42876E-01   0.71120E-01   0.72368E-01
   0.88893E-02   0.89698E-01   0.47107E-01   0.33543E-01   0.14065E+00   0.11301E-01   0.43102E-01   0.30021E-01
   0.33675E+00   0.43730E-01   0.23335E+00   0.32316E+00   0.49234E-01   0.17346E-01   0.44684E-01   0.17410E+00
   0.35644E+01   0.31875E+02   0.48603E+01   0.68445E+01   0.17189E+02   0.49412E+01   0.46326E+01   0.15335E+02
   0.00000E+00   0.00000E+00   0.34807E-02   0.42002E-02   0.39557E-04   0.10874E-02   0.00000E+00   0.23206E-02
   0.21715E+03   0.44305E+02   0.79900E+01   0.19582E+02   0.18261E+02   0.73983E+01   0.13020E+02   0.52918E+02
   0.52178E-03   0.52626E-02   0.10549E-02   0.19272E-02   0.75411E-02   0.57956E-03   0.89650E-03   0.11077E-02
   0.16290E-01   0.72247E-01   0.31417E-01   0.20387E-01   0.29011E-01   0.10624E-01   0.81016E-01   0.13882E-01
   0.36152E-02   0.29131E-01   0.16623E-01   0.76430E-01   0.31818E-01   0.10123E+00   0.27502E-01   0.79619E-02
   0.14855E+01   0.91688E+01   0.19432E+01   0.28888E+01   0.17535E+02   0.11737E+01   0.31230E+01   0.31752E+01
   0.25055E-03   0.26461E-02   0.21806E-02   0.14747E-02   0.42300E-02   0.34624E-03   0.11271E-02   0.97301E-03
   0.23773E+01   0.74420E+01   0.32605E+01   0.51339E+01   0.10788E+02   0.10233E+01   0.34082E+01   0.12116E+02
   0.81403E+01   0.19501E+02   0.89370E+01   0.11752E+02   0.13786E+02   0.30344E+01   0.88006E+01   0.40331E+02
   0.98542E-02   0.16350E+00   0.42881E-01   0.93105E-01   0.25763E+00   0.11901E-01   0.32023E-01   0.51339E-01
   0.26366E-03   0.37709E-02   0.19869E-02   0.25025E-02   0.17343E-02   0.10865E-03   0.24582E-03   0.11096E-02
   0.00000E+00   0.34714E-01   0.20099E-01   0.68128E-02   0.23839E-01   0.89507E-02   0.61979E-02   0.58260E-02
   0.30467E-02   0.00000E+00   0.11572E+00   0.13762E+00   0.13484E-01   0.31281E-01   0.39960E-02   0.68916E-01
   0.28344E-02   0.19579E-01   0.49070E-02   0.10144E-01   0.34020E-01   0.23916E-02   0.48251E-02   0.10443E-01
   0.19026E-02   0.28978E-03   0.89881E-02   0.57023E-02   0.10582E-02   0.29839E-02   0.23919E-02   0.28352E-02
   0.31130E-03   0.36179E-02   0.65638E-02   0.13247E-01   0.47383E-02   0.22926E-02   0.99024E-02   0.62583E-02
   0.36882E-01   0.11580E+00   0.51887E-01   0.73789E-01   0.43134E-01   0.14304E-01   0.18453E-01   0.17869E+00
   0.37203E-01   0.45395E+00   0.00000E+00   0.70728E-01   0.69182E+00   0.52966E-01   0.14250E+00   0.82999E-01
   0.24338E-02   0.21984E-01   0.96102E-02   0.14662E-01   0.47039E-01   0.60598E-02   0.47408E-02   0.96799E-02
   0.98974E-01   0.23252E+00   0.23953E+00   0.27863E+00   0.16579E+00   0.75494E+00   0.25303E+00   0.17233E+00
   0.12976E+01   0.34107E+01   0.16462E+02   0.33648E+01   0.16887E+01   0.84792E+00   0.18775E+01   0.21608E+01
   0.26032E+02   0.76509E+02   0.42354E+02   0.37045E+02   0.45154E+02   0.21243E+02   0.16159E+03   0.38869E+02
   0.37389E+02   0.55707E+02   0.65992E+02   0.16213E+03   0.35497E+02   0.94200E+01   0.66712E+02   0.52049E+02
   0.12880E+01   0.48223E+01   0.12794E+02   0.14685E+02   0.84428E+01   0.61600E+00   0.99376E+01   0.97693E+00
   0.13421E+01   0.71198E+01   0.31079E+01   0.71303E+01   0.45129E+01   0.21292E+00   0.10353E+02   0.31347E+00
   0.66145E+02   0.84797E+02   0.47083E+02   0.57416E+02   0.49120E+02   0.21410E+02   0.63121E+02   0.20316E+03
   0.37008E+01   0.27209E+02   0.34467E+01   0.82087E+01   0.45856E+02   0.25848E+01   0.10349E+02   0.73089E+01
   0.42807E+03   0.24907E+03   0.13004E+03   0.27398E+03   0.26777E+03   0.36342E+02   0.27512E+03   0.35271E+03
   0.10000E+01   0.10000E+01   0.10000E+01   0.10000E+01   0.10000E+01   0.10000E+01   0.10000E+01   0.10000E+01

   0.00000   0.00000   0.00000   0.00000   0.34706  -0.00000   0.00000   0.00000
   0.00000   0.00526   0.04065   0.31967   0.00000   0.00760   0.00000   0.00000
   0.00000   0.04045   0.11452   0.01373   0.25111   0.00036   0.04767   0.00005
   0.33695   0.00000   0.12990   0.15941   0.00000   0.00000   0.00000   0.04022
   0.00000   0.22793   0.00000   0.00000   0.00000   0.00000  -0.00000   0.00000
   0.00000   0.00000   0.21086   0.23706   0.00000   0.04214   0.00000   0.10163
   0.71885   0.00000   0.00000   0.00000   0.00000   0.00000   0.00000   0.00000
   0.00000   0.00634   0.00662   0.03494   0.34050   0.00083   0.00000  -0.00000
   0.00000   0.13093   0.05553   0.00000   0.00000   0.00000   0.27543   0.00000
   0.00000   0.03415   0.00000   0.12080   0.00000   0.28266   0.00000   0.00000
   0.00000   0.00000   0.00000   0.00000   0.40920   0.00000   0.00000   0.00000
   0.00000   0.00577   0.08223   0.03960   0.27883   0.00028   0.00635   0.00031
   0.00000  -0.00000   0.00000   0.00000   0.13012   0.00000   0.00000   0.21122
  -0.00000   0.00000   0.00000   0.00000   0.00000  -0.00000   0.00000   0.37326
   0.00000   0.01854   0.04045   0.05612   0.29175   0.00000   0.00000   0.00000
  -0.00000   0.05711   0.09733   0.07580   0.00000   0.00000   0.00000   0.00000
   0.00000   0.18440   0.21425   0.00000   0.00000   0.02121   0.00000   0.00000
   0.00000   0.00000   0.21248   0.24788   0.00000   0.03294   0.00000   0.08554
  -0.00000   0.00000   0.01913   0.03878   0.34178   0.00000   0.00000   0.04819
   0.04384   0.00000   0.32164   0.10962   0.00000   0.04932   0.02547   0.04184
   0.00000   0.00000   0.02981   0.18494   0.02727   0.01846   0.14266   0.07197
   0.00000   0.04747   0.05172   0.04766   0.00000   0.00118   0.00000   0.30164
   0.00000   0.01412   0.00000   0.00000   0.32248   0.00000   0.01963   0.00000
   0.00000   0.00000   0.05929   0.04502   0.40096   0.01447  -0.00000   0.00116
   0.00000   0.00000   0.00000   0.00000   0.00000   0.49279   0.00000   0.00000
  -0.00000   0.00000   0.71380  -0.00000   0.00000   0.00000  -0.00000   0.00000
   0.00000  -0.00000   0.00000   0.00000   0.00000   0.00000   0.50320   0.00000
   0.00000   0.00000   0.00000   0.39621   0.00000   0.00000   0.00000   0.00000
   0.00000   0.00000   0.14422   0.16757   0.05913   0.00000   0.09487   0.00000
   0.00000   0.02363   0.00000   0.11516   0.00000  -0.00000   0.25410   0.00000
   0.00000   0.00000   0.00000   0.00000   0.00000  -0.00000  -0.00000   0.34469
   0.00000   0.00916   0.00000   0.00318   0.35399   0.00000   0.03908   0.00000
   0.22219   0.03498   0.01063   0.05754   0.07142   0.00308   0.08739   0.11959
   1.00000   1.00000   1.00000   1.00000   1.00000   1.00000   1.00000   1.00000

   0.15727   0.62993   0.22478   0.24706   1.00000   0.12029   0.30409   0.25843
   0.00000   0.37912   0.39863   0.81307   0.13228   0.13680   0.22896   0.23119
   0.04182   0.42156   0.22146   0.15764   0.66226   0.05313   0.20300   0.14125
   0.46701   0.06165   0.32318   0.44552   0.06907   0.02415   0.06347   0.24185
   0.12090   1.00000   0.16436   0.23209   0.57667   0.16786   0.15692   0.51415
   0.00000   0.00000   0.48555   0.58161   0.00583   0.15404   0.00000   0.32426
   0.98784   0.20886   0.03736   0.09223   0.08613   0.03494   0.06106   0.24983
   0.05992   0.54453   0.12139   0.22142   0.87236   0.06674   0.10389   0.12793
   0.12861   0.57155   0.24849   0.16098   0.22941   0.08395   0.63960   0.10991
   0.02446   0.19567   0.11165   0.51158   0.21387   0.68846   0.18531   0.05364
   0.09189   0.56756   0.12049   0.17880   1.00000   0.07297   0.19334   0.19592
   0.03493   0.40934   0.22549   0.22715   0.65266   0.05312   0.15725   0.15108
   0.13608   0.42551   0.18624   0.29295   0.60011   0.05870   0.19486   0.67775
   0.21029   0.49725   0.22923   0.30284   0.35239   0.07861   0.22538   0.99032
   0.02960   0.48972   0.12832   0.27720   0.77415   0.03564   0.09627   0.15405
   0.03973   0.65262   0.35298   0.43766   0.32655   0.01963   0.04439   0.24071
   0.00000   0.64374   0.37656   0.12668   0.44799   0.16863   0.11440   0.11057
   0.01371   0.00000   0.51109   0.60515   0.06166   0.14027   0.01876   0.30585
   0.06934   0.47928   0.12048   0.24809   0.83033   0.05864   0.11879   0.25627
   0.13138   0.02017   0.61943   0.38778   0.07331   0.20469   0.16612   0.19563
   0.01323   0.15329   0.27682   0.55997   0.20051   0.09756   0.42148   0.26614
   0.14349   0.44974   0.20173   0.28651   0.16808   0.05581   0.07229   0.69367
   0.04839   0.58792   0.00000   0.09237   0.90026   0.06874   0.18686   0.10705
   0.04241   0.38239   0.16739   0.25457   0.81463   0.10540   0.08353   0.16885
   0.15219   0.35011   0.36703   0.42937   0.25020   1.00000   0.37696   0.26346
   0.07996   0.21006   1.00000   0.20739   0.10411   0.05228   0.11568   0.13320
   0.16305   0.47911   0.26539   0.23212   0.28300   0.13318   1.00000   0.24355
   0.26081   0.38401   0.46159   1.00000   0.24973   0.06763   0.45997   0.36445
   0.04420   0.16486   0.43226   0.49246   0.27264   0.02110   0.33954   0.03349
   0.08158   0.43501   0.18110   0.41980   0.24371   0.01025   0.61667   0.01843
   0.37284   0.46064   0.25801   0.31909   0.26493   0.11946   0.33553   1.00000
   0.07319   0.53895   0.06810   0.16248   0.90872   0.05118   0.20630   0.14476
   0.34114   0.19845   0.10358   0.21807   0.21325   0.02894   0.21939   0.28087
   1.00000   1.00000   1.00000   1.00000   1.00000   1.00000   1.00000   1.00000
