
       0      -0.073
    0    0    0    0    0    0    0    0
    0    0    0    0    0    0    0    0
    0    0    0    0    0    0    0    0
    0    0    0    0    0    0    0    0


   0.00000E+00   0.00000E+00   0.00000E+00   0.00000E+00   0.50965E+01  -0.44234E-18   0.00000E+00   0.00000E+00
   0.00000E+00   0.00000E+00   0.39197E-02   0.80624E-01   0.00000E+00   0.58615E-03  -0.13841E-18   0.00000E+00
   0.00000E+00   0.66438E-02   0.22904E-01   0.22282E-02   0.41176E-01   0.00000E+00   0.88423E-02   0.00000E+00
   0.23083E+00   0.00000E+00   0.87364E-01   0.90070E-01   0.00000E+00   0.00000E+00   0.00000E+00   0.21148E-01
   0.00000E+00   0.48329E+01  -0.51030E-16  -0.34223E-21   0.00000E+00   0.00000E+00  -0.60436E-17   0.00000E+00
   0.00000E+00   0.00000E+00   0.13478E-02   0.12971E-02   0.00000E+00   0.24908E-03   0.00000E+00   0.59716E-03
   0.13717E+03   0.00000E+00   0.00000E+00   0.00000E+00   0.00000E+00   0.00000E+00   0.00000E+00   0.00000E+00
   0.00000E+00   0.24176E-04   0.11683E-04   0.23606E-03   0.22485E-02   0.15252E-11   0.00000E+00  -0.46236E-20
   0.00000E+00   0.14440E-01   0.56613E-02   0.00000E+00   0.00000E+00   0.00000E+00   0.27164E-01   0.00000E+00
   0.00000E+00   0.27000E-02  -0.33402E-18   0.11598E-01   0.00000E+00   0.36618E-01   0.00000E+00   0.00000E+00
   0.00000E+00   0.00000E+00   0.00000E+00   0.00000E+00   0.47149E+01   0.00000E+00   0.00000E+00  -0.33537E-16
  -0.17673E-19   0.17669E-08   0.35255E-03   0.77729E-05   0.12653E-02   0.17851E-05   0.26352E-04   0.00000E+00
   0.00000E+00  -0.10765E-15   0.00000E+00   0.00000E+00   0.14375E+01   0.00000E+00   0.00000E+00   0.28311E+01
  -0.24532E-16   0.00000E+00   0.00000E+00   0.00000E+00   0.00000E+00  -0.40502E-16   0.00000E+00   0.11204E+02
   0.00000E+00   0.27832E-02   0.12752E-01   0.14844E-01   0.74242E-01   0.00000E+00   0.00000E+00   0.00000E+00
  -0.25671E-19   0.36908E-16   0.10205E-06   0.36177E-03   0.00000E+00   0.00000E+00   0.00000E+00   0.00000E+00
   0.00000E+00   0.91564E-02   0.97499E-02   0.00000E+00   0.00000E+00   0.10176E-02   0.00000E+00   0.00000E+00
   0.00000E+00   0.00000E+00   0.42645E-01   0.43687E-01   0.00000E+00   0.59731E-02   0.00000E+00   0.15619E-01
  -0.22292E-19  -0.16023E-24   0.59399E-03   0.12407E-02   0.10701E-01   0.00000E+00   0.00000E+00   0.13397E-02
   0.46833E-03   0.00000E+00   0.41858E-02   0.12631E-02   0.00000E+00   0.61764E-03   0.15647E-03   0.31789E-03
   0.00000E+00   0.00000E+00   0.62343E-03   0.35465E-02   0.37907E-03   0.39919E-03   0.25847E-02   0.13614E-02
   0.00000E+00   0.74565E-02   0.12436E-01   0.94592E-02   0.00000E+00   0.12372E-03   0.00000E+00   0.65176E-01
   0.00000E+00   0.00000E+00   0.00000E+00   0.00000E+00   0.18004E+00  -0.33753E-19   0.49359E-02   0.00000E+00
   0.00000E+00   0.00000E+00   0.34038E-02   0.19763E-02   0.17671E-01   0.74414E-03  -0.43792E-19   0.16791E-04
   0.00000E+00   0.00000E+00   0.00000E+00   0.00000E+00   0.00000E+00   0.23999E+00   0.00000E+00   0.00000E+00
  -0.15606E-26   0.00000E+00   0.10644E+02  -0.23626E-32  -0.45654E-22   0.00000E+00  -0.12837E-15   0.00000E+00
   0.00000E+00  -0.24099E-18  -0.31598E-14   0.00000E+00  -0.28392E-14  -0.65548E-15   0.68947E+02  -0.15747E-17
  -0.12101E-14   0.00000E+00   0.00000E+00   0.43719E+02  -0.95930E-15   0.00000E+00  -0.27687E-15   0.00000E+00
   0.00000E+00   0.00000E+00   0.37530E+01   0.38289E+01   0.13765E+01   0.00000E+00   0.22857E+01   0.00000E+00
   0.00000E+00   0.16142E+00   0.00000E+00   0.15945E+01   0.00000E+00  -0.14590E-16   0.36354E+01   0.00000E+00
   0.00000E+00   0.00000E+00   0.00000E+00   0.00000E+00  -0.69999E-15  -0.53290E-15  -0.16815E-14   0.39908E+02
   0.00000E+00   0.89228E-01   0.00000E+00   0.82081E-03   0.13987E+02  -0.13325E-16   0.15028E+01   0.00000E+00
   0.25758E+03   0.38069E+02   0.11535E+02   0.59037E+02   0.82352E+02   0.35477E+01   0.91240E+02   0.12369E+03
   0.10000E+01   0.10000E+01   0.10000E+01   0.10000E+01   0.10000E+01   0.10000E+01   0.10000E+01   0.10000E+01

   0.44873E+01   0.17019E+02   0.62284E+01   0.67565E+01   0.26516E+02   0.39477E+01   0.85663E+01   0.70216E+01
   0.00000E+00   0.13082E+00   0.14030E+00   0.26658E+00   0.61806E-01   0.74604E-01   0.78807E-01   0.93863E-01
   0.92015E-02   0.10046E+00   0.49285E-01   0.38162E-01   0.14139E+00   0.16806E-01   0.45289E-01   0.34740E-01
   0.36005E+00   0.61212E-01   0.25156E+00   0.33560E+00   0.65467E-01   0.33957E-01   0.53464E-01   0.19811E+00
   0.42892E+01   0.32697E+02   0.54916E+01   0.82943E+01   0.18796E+02   0.72290E+01   0.53508E+01   0.16880E+02
   0.00000E+00   0.00000E+00   0.37205E-02   0.43338E-02   0.18922E-03   0.14523E-02   0.00000E+00   0.26320E-02
   0.22259E+03   0.52676E+02   0.86744E+01   0.23710E+02   0.23410E+02   0.12324E+02   0.14150E+02   0.66460E+02
   0.65230E-03   0.53339E-02   0.11660E-02   0.21098E-02   0.75888E-02   0.90250E-03   0.11659E-02   0.13366E-02
   0.17645E-01   0.84172E-01   0.32945E-01   0.25461E-01   0.31070E-01   0.19446E-01   0.82681E-01   0.15738E-01
   0.40888E-02   0.31672E-01   0.18032E-01   0.83322E-01   0.33801E-01   0.10972E+00   0.28729E-01   0.79619E-02
   0.17141E+01   0.10934E+02   0.22940E+01   0.34411E+01   0.17991E+02   0.18295E+01   0.35558E+01   0.36083E+01
   0.25055E-03   0.30704E-02   0.21806E-02   0.16215E-02   0.42344E-02   0.61783E-03   0.11271E-02   0.15113E-02
   0.28820E+01   0.87314E+01   0.39120E+01   0.60776E+01   0.11408E+02   0.15436E+01   0.39865E+01   0.13167E+02
   0.99040E+01   0.22565E+02   0.10526E+02   0.14676E+02   0.15350E+02   0.43986E+01   0.11051E+02   0.42415E+02
   0.11103E-01   0.18362E+00   0.46583E-01   0.10361E+00   0.25985E+00   0.22105E-01   0.35773E-01   0.61061E-01
   0.26366E-03   0.37709E-02   0.20920E-02   0.25025E-02   0.18142E-02   0.30753E-03   0.58827E-03   0.11096E-02
   0.00000E+00   0.34714E-01   0.20531E-01   0.84784E-02   0.25078E-01   0.13374E-01   0.64004E-02   0.67120E-02
   0.58320E-02   0.18484E-02   0.12348E+00   0.14121E+00   0.21033E-01   0.44183E-01   0.90882E-02   0.78232E-01
   0.32938E-02   0.22402E-01   0.53972E-02   0.11385E-01   0.34384E-01   0.39220E-02   0.53494E-02   0.11501E-01
   0.19924E-02   0.73707E-03   0.89881E-02   0.60247E-02   0.17245E-02   0.39037E-02   0.25645E-02   0.32003E-02
   0.65207E-03   0.48234E-02   0.72499E-02   0.13840E-01   0.61089E-02   0.31690E-02   0.10300E-01   0.72133E-02
   0.43572E-01   0.12526E+00   0.52756E-01   0.84878E-01   0.46397E-01   0.20861E-01   0.19952E-01   0.17954E+00
   0.44920E-01   0.50543E+00   0.60561E-03   0.86483E-01   0.69531E+00   0.86074E-01   0.14914E+00   0.91708E-01
   0.28276E-02   0.27665E-01   0.10396E-01   0.16369E-01   0.47343E-01   0.91667E-02   0.55073E-02   0.10884E-01
   0.12131E+00   0.27550E+00   0.27402E+00   0.33685E+00   0.19257E+00   0.79244E+00   0.28976E+00   0.20789E+00
   0.14924E+01   0.43639E+01   0.16552E+02   0.45579E+01   0.27386E+01   0.13107E+01   0.20267E+01   0.28378E+01
   0.28387E+02   0.86970E+02   0.45169E+02   0.45285E+02   0.62817E+02   0.29372E+02   0.16226E+03   0.46910E+02
   0.44283E+02   0.65212E+02   0.78486E+02   0.16944E+03   0.46605E+02   0.13724E+02   0.78812E+02   0.63113E+02
   0.14918E+01   0.55771E+01   0.13711E+02   0.15493E+02   0.84428E+01   0.11479E+01   0.10335E+02   0.17712E+01
   0.15501E+01   0.78373E+01   0.34645E+01   0.77060E+01   0.55288E+01   0.36008E+00   0.10546E+02   0.39896E+00
   0.79342E+02   0.10446E+03   0.58575E+02   0.73819E+02   0.59997E+02   0.29047E+02   0.76900E+02   0.21319E+03
   0.42894E+01   0.31052E+02   0.40379E+01   0.95206E+01   0.46543E+02   0.44673E+01   0.11065E+02   0.83831E+01
   0.44656E+03   0.26608E+03   0.13004E+03   0.29426E+03   0.27469E+03   0.50691E+02   0.28125E+03   0.35926E+03
   0.10000E+01   0.10000E+01   0.10000E+01   0.10000E+01   0.10000E+01   0.10000E+01   0.10000E+01   0.10000E+01

   0.00000   0.00000   0.00000   0.00000   0.23394   0.00000   0.00000   0.00000
   0.00000   0.00000   0.01253   0.25932   0.00000   0.00188  -0.00000   0.00000
   0.00000   0.03133   0.10774   0.01048   0.19312   0.00000   0.04149   0.00000
   0.32482   0.00000   0.11979   0.12760   0.00000   0.00000   0.00000   0.02910
   0.00000   0.16857   0.00000  -0.00000   0.00000   0.00000   0.00000   0.00000
   0.00000   0.00000   0.18708   0.18922   0.00000   0.03472   0.00000   0.08258
   0.66044   0.00000   0.00000   0.00000   0.00000   0.00000   0.00000   0.00000
   0.00000   0.00280   0.00980   0.02720   0.25734   0.00020   0.00000   0.00000
   0.00000   0.11422   0.04491   0.00000   0.00000   0.00000   0.21550   0.00000
   0.00000   0.01829   0.00000   0.07945   0.00000   0.24453   0.00000   0.00000
   0.00000   0.00000   0.00000   0.00000   0.29931   0.00000   0.00000   0.00000
   0.00000   0.00000   0.09735   0.00125   0.19389   0.00075   0.01127   0.00000
   0.00000   0.00000   0.00000   0.00000   0.08386   0.00000   0.00000   0.16733
   0.00000   0.00000   0.00000   0.00000   0.00000   0.00000   0.00000   0.29979
   0.00000   0.00838   0.03795   0.04455   0.22162   0.00000   0.00000   0.00000
   0.00000   0.00000   0.13292   0.06896   0.00000   0.00000   0.00000   0.00000
   0.00000   0.17631   0.18101   0.00000   0.00000   0.01938   0.00000   0.00000
   0.00000   0.00000   0.18722   0.20253   0.00000   0.02646   0.00000   0.06853
   0.00000   0.00000   0.01454   0.03048   0.26057   0.00000   0.00000   0.03263
   0.04235   0.00000   0.29013   0.08763   0.00000   0.04249   0.01086   0.02123
   0.00000   0.00000   0.02643   0.15069   0.01612   0.01699   0.10999   0.05738
   0.00000   0.02917   0.04797   0.03698   0.00000   0.00048   0.00000   0.25314
   0.00000   0.00000   0.00000   0.00000   0.23395  -0.00000   0.00647   0.00000
   0.00000   0.00000   0.05867   0.03478   0.30503   0.01287   0.00000   0.00029
   0.00000   0.00000   0.00000   0.00000   0.00000   0.43263   0.00000   0.00000
   0.00000   0.00000   0.65673   0.00000   0.00000   0.00000   0.00000   0.00000
   0.00000   0.00000   0.00000   0.00000   0.00000   0.00000   0.43219   0.00000
   0.00000   0.00000   0.00000   0.32232   0.00000   0.00000   0.00000   0.00000
   0.00000   0.00000   0.12804   0.13111   0.04700   0.00000   0.07800   0.00000
   0.00000   0.00870   0.00000   0.09417   0.00000   0.00000   0.22063   0.00000
   0.00000   0.00000   0.00000   0.00000   0.00000   0.00000   0.00000   0.22983
   0.00000   0.00177   0.00000   0.00002   0.27631   0.00000   0.02958   0.00000
   0.20501   0.03032   0.01059   0.04714   0.06558   0.00282   0.07258   0.09854
   1.00000   1.00000   1.00000   1.00000   1.00000   1.00000   1.00000   1.00000

   0.19111   0.73048   0.26481   0.28780   1.00000   0.17225   0.35665   0.29610
   0.00000   0.41440   0.44370   0.85217   0.19792   0.23700   0.25306   0.29936
   0.04330   0.47236   0.23170   0.17934   0.66674   0.07899   0.21343   0.16349
   0.49771   0.08624   0.34768   0.46075   0.09155   0.04712   0.07585   0.27484
   0.14519   1.00000   0.18500   0.28028   0.62616   0.24529   0.18062   0.56118
   0.00000   0.00000   0.51781   0.59750   0.02784   0.20468   0.00000   0.36632
   0.99614   0.24775   0.04046   0.11153   0.11037   0.05818   0.06613   0.31357
   0.07498   0.61893   0.13418   0.24238   0.87788   0.10229   0.13490   0.15455
   0.13926   0.66775   0.26054   0.20102   0.24610   0.15361   0.64995   0.12439
   0.02764   0.21238   0.12084   0.55640   0.22697   0.75155   0.19356   0.04941
   0.10572   0.67358   0.14184   0.21231   1.00000   0.11372   0.21953   0.22190
   0.03431   0.45712   0.21290   0.24967   0.65714   0.09510   0.16658   0.24212
   0.16449   0.49738   0.22257   0.34505   0.62624   0.08852   0.22721   0.72835
   0.25449   0.57060   0.26705   0.37532   0.38732   0.11362   0.28022   0.99614
   0.03336   0.55069   0.13939   0.30815   0.77763   0.06611   0.10763   0.18322
   0.03975   0.61835   0.37044   0.37175   0.36223   0.05430   0.10490   0.24025
   0.00000   0.64490   0.38470   0.15756   0.47206   0.24525   0.11901   0.12780
   0.02627   0.00847   0.54389   0.61992   0.09576   0.19607   0.04252   0.34591
   0.08058   0.54846   0.13244   0.27832   0.83617   0.09611   0.13181   0.28244
   0.13789   0.05168   0.60007   0.40758   0.11910   0.26700   0.17787   0.22078
   0.02784   0.20457   0.30481   0.58407   0.26038   0.13479   0.43804   0.30503
   0.16945   0.48591   0.20502   0.32896   0.18076   0.08140   0.07819   0.69491
   0.05845   0.65504   0.00079   0.11302   0.90652   0.11162   0.19541   0.11943
   0.04929   0.47972   0.18110   0.28414   0.81875   0.15942   0.09714   0.18992
   0.18367   0.40653   0.41053   0.50721   0.28435   1.00000   0.42029   0.31253
   0.09195   0.26890   1.00000   0.28096   0.16877   0.08083   0.12484   0.17488
   0.17782   0.54466   0.28290   0.28374   0.39367   0.18419   1.00000   0.29390
   0.30378   0.43971   0.53769   1.00000   0.32087   0.09837   0.52750   0.43511
   0.05114   0.18920   0.46195   0.52414   0.28425   0.03930   0.35250   0.06064
   0.09429   0.47563   0.20104   0.46102   0.29788   0.02075   0.62639   0.02370
   0.44283   0.55764   0.31391   0.40259   0.31493   0.16008   0.39622   1.00000
   0.08486   0.61527   0.07978   0.18847   0.92211   0.08841   0.22079   0.16606
   0.35607   0.21206   0.10109   0.23414   0.21872   0.04037   0.22437   0.28610
   1.00000   1.00000   1.00000   1.00000   1.00000   1.00000   1.00000   1.00000
