
       0      -0.159
    4    7    1    2    0    0    2    1   16
    8   12    7    4    1    1   11    3   33
   12   17   15    7    1    4   18    3   43
   12   17   17    8    1    5   20    3   44


   0.00000E+00   0.82163E+01   0.00000E+00   0.00000E+00   0.00000E+00   0.00000E+00   0.00000E+00   0.00000E+00   0.00000E+00
   0.00000E+00   0.00000E+00   0.00000E+00   0.00000E+00   0.00000E+00   0.86852E-02   0.00000E+00   0.00000E+00   0.00000E+00
   0.00000E+00   0.51702E-01   0.00000E+00   0.00000E+00   0.00000E+00   0.63254E-02   0.16694E-01   0.00000E+00   0.10485E-02
   0.10174E+02   0.00000E+00   0.00000E+00   0.00000E+00   0.00000E+00   0.00000E+00   0.00000E+00   0.00000E+00  -0.78328E-21
   0.00000E+00   0.00000E+00   0.00000E+00   0.00000E+00   0.00000E+00   0.61344E-03   0.54181E-18   0.00000E+00   0.00000E+00
   0.00000E+00   0.12690E-07   0.33016E-11   0.13518E-03   0.12615E+03   0.44204E+00   0.00000E+00   0.10827E-01   0.00000E+00
   0.86041E-03   0.15216E-02   0.12314E-03   0.15029E-03   0.00000E+00   0.52887E-03   0.00000E+00   0.00000E+00   0.16129E-03
   0.00000E+00   0.56994E-02   0.00000E+00   0.19650E-03   0.00000E+00   0.00000E+00   0.00000E+00   0.63861E-02   0.00000E+00
   0.00000E+00   0.00000E+00   0.00000E+00   0.00000E+00   0.00000E+00   0.22418E-02   0.12535E-01   0.00000E+00   0.00000E+00
   0.00000E+00   0.00000E+00   0.00000E+00   0.00000E+00   0.00000E+00   0.00000E+00   0.00000E+00   0.00000E+00   0.00000E+00
   0.00000E+00   0.11432E-02   0.00000E+00   0.63689E-06   0.00000E+00   0.44151E-03   0.69023E-03   0.00000E+00   0.00000E+00
   0.00000E+00   0.00000E+00   0.00000E+00   0.00000E+00   0.00000E+00   0.00000E+00   0.20857E+01   0.00000E+00   0.00000E+00
   0.00000E+00   0.00000E+00   0.16706E+02   0.00000E+00   0.00000E+00   0.00000E+00   0.00000E+00   0.00000E+00   0.00000E+00
   0.71339E-01   0.33915E-01   0.00000E+00   0.00000E+00   0.00000E+00   0.80711E-02   0.11800E-01   0.00000E+00   0.27157E-01
   0.00000E+00   0.12422E-02   0.43598E-03   0.29825E-02   0.00000E+00   0.00000E+00   0.00000E+00   0.00000E+00   0.00000E+00
   0.21616E-02   0.00000E+00   0.00000E+00   0.00000E+00   0.00000E+00   0.66880E-02   0.24107E-02   0.00000E+00   0.00000E+00
   0.00000E+00   0.00000E+00   0.00000E+00   0.11407E-01   0.00000E+00   0.39854E-01   0.00000E+00   0.00000E+00   0.00000E+00
   0.00000E+00   0.11116E-01   0.00000E+00   0.12470E-06   0.00000E+00   0.60674E-03   0.24380E-02   0.00000E+00   0.14114E-02
   0.00000E+00   0.00000E+00   0.00000E+00   0.00000E+00   0.00000E+00   0.00000E+00   0.00000E+00   0.00000E+00   0.18932E-04
   0.00000E+00   0.17989E-10   0.00000E+00   0.00000E+00   0.00000E+00   0.45008E-02   0.24342E-02   0.35313E-02   0.00000E+00
   0.00000E+00   0.00000E+00   0.40124E-01   0.00000E+00   0.30865E-01   0.00000E+00   0.11568E-01   0.64248E-04   0.00000E+00
   0.00000E+00   0.17912E+00   0.00000E+00   0.00000E+00   0.00000E+00   0.00000E+00   0.29361E-01   0.00000E+00   0.00000E+00
   0.00000E+00   0.14005E-01   0.00000E+00   0.00000E+00   0.00000E+00   0.00000E+00   0.35755E-02   0.00000E+00   0.28236E-02
   0.00000E+00   0.00000E+00   0.00000E+00   0.00000E+00   0.00000E+00   0.00000E+00   0.00000E+00   0.00000E+00   0.00000E+00
  -0.11505E-16  -0.13333E-15  -0.22274E-21   0.18688E+02   0.00000E+00  -0.54000E-23  -0.27573E-33  -0.26365E-16  -0.16396E-23
   0.00000E+00   0.00000E+00   0.00000E+00   0.00000E+00  -0.89970E-21   0.00000E+00   0.00000E+00   0.13028E+03   0.00000E+00
   0.00000E+00   0.00000E+00   0.00000E+00   0.00000E+00   0.00000E+00   0.81830E+02   0.00000E+00   0.00000E+00   0.00000E+00
   0.00000E+00   0.00000E+00   0.00000E+00   0.00000E+00   0.00000E+00   0.28698E+01   0.42128E+00   0.50053E+01   0.00000E+00
   0.11525E+01   0.67824E+00   0.00000E+00   0.00000E+00   0.00000E+00   0.10958E+01   0.00000E+00   0.69377E+01   0.00000E+00
   0.00000E+00   0.00000E+00   0.50713E+02   0.00000E+00   0.13946E+02   0.19078E+01   0.00000E+00   0.00000E+00   0.00000E+00
   0.00000E+00   0.89187E+00   0.00000E+00   0.00000E+00   0.00000E+00   0.00000E+00   0.00000E+00   0.23706E+01   0.28953E+01
   0.69525E+02   0.64902E+02   0.94209E+02   0.27835E+02   0.23333E+03   0.92756E+02   0.23214E+02   0.12111E+03   0.13094E+02
   0.10000E+01   0.10000E+01   0.10000E+01   0.10000E+01   0.10000E+01   0.10000E+01   0.10000E+01   0.10000E+01   0.10000E+01

   0.56091E+01   0.24847E+02   0.11870E+01   0.12770E+02   0.48862E+01   0.91119E+01   0.39398E+01   0.13974E+02   0.66865E+01
   0.10934E-02   0.17989E-02   0.15330E-01   0.13249E-01   0.26370E-17   0.54180E-01   0.35889E-01   0.59051E-02   0.41041E-01
   0.29441E-01   0.11416E+00   0.34354E-01   0.17549E-01   0.24200E-01   0.38366E-01   0.67034E-01   0.42879E-01   0.40275E-01
   0.24576E+02   0.63682E+01   0.27272E+01   0.19225E+01   0.73425E+01   0.49504E+01   0.16636E+01   0.73241E+01   0.20610E+01
   0.20273E-18   0.81882E-04   0.31121E-02   0.11785E-02   0.41238E-03   0.62013E-02   0.54950E-02   0.43639E-04   0.52567E-02
   0.22332E+01   0.37338E+01   0.30400E+01   0.63171E+01   0.15439E+03   0.19688E+01   0.93122E+00   0.56824E+01   0.24001E+01
   0.24534E-02   0.51935E-02   0.13736E-02   0.15362E-02   0.11702E-03   0.27494E-02   0.16164E-02   0.30805E-05   0.24913E-02
   0.41495E-02   0.20961E-01   0.10590E-01   0.28844E-01   0.11066E-16   0.34933E-01   0.14199E-01   0.37465E-01   0.36581E-01
   0.89732E-02   0.13095E-01   0.25118E-01   0.75909E-03   0.97560E-02   0.62170E-01   0.52938E-01   0.47510E-02   0.48689E-01
   0.42985E+01   0.94684E+01   0.37260E+00   0.52036E+01   0.19521E+01   0.30406E+01   0.39738E+01   0.45948E+01   0.17331E+02
   0.16468E-02   0.44612E-02   0.30662E-02   0.15534E-02   0.75203E-03   0.37552E-02   0.46417E-02   0.71541E-03   0.23307E-02
   0.24864E+01   0.54909E+01   0.14741E+02   0.42805E+00   0.55509E+01   0.50410E+01   0.18442E+02   0.74620E+01   0.98440E+00
   0.90928E+01   0.50610E+01   0.39058E+02   0.33795E+01   0.14834E+02   0.13055E+02   0.29105E+01   0.17815E+02   0.48516E+01
   0.14601E+00   0.12443E+00   0.24407E-01   0.46747E-01   0.13601E-01   0.56940E-01   0.65171E-01   0.22306E-01   0.99633E-01
   0.98746E-03   0.49377E-02   0.41800E-02   0.69738E-02   0.27482E-03   0.18098E-02   0.11222E-02   0.44998E-05   0.43869E-03
   0.15494E-01   0.93593E-02   0.85082E-02   0.15907E-01   0.75171E-17   0.52887E-01   0.46738E-01   0.13055E-01   0.35663E-01
   0.63094E-02   0.16329E-01   0.11615E+00   0.77652E-01   0.12705E-01   0.24229E+00   0.18755E+00   0.52072E-02   0.21291E+00
   0.87129E-02   0.24063E-01   0.11225E-01   0.67918E-02   0.34862E-02   0.87275E-02   0.14979E-01   0.63300E-02   0.93126E-02
   0.79922E-19   0.48787E-03   0.83671E-19   0.81783E-03   0.10431E-18   0.36896E-02   0.87507E-03   0.45912E-02   0.36107E-02
   0.31268E-02   0.52424E-02   0.15146E-01   0.33663E-02   0.30523E-02   0.19619E-01   0.18468E-01   0.12270E-01   0.77461E-02
   0.31962E-01   0.20058E-01   0.15677E+00   0.12491E-09   0.80508E-01   0.57987E-01   0.11604E+00   0.46712E-01   0.33917E-01
   0.13263E+00   0.41637E+00   0.53496E-01   0.67405E-01   0.49556E-01   0.58232E-01   0.14272E+00   0.14791E+00   0.14549E+00
   0.76154E-02   0.33091E-01   0.23973E-01   0.43260E-02   0.43892E-02   0.14528E-01   0.27528E-01   0.65705E-02   0.15407E-01
   0.93085E-03   0.33044E-01   0.14826E+00   0.66122E-01   0.35539E-01   0.23362E+00   0.26978E+00   0.85339E-02   0.31185E+00
   0.13404E+01   0.86355E+00   0.47015E+01   0.31000E+02   0.55423E+01   0.14345E+01   0.24374E+01   0.86727E+01   0.23596E+01
   0.17783E+02   0.72411E+01   0.27009E+02   0.39873E+02   0.38548E+02   0.51421E+02   0.31446E+02   0.20412E+03   0.14484E+02
   0.23007E+02   0.10749E+02   0.20068E+02   0.10528E+03   0.54327E+02   0.21925E+03   0.85875E+01   0.11603E+03   0.31825E+02
   0.55294E+01   0.61372E+01   0.39006E+01   0.74179E+01   0.18944E-14   0.14129E+02   0.13060E+02   0.10853E+02   0.43655E+01
   0.43703E+01   0.39594E+01   0.24171E+01   0.32510E+01   0.67544E+00   0.53101E+01   0.44135E+01   0.12087E+02   0.31213E+01
   0.78007E+01   0.18105E+02   0.11006E+03   0.45699E+01   0.65819E+02   0.35353E+02   0.19472E+02   0.27631E+02   0.72984E+01
   0.11286E+02   0.30597E+02   0.14889E+01   0.83078E+01   0.48538E+01   0.91816E+01   0.72786E+01   0.15494E+02   0.37912E+02
   0.16499E+03   0.19926E+03   0.27465E+03   0.11969E+03   0.32470E+03   0.28202E+03   0.15252E+03   0.26474E+03   0.90315E+02
   0.10000E+01   0.10000E+01   0.10000E+01   0.10000E+01   0.10000E+01   0.10000E+01   0.10000E+01   0.10000E+01   0.10000E+01

   0.00000   0.37255   0.00000   0.00000   0.00000   0.00000   0.00000   0.00000   0.00000
   0.00000   0.00000   0.00000   0.00000   0.00000   0.16137   0.00000   0.00000   0.00000
   0.00000   0.29573   0.00000   0.00000   0.00000   0.03638   0.09717   0.00000   0.01979
   0.52066   0.00000   0.00000   0.00000   0.00000   0.00000   0.00000   0.00000   0.00000
   0.00000   0.00000   0.00000   0.00000   0.00000   0.09120   0.00000   0.00000   0.00000
   0.00000   0.00000   0.00000   0.00000   0.88817   0.00310   0.00000   0.00007   0.00000
   0.10505   0.20784   0.01660   0.01735   0.00000   0.06180   0.00000   0.00000   0.01862
   0.00000   0.08165   0.00000   0.00296   0.00000   0.00000   0.00000   0.09343   0.00000
   0.00000   0.00000   0.00000   0.00000   0.00000   0.02958   0.15743   0.00000   0.00000
   0.00000   0.00000   0.00000   0.00000   0.00000   0.00000   0.00000   0.00000   0.00000
   0.00000   0.21898   0.00000   0.00294   0.00000   0.04889   0.07581   0.00000   0.00000
   0.00000   0.00000   0.00000   0.00000   0.00000   0.00000   0.12396   0.00000   0.00000
   0.00000   0.00000   0.49305   0.00000   0.00000   0.00000   0.00000   0.00000   0.00000
   0.21910   0.11390   0.00000   0.00000   0.00000   0.02506   0.03654   0.00000   0.10710
   0.00000   0.11268   0.12763   0.31807   0.00000   0.00000   0.00000   0.00000   0.00000
   0.02928   0.00000   0.00000   0.00000   0.00000   0.09451   0.03235   0.00000   0.00000
   0.00000   0.00000   0.00000   0.03808   0.00000   0.14073   0.00000   0.00000   0.00000
   0.00000   0.27385   0.00000   0.00000   0.00000   0.01461   0.05975   0.00000   0.04382
   0.00000   0.00000   0.00000   0.00000   0.00000   0.00000   0.00000   0.00000   0.00448
   0.00000   0.00000   0.00000   0.00000   0.00000   0.13793   0.07480   0.10851   0.00000
   0.00000   0.00000   0.18377   0.00000   0.14040   0.00000   0.05201   0.00029   0.00000
   0.00000   0.36800   0.00000   0.00000   0.00000   0.00000   0.06068   0.00000   0.00000
   0.00000   0.28329   0.00000   0.00000   0.00000   0.00000   0.06279   0.00000   0.06296
   0.00000   0.00000   0.00000   0.00000   0.00000   0.00000   0.00000   0.00000   0.01480
   0.00000   0.00000   0.00000   0.62263   0.00000   0.00000   0.00000   0.00000   0.00000
   0.00000   0.00000   0.00000   0.00000   0.00000   0.00000   0.00000   0.65975   0.00000
   0.00000   0.00000   0.00000   0.00000   0.00000   0.41357   0.00000   0.00000   0.00000
   0.00000   0.00000   0.00000   0.00000   0.00000   0.08637   0.01254   0.14988   0.00000
   0.05832   0.03416   0.00000   0.00000   0.00000   0.05597   0.00000   0.35359   0.00000
   0.00000   0.00000   0.36382   0.00000   0.10714   0.01369   0.00000   0.00000   0.00000
   0.00000   0.03664   0.00000   0.00000   0.00010   0.00000   0.00000   0.04863   0.06100
   0.06458   0.06457   0.08763   0.02596   0.21846   0.08617   0.02156   0.11217   0.01324
   1.00000   1.00000   1.00000   1.00000   1.00000   1.00000   1.00000   1.00000   1.00000

   0.26336   1.00000   0.06439   0.58750   0.24810   0.44810   0.21015   0.62745   0.29796
   0.01963   0.03204   0.26619   0.23188   0.00000   0.93214   0.64121   0.10274   0.76255
   0.14391   0.64503   0.19996   0.06660   0.14062   0.22046   0.38551   0.24526   0.16445
   1.00000   0.30843   0.13213   0.09318   0.34208   0.23467   0.08061   0.33544   0.09988
   0.00000   0.01146   0.42496   0.16421   0.05594   0.84896   0.77474   0.00607   0.78155
   0.01641   0.02620   0.02134   0.04434   0.98333   0.01412   0.00686   0.04108   0.01684
   0.25836   0.59962   0.15967   0.17450   0.00069   0.31942   0.16917   0.00036   0.28484
   0.04136   0.29831   0.15637   0.42200   0.00000   0.50957   0.20713   0.52976   0.55193
   0.10032   0.16647   0.31975   0.01022   0.12600   0.78083   0.67283   0.06398   0.64252
   0.25490   0.58992   0.02507   0.33411   0.12879   0.20226   0.27101   0.29762   1.00000
   0.16002   0.46170   0.33680   0.17201   0.08283   0.41057   0.48815   0.08034   0.25809
   0.14158   0.31598   0.87604   0.00000   0.33698   0.31430   1.00000   0.44578   0.02043
   0.24104   0.16039   1.00000   0.09932   0.44785   0.39852   0.09173   0.50695   0.14971
   0.41657   0.38449   0.07491   0.14551   0.04227   0.17615   0.20156   0.06779   0.25612
   0.06530   0.43435   0.35907   0.62329   0.02390   0.15664   0.10180   0.00037   0.03979
   0.20717   0.12607   0.11534   0.21651   0.00000   0.70960   0.63605   0.16975   0.50396
   0.01785   0.05592   0.39000   0.26234   0.03108   0.80512   0.64718   0.01776   0.75181
   0.19080   0.57939   0.27509   0.14535   0.08558   0.21375   0.36523   0.15473   0.15229
   0.00000   0.11557   0.00000   0.18165   0.00000   0.83167   0.15290   0.54867   0.84856
   0.06358   0.16135   0.46544   0.10322   0.09355   0.59612   0.51445   0.37316   0.23956
   0.13423   0.08973   0.70484   0.00000   0.36341   0.26213   0.52663   0.21109   0.15455
   0.23875   0.81055   0.10054   0.12159   0.10199   0.11962   0.28927   0.29911   0.22588
   0.11507   0.51994   0.42102   0.07684   0.07693   0.25600   0.47532   0.11632   0.25040
   0.00283   0.10054   0.44591   0.20305   0.10919   0.70070   0.82389   0.02621   0.94697
   0.04474   0.02781   0.15513   1.00000   0.18458   0.04787   0.08138   0.28894   0.07876
   0.07235   0.03416   0.13679   0.20195   0.19489   0.26012   0.15595   1.00000   0.07335
   0.11306   0.06305   0.11760   0.55198   0.30016   1.00000   0.05031   0.58643   0.18633
   0.13300   0.18419   0.11674   0.22213   0.00000   0.42068   0.38289   0.32629   0.13137
   0.22115   0.20207   0.12252   0.16569   0.03431   0.27096   0.22436   0.61660   0.15721
   0.05623   0.13377   0.71625   0.03303   0.47218   0.25370   0.13970   0.19972   0.05388
   0.20103   0.54383   0.03044   0.17167   0.09965   0.18793   0.15336   0.31894   0.68428
   0.13427   0.18462   0.25514   0.11129   0.30180   0.26074   0.12935   0.24562   0.07884
   1.00000   1.00000   1.00000   1.00000   1.00000   1.00000   1.00000   1.00000   1.00000
