
       0      -0.159
    4    7    1    2    0    0    2    1   16
    8   12    7    4    1    1   11    3   33
   12   17   15    7    1    4   18    3   43
   12   17   17    8    1    5   20    3   44


   0.00000E+00   0.82163E+01   0.00000E+00   0.00000E+00   0.00000E+00   0.00000E+00   0.00000E+00   0.00000E+00   0.00000E+00
   0.00000E+00   0.00000E+00   0.00000E+00   0.00000E+00   0.00000E+00   0.86852E-02   0.00000E+00   0.00000E+00   0.00000E+00
   0.00000E+00   0.52978E-01   0.00000E+00   0.00000E+00   0.00000E+00   0.63254E-02   0.24031E-01   0.14829E-02   0.10485E-02
   0.10174E+02   0.00000E+00   0.00000E+00   0.00000E+00   0.00000E+00   0.00000E+00   0.00000E+00   0.00000E+00  -0.78328E-21
   0.00000E+00   0.00000E+00   0.00000E+00   0.00000E+00   0.00000E+00   0.61344E-03   0.54181E-18   0.00000E+00   0.00000E+00
   0.00000E+00   0.19023E-04   0.33016E-11   0.10300E-02   0.12615E+03   0.45168E+00   0.00000E+00   0.11799E+00   0.00000E+00
   0.86041E-03   0.15216E-02   0.12314E-03   0.25011E-03   0.00000E+00   0.55503E-03   0.00000E+00   0.00000E+00   0.17905E-03
   0.00000E+00   0.66523E-02   0.00000E+00   0.19650E-03   0.00000E+00   0.00000E+00   0.00000E+00   0.76714E-02   0.00000E+00
   0.23297E-04   0.00000E+00   0.00000E+00   0.00000E+00   0.00000E+00   0.22418E-02   0.18898E-01   0.00000E+00   0.00000E+00
   0.00000E+00   0.00000E+00   0.00000E+00   0.00000E+00   0.00000E+00   0.00000E+00   0.00000E+00   0.00000E+00   0.00000E+00
   0.00000E+00   0.11432E-02   0.00000E+00   0.63689E-06   0.00000E+00   0.44151E-03   0.11473E-02   0.00000E+00   0.00000E+00
   0.00000E+00   0.00000E+00   0.00000E+00   0.00000E+00   0.00000E+00   0.00000E+00   0.27800E+01   0.00000E+00   0.00000E+00
   0.00000E+00   0.00000E+00   0.17628E+02   0.00000E+00   0.00000E+00   0.00000E+00   0.00000E+00   0.00000E+00   0.00000E+00
   0.76700E-01   0.33915E-01   0.00000E+00   0.00000E+00   0.00000E+00   0.10087E-01   0.23324E-01   0.00000E+00   0.27157E-01
   0.00000E+00   0.12422E-02   0.43598E-03   0.29825E-02   0.00000E+00   0.10614E-05   0.00000E+00   0.00000E+00   0.00000E+00
   0.33986E-02   0.00000E+00   0.00000E+00   0.00000E+00   0.00000E+00   0.66880E-02   0.12371E-01   0.00000E+00   0.00000E+00
   0.00000E+00   0.00000E+00   0.00000E+00   0.14079E-01   0.00000E+00   0.39854E-01   0.00000E+00   0.00000E+00   0.00000E+00
   0.20767E-04   0.11116E-01   0.00000E+00   0.66414E-04   0.00000E+00   0.10098E-02   0.38495E-02   0.00000E+00   0.14114E-02
   0.00000E+00   0.00000E+00   0.00000E+00   0.00000E+00   0.00000E+00   0.00000E+00   0.00000E+00   0.00000E+00   0.52973E-04
   0.00000E+00   0.17989E-10   0.00000E+00   0.00000E+00   0.00000E+00   0.48977E-02   0.38954E-02   0.35789E-02   0.00000E+00
   0.00000E+00   0.00000E+00   0.40124E-01   0.00000E+00   0.30865E-01   0.00000E+00   0.18760E-01   0.39713E-03   0.00000E+00
   0.00000E+00   0.18049E+00   0.00000E+00   0.00000E+00   0.00000E+00   0.00000E+00   0.41513E-01   0.00000E+00   0.00000E+00
   0.00000E+00   0.14005E-01   0.00000E+00   0.00000E+00   0.00000E+00   0.00000E+00   0.61478E-02   0.00000E+00   0.28236E-02
   0.00000E+00   0.00000E+00   0.00000E+00   0.00000E+00   0.00000E+00   0.00000E+00   0.00000E+00   0.00000E+00   0.00000E+00
  -0.11505E-16  -0.13333E-15  -0.22274E-21   0.19376E+02   0.00000E+00  -0.54000E-23  -0.27573E-33  -0.26365E-16  -0.16396E-23
   0.00000E+00   0.00000E+00   0.00000E+00   0.00000E+00  -0.89970E-21   0.00000E+00   0.00000E+00   0.13320E+03   0.00000E+00
   0.00000E+00   0.00000E+00   0.00000E+00   0.00000E+00   0.00000E+00   0.89549E+02   0.00000E+00   0.00000E+00   0.00000E+00
   0.17859E-01   0.00000E+00   0.00000E+00   0.60434E+00   0.00000E+00   0.32093E+01   0.26491E+01   0.55086E+01   0.00000E+00
   0.14779E+01   0.87847E+00   0.00000E+00   0.00000E+00   0.00000E+00   0.11961E+01   0.00000E+00   0.77881E+01   0.00000E+00
   0.00000E+00   0.00000E+00   0.53833E+02   0.00000E+00   0.13946E+02   0.30172E+01   0.00000E+00   0.00000E+00   0.00000E+00
   0.00000E+00   0.89187E+00   0.00000E+00   0.00000E+00   0.00000E+00   0.00000E+00   0.21334E+00   0.23706E+01   0.28953E+01
   0.71974E+02   0.64902E+02   0.10496E+03   0.31184E+02   0.23333E+03   0.10074E+03   0.27878E+02   0.12766E+03   0.13094E+02
   0.10000E+01   0.10000E+01   0.10000E+01   0.10000E+01   0.10000E+01   0.10000E+01   0.10000E+01   0.10000E+01   0.10000E+01

   0.56091E+01   0.23289E+02   0.11566E+01   0.11067E+02   0.40124E+01   0.74475E+01   0.39398E+01   0.12019E+02   0.66865E+01
   0.85705E-03   0.95995E-03   0.14004E-01   0.12421E-01   0.26370E-17   0.50508E-01   0.35070E-01   0.39382E-02   0.41041E-01
   0.29441E-01   0.11416E+00   0.29018E-01   0.17549E-01   0.22090E-01   0.38366E-01   0.67034E-01   0.42684E-01   0.40275E-01
   0.23654E+02   0.53683E+01   0.26761E+01   0.18708E+01   0.64845E+01   0.41054E+01   0.15626E+01   0.64303E+01   0.20585E+01
   0.20273E-18   0.40128E-04   0.28439E-02   0.11196E-02   0.41238E-03   0.56293E-02   0.54115E-02   0.18973E-05   0.52567E-02
   0.21862E+01   0.37338E+01   0.29500E+01   0.62484E+01   0.14896E+03   0.19688E+01   0.77645E+00   0.56580E+01   0.21963E+01
   0.24534E-02   0.50756E-02   0.13158E-02   0.15362E-02   0.11702E-03   0.22695E-02   0.16164E-02   0.13841E-05   0.24913E-02
   0.41495E-02   0.19589E-01   0.61504E-02   0.26714E-01   0.11066E-16   0.32060E-01   0.13751E-01   0.35896E-01   0.36581E-01
   0.89732E-02   0.11537E-01   0.22179E-01   0.29988E-03   0.80821E-02   0.55135E-01   0.51361E-01   0.31913E-02   0.48689E-01
   0.42985E+01   0.94684E+01   0.28826E+00   0.46925E+01   0.16876E+01   0.24366E+01   0.39738E+01   0.40751E+01   0.16636E+02
   0.16468E-02   0.44612E-02   0.27801E-02   0.15534E-02   0.71342E-03   0.34994E-02   0.46417E-02   0.67996E-03   0.23307E-02
   0.24864E+01   0.54909E+01   0.13200E+02   0.42805E+00   0.48249E+01   0.37031E+01   0.17740E+02   0.65021E+01   0.98440E+00
   0.90928E+01   0.44030E+01   0.37203E+02   0.33795E+01   0.12584E+02   0.10746E+02   0.23238E+01   0.15412E+02   0.48516E+01
   0.14601E+00   0.12338E+00   0.12728E-01   0.45340E-01   0.11721E-01   0.54623E-01   0.65171E-01   0.22306E-01   0.99633E-01
   0.98746E-03   0.49377E-02   0.35287E-02   0.69738E-02   0.13692E-03   0.15069E-02   0.11222E-02   0.10908E-05   0.43869E-03
   0.15494E-01   0.85889E-02   0.49924E-02   0.15286E-01   0.75171E-17   0.48171E-01   0.45580E-01   0.11983E-01   0.35663E-01
   0.63094E-02   0.11478E-01   0.10632E+00   0.73240E-01   0.12705E-01   0.22116E+00   0.18440E+00   0.22640E-03   0.21291E+00
   0.87129E-02   0.23806E-01   0.10475E-01   0.67918E-02   0.33832E-02   0.80300E-02   0.14979E-01   0.61280E-02   0.93126E-02
   0.79922E-19   0.24198E-03   0.83671E-19   0.48290E-03   0.10431E-18   0.35838E-02   0.72597E-03   0.45912E-02   0.36107E-02
   0.31268E-02   0.51208E-02   0.14016E-01   0.30933E-02   0.27507E-02   0.17776E-01   0.18468E-01   0.10730E-01   0.77461E-02
   0.31962E-01   0.20058E-01   0.15133E+00   0.17551E-17   0.75994E-01   0.49960E-01   0.11589E+00   0.43845E-01   0.33917E-01
   0.13263E+00   0.41637E+00   0.53496E-01   0.67405E-01   0.46889E-01   0.58130E-01   0.14272E+00   0.14791E+00   0.14549E+00
   0.76154E-02   0.33091E-01   0.21387E-01   0.39476E-02   0.43892E-02   0.12904E-01   0.27528E-01   0.64616E-02   0.15407E-01
   0.93085E-03   0.25295E-01   0.13539E+00   0.65109E-01   0.26744E-01   0.21109E+00   0.26288E+00   0.14410E-02   0.31185E+00
   0.12730E+01   0.86355E+00   0.47015E+01   0.30742E+02   0.49622E+01   0.14345E+01   0.21315E+01   0.73935E+01   0.23088E+01
   0.17783E+02   0.72411E+01   0.15347E+02   0.29149E+02   0.33530E+02   0.42873E+02   0.31446E+02   0.20266E+03   0.13167E+02
   0.23007E+02   0.96033E+01   0.17084E+02   0.90668E+02   0.47091E+02   0.20790E+03   0.59173E+01   0.10061E+03   0.31825E+02
   0.55294E+01   0.56720E+01   0.21810E+01   0.67355E+01   0.18944E-14   0.13182E+02   0.13060E+02   0.10490E+02   0.43655E+01
   0.43703E+01   0.36477E+01   0.11414E+01   0.23492E+01   0.55985E+00   0.46990E+01   0.44135E+01   0.11945E+02   0.29719E+01
   0.78007E+01   0.18002E+02   0.11006E+03   0.30601E+01   0.60610E+02   0.30099E+02   0.15566E+02   0.26484E+02   0.72984E+01
   0.11286E+02   0.30597E+02   0.13212E+01   0.83078E+01   0.44609E+01   0.73300E+01   0.72786E+01   0.14364E+02   0.37912E+02
   0.16499E+03   0.19103E+03   0.27257E+03   0.11359E+03   0.32086E+03   0.25898E+03   0.15252E+03   0.25777E+03   0.90315E+02
   0.10000E+01   0.10000E+01   0.10000E+01   0.10000E+01   0.10000E+01   0.10000E+01   0.10000E+01   0.10000E+01   0.10000E+01

   0.00000   0.43047   0.00000   0.00000   0.00000   0.00000   0.00000   0.00000   0.00000
   0.00000   0.00000   0.00000   0.00000   0.00000   0.16137   0.00000   0.00000   0.00000
   0.00000   0.30657   0.00000   0.00000   0.00000   0.03638   0.13953   0.00846   0.01147
   0.50999   0.00000   0.00000   0.00000   0.00000   0.00000   0.00000   0.00000   0.00000
   0.00000   0.00000   0.00285   0.00000   0.00000   0.09120   0.00000   0.00000   0.00000
   0.00000   0.00000   0.00000   0.00001   0.88807   0.00317   0.00000   0.00077   0.00000
   0.10035   0.19700   0.02766   0.02872   0.00000   0.06489   0.00000   0.00000   0.02056
   0.00000   0.09594   0.00000   0.00296   0.00000   0.00000   0.00000   0.11249   0.00000
   0.00030   0.00000   0.00000   0.00000   0.00000   0.02958   0.23656   0.00000   0.00000
   0.00000   0.00000   0.00000   0.00000   0.00000   0.00000   0.00000   0.00000   0.00000
   0.00000   0.13152   0.00000   0.00007   0.00000   0.04889   0.12581   0.00000   0.00000
   0.00000   0.00000   0.00000   0.00000   0.00000   0.00000   0.16859   0.00000   0.00000
   0.00000   0.00000   0.54134   0.00000   0.00000   0.00000   0.00000   0.00000   0.00000
   0.23739   0.10547   0.00000   0.00000   0.00000   0.03132   0.07230   0.00000   0.10176
   0.00000   0.11268   0.13191   0.30199   0.00000   0.00767   0.00000   0.00000   0.00000
   0.04604   0.00000   0.00000   0.00000   0.00000   0.09451   0.16544   0.00000   0.00000
   0.00000   0.00000   0.00000   0.04829   0.00000   0.14073   0.00000   0.00000   0.00000
   0.00051   0.27300   0.00000   0.00160   0.00000   0.02430   0.09438   0.00000   0.04150
   0.00000   0.00000   0.00000   0.00000   0.00000   0.00000   0.00000   0.00000   0.01207
   0.00000   0.00000   0.00000   0.00000   0.00000   0.15011   0.11962   0.10990   0.00000
   0.00000   0.00000   0.19107   0.00000   0.13985   0.00000   0.08441   0.00461   0.00000
   0.00000   0.37096   0.00000   0.00000   0.00000   0.00000   0.08567   0.00000   0.00000
   0.00000   0.27615   0.00000   0.00000   0.00000   0.00000   0.10817   0.00000   0.05531
   0.00000   0.00000   0.00000   0.00000   0.00000   0.00000   0.00000   0.00000   0.00324
   0.00000   0.00000   0.00000   0.64569   0.00000   0.00000   0.00000   0.00000   0.00000
   0.00000   0.00000   0.00000   0.00000   0.00000   0.00000   0.00000   0.67428   0.00000
   0.00000   0.00000   0.00000   0.00000   0.00000   0.47091   0.00000   0.00000   0.00000
   0.00053   0.00000   0.00000   0.01809   0.00000   0.09660   0.07918   0.16503   0.00000
   0.07475   0.04466   0.00000   0.00000   0.00000   0.06112   0.00000   0.39702   0.00000
   0.00000   0.00000   0.38609   0.00000   0.10645   0.02164   0.00000   0.00000   0.00000
   0.00000   0.02677   0.00000   0.00000   0.00000   0.00000   0.00435   0.04858   0.06100
   0.06686   0.06563   0.09756   0.02906   0.21789   0.09356   0.02590   0.11860   0.01505
   1.00000   1.00000   1.00000   1.00000   1.00000   1.00000   1.00000   1.00000   1.00000

   0.26471   1.00000   0.06130   0.53125   0.20762   0.37819   0.21015   0.56953   0.29845
   0.01539   0.01712   0.24229   0.21874   0.00000   0.87901   0.62571   0.06871   0.76255
   0.14551   0.65099   0.16849   0.08317   0.12830   0.22220   0.38551   0.24560   0.16738
   1.00000   0.25992   0.12965   0.09070   0.30588   0.19566   0.07572   0.29929   0.09810
   0.00000   0.00559   0.38618   0.15601   0.04914   0.76349   0.76234   0.00026   0.78155
   0.01583   0.02620   0.02071   0.04385   0.97525   0.01289   0.00516   0.04032   0.01541
   0.25577   0.58290   0.15124   0.16697   0.00745   0.26488   0.17082   0.00002   0.28486
   0.05549   0.28082   0.09076   0.39172   0.00000   0.46911   0.20028   0.50194   0.55193
   0.11103   0.14683   0.27894   0.00404   0.10430   0.68054   0.65188   0.04303   0.64252
   0.25025   0.61187   0.01938   0.30631   0.11195   0.16270   0.27101   0.26737   1.00000
   0.15842   0.47730   0.30488   0.17294   0.07853   0.38352   0.53399   0.07572   0.25809
   0.14982   0.32988   0.80050   0.00794   0.29691   0.23121   1.00000   0.39581   0.01962
   0.25452   0.13951   1.00000   0.09786   0.38584   0.33138   0.07346   0.45125   0.15317
   0.41622   0.36611   0.03945   0.14100   0.03641   0.16931   0.20369   0.06805   0.26881
   0.06633   0.46155   0.30543   0.61506   0.01187   0.13330   0.10180   0.00010   0.03979
   0.21006   0.11636   0.06709   0.20789   0.00000   0.64417   0.62333   0.15755   0.50396
   0.02038   0.03940   0.35460   0.24988   0.02879   0.73911   0.63571   0.00077   0.75181
   0.19144   0.57285   0.25681   0.15620   0.08302   0.19708   0.36523   0.15022   0.15227
   0.00000   0.05513   0.00000   0.09280   0.00000   0.85094   0.10774   0.68137   0.84856
   0.09687   0.15645   0.43042   0.09483   0.08420   0.54086   0.52657   0.32783   0.23956
   0.13318   0.09108   0.68092   0.00000   0.34318   0.22650   0.52508   0.19820   0.15455
   0.23944   0.82236   0.09922   0.13052   0.09658   0.11964   0.28927   0.30278   0.22938
   0.11704   0.54495   0.37631   0.06985   0.07752   0.22803   0.47684   0.11190   0.25676
   0.00283   0.07653   0.40267   0.20052   0.08211   0.63563   0.80000   0.00444   0.94697
   0.04250   0.02883   0.15690   1.00000   0.16536   0.04787   0.07118   0.24638   0.07708
   0.07613   0.03195   0.07773   0.14755   0.16972   0.21705   0.15929   1.00000   0.06670
   0.13483   0.05631   0.08506   0.49024   0.26460   1.00000   0.03468   0.52909   0.18633
   0.15235   0.17008   0.06530   0.20179   0.00000   0.39399   0.39109   0.31535   0.13137
   0.21737   0.18653   0.05798   0.11976   0.02512   0.24002   0.22436   0.60918   0.14985
   0.05646   0.13296   0.73731   0.02216   0.43470   0.21631   0.11164   0.19176   0.05388
   0.19341   0.56218   0.02703   0.17189   0.09148   0.15026   0.15336   0.29522   0.72847
   0.13230   0.17710   0.25261   0.10557   0.29814   0.23980   0.13359   0.23921   0.08067
   1.00000   1.00000   1.00000   1.00000   1.00000   1.00000   1.00000   1.00000   1.00000
