
       0      -0.159
    4    7    1    2    0    0    2    1   16
    8   12    7    4    1    1   11    3   33
   12   17   15    7    1    4   18    3   43
   12   17   17    8    1    5   20    3   44


   0.00000E+00   0.87476E+01   0.00000E+00   0.00000E+00   0.00000E+00   0.00000E+00   0.00000E+00   0.00000E+00   0.00000E+00
   0.00000E+00   0.00000E+00   0.00000E+00   0.10771E-02   0.00000E+00   0.11875E-01   0.95164E-02   0.00000E+00   0.00000E+00
   0.00000E+00   0.55379E-01   0.00000E+00   0.00000E+00   0.13257E-03   0.82231E-02   0.32589E-01   0.53510E-02   0.19631E-02
   0.10174E+02   0.00000E+00   0.00000E+00   0.00000E+00   0.00000E+00   0.00000E+00   0.00000E+00   0.00000E+00  -0.78328E-21
   0.00000E+00   0.00000E+00   0.00000E+00   0.00000E+00   0.00000E+00   0.92149E-03   0.14034E-02   0.00000E+00   0.00000E+00
   0.00000E+00   0.90643E-03   0.18115E-02   0.38455E+00   0.12635E+03   0.50705E+00   0.00000E+00   0.23141E+01   0.34749E-01
   0.98134E-03   0.18869E-02   0.12314E-03   0.35954E-03   0.00000E+00   0.67955E-03   0.17373E-03   0.00000E+00   0.29683E-03
   0.00000E+00   0.85429E-02   0.00000E+00   0.36171E-02   0.00000E+00   0.68467E-02   0.00000E+00   0.10185E-01   0.00000E+00
   0.45723E-03   0.23084E-02   0.00000E+00   0.00000E+00   0.00000E+00   0.76732E-02   0.30566E-01   0.00000E+00   0.00000E+00
   0.00000E+00   0.26989E+00   0.00000E+00   0.00000E+00   0.00000E+00   0.00000E+00   0.00000E+00   0.00000E+00   0.44914E+00
   0.69819E-04   0.20257E-02   0.00000E+00   0.64160E-04   0.00000E+00   0.65696E-03   0.20755E-02   0.00000E+00   0.00000E+00
   0.00000E+00   0.67915E-02   0.00000E+00   0.00000E+00   0.00000E+00   0.00000E+00   0.36910E+01   0.00000E+00   0.00000E+00
   0.00000E+00   0.00000E+00   0.17772E+02   0.00000E+00   0.00000E+00   0.00000E+00   0.00000E+00   0.00000E+00   0.00000E+00
   0.84741E-01   0.46986E-01   0.00000E+00   0.47954E-02   0.00000E+00   0.12806E-01   0.40503E-01   0.00000E+00   0.27157E-01
   0.00000E+00   0.16106E-02   0.14422E-02   0.42883E-02   0.00000E+00   0.10614E-05   0.00000E+00   0.00000E+00   0.00000E+00
   0.44707E-02   0.00000E+00   0.00000E+00   0.62037E-03   0.00000E+00   0.94877E-02   0.23347E-01   0.00000E+00   0.00000E+00
   0.00000E+00   0.00000E+00   0.13014E-02   0.14079E-01   0.00000E+00   0.47264E-01   0.50500E-01   0.00000E+00   0.00000E+00
   0.87821E-03   0.11476E-01   0.00000E+00   0.44194E-03   0.00000E+00   0.13298E-02   0.59270E-02   0.00000E+00   0.14114E-02
   0.00000E+00   0.00000E+00   0.00000E+00   0.00000E+00   0.00000E+00   0.83391E-03   0.00000E+00   0.13736E-04   0.85969E-04
   0.26846E-03   0.16675E-03   0.45440E-06   0.00000E+00   0.00000E+00   0.57001E-02   0.70113E-02   0.37708E-02   0.00000E+00
   0.00000E+00   0.00000E+00   0.40545E-01   0.00000E+00   0.31024E-01   0.00000E+00   0.38178E-01   0.39713E-03   0.00000E+00
   0.53395E-02   0.18720E+00   0.00000E+00   0.00000E+00   0.00000E+00   0.37167E-03   0.54289E-01   0.21953E-02   0.00000E+00
   0.00000E+00   0.16818E-01   0.00000E+00   0.00000E+00   0.00000E+00   0.80040E-03   0.11246E-01   0.00000E+00   0.28236E-02
   0.00000E+00   0.00000E+00   0.00000E+00   0.00000E+00   0.00000E+00   0.34531E-02   0.61100E-01   0.00000E+00   0.00000E+00
  -0.11505E-16  -0.13333E-15  -0.22274E-21   0.20239E+02   0.00000E+00  -0.54000E-23  -0.27573E-33  -0.26365E-16  -0.16396E-23
   0.00000E+00   0.00000E+00   0.00000E+00   0.00000E+00  -0.89970E-21   0.00000E+00   0.00000E+00   0.14229E+03   0.00000E+00
   0.00000E+00   0.00000E+00   0.00000E+00   0.00000E+00   0.00000E+00   0.10752E+03   0.00000E+00   0.00000E+00   0.00000E+00
   0.54164E+00   0.18969E+01   0.00000E+00   0.11091E+01   0.00000E+00   0.39828E+01   0.56479E+01   0.64021E+01   0.00000E+00
   0.17857E+01   0.11424E+01   0.00000E+00   0.00000E+00   0.00000E+00   0.15658E+01   0.52653E-02   0.85439E+01   0.00000E+00
   0.00000E+00   0.00000E+00   0.69580E+02   0.00000E+00   0.13946E+02   0.40415E+01   0.00000E+00   0.00000E+00   0.00000E+00
   0.00000E+00   0.37944E+01   0.00000E+00   0.00000E+00   0.00000E+00   0.11394E+00   0.77379E+00   0.23897E+01   0.35976E+01
   0.81733E+02   0.72463E+02   0.11799E+03   0.33177E+02   0.23375E+03   0.12122E+03   0.36438E+02   0.13845E+03   0.13094E+02
   0.10000E+01   0.10000E+01   0.10000E+01   0.10000E+01   0.10000E+01   0.10000E+01   0.10000E+01   0.10000E+01   0.10000E+01

   0.56091E+01   0.20543E+02   0.11566E+01   0.76989E+01   0.25650E+01   0.46564E+01   0.25941E+01   0.81482E+01   0.57717E+01
   0.61931E-04   0.16999E-03   0.93926E-02   0.83529E-02   0.43950E-18   0.39238E-01   0.33771E-01   0.20255E-02   0.29865E-01
   0.29441E-01   0.11228E+00   0.12778E-01   0.17549E-01   0.18463E-01   0.28130E-01   0.57680E-01   0.40418E-01   0.35279E-01
   0.21947E+02   0.45333E+01   0.25635E+01   0.11130E+01   0.50012E+01   0.27885E+01   0.13168E+01   0.46390E+01   0.20142E+01
   0.33788E-19   0.87270E-19   0.19561E-02   0.54359E-03   0.29688E-03   0.39601E-02   0.52609E-02   0.31392E-19   0.39682E-02
   0.18532E+01   0.36838E+01   0.27468E+01   0.56660E+01   0.13906E+03   0.15606E+01   0.77645E+00   0.44779E+01   0.19260E+01
   0.24534E-02   0.45729E-02   0.12656E-02   0.14384E-02   0.73960E-04   0.17132E-02   0.16164E-02   0.11864E-05   0.23890E-02
   0.35248E-02   0.17016E-01   0.53969E-03   0.24626E-01   0.18444E-17   0.28236E-01   0.10426E-01   0.34737E-01   0.25177E-01
   0.82157E-02   0.10472E-01   0.89345E-02   0.10826E-17   0.44367E-02   0.38159E-01   0.49356E-01   0.10120E-17   0.30620E-01
   0.42985E+01   0.94684E+01   0.12327E+00   0.35447E+01   0.12451E+01   0.16274E+01   0.25755E+01   0.30384E+01   0.15172E+02
   0.16468E-02   0.44567E-02   0.20887E-02   0.13171E-02   0.45685E-03   0.25429E-02   0.41605E-02   0.60492E-03   0.17026E-02
   0.24864E+01   0.54909E+01   0.10040E+02   0.42805E+00   0.35519E+01   0.21558E+01   0.16098E+02   0.41417E+01   0.40066E+00
   0.90928E+01   0.32452E+01   0.33799E+02   0.21753E+01   0.87453E+01   0.73483E+01   0.79819E+00   0.10319E+02   0.32770E+01
   0.14601E+00   0.12338E+00   0.61245E-02   0.34068E-01   0.71293E-02   0.38540E-01   0.62439E-01   0.14280E-01   0.99633E-01
   0.98746E-03   0.44423E-02   0.28292E-02   0.63466E-02   0.64985E-08   0.11656E-02   0.10551E-02   0.24991E-19   0.25225E-03
   0.15494E-01   0.37205E-02   0.88221E-03   0.11232E-01   0.12528E-17   0.35193E-01   0.44202E-01   0.32945E-02   0.21700E-01
   0.55902E-02   0.24720E-02   0.75688E-01   0.51741E-01   0.10502E-01   0.16344E+00   0.17949E+00   0.18826E-17   0.15723E+00
   0.87129E-02   0.23427E-01   0.80364E-02   0.67918E-02   0.24887E-02   0.58171E-02   0.14441E-01   0.57038E-02   0.80528E-02
   0.13320E-19   0.71195E-04   0.13945E-19   0.48290E-03   0.17386E-19   0.31556E-02   0.14896E-03   0.26084E-02   0.27191E-02
   0.29219E-02   0.48212E-02   0.10065E-01   0.21814E-02   0.21746E-02   0.13485E-01   0.18468E-01   0.94163E-02   0.55848E-02
   0.27568E-01   0.19425E-01   0.13907E+00   0.29251E-18   0.67697E-01   0.32222E-01   0.11296E+00   0.38678E-01   0.22602E-01
   0.13263E+00   0.40822E+00   0.35312E-01   0.67405E-01   0.43195E-01   0.44910E-01   0.11872E+00   0.13690E+00   0.12063E+00
   0.76154E-02   0.33091E-01   0.15899E-01   0.28781E-02   0.31388E-02   0.94411E-02   0.27528E-01   0.64616E-02   0.14500E-01
   0.53524E-03   0.15601E-01   0.90592E-01   0.34595E-01   0.83819E-02   0.13920E+00   0.26197E+00   0.17167E-17   0.25673E+00
   0.12127E+01   0.66681E+00   0.44250E+01   0.30247E+02   0.39607E+01   0.82555E+00   0.59205E+00   0.55027E+01   0.19774E+01
   0.17783E+02   0.72411E+01   0.90228E+01   0.21630E+02   0.23669E+02   0.30052E+02   0.17379E+02   0.20026E+03   0.45433E+01
   0.18873E+02   0.82455E+01   0.17084E+02   0.63671E+02   0.33448E+02   0.18873E+03   0.42869E+00   0.70907E+02   0.22168E+02
   0.55294E+01   0.55995E+01   0.32204E+00   0.55344E+01   0.31574E-15   0.10547E+02   0.11282E+02   0.10113E+02   0.39918E+01
   0.43703E+01   0.35072E+01   0.14998E-15   0.99975E+00   0.49859E+00   0.40356E+01   0.30636E+01   0.11368E+02   0.23724E+01
   0.76770E+01   0.17414E+02   0.11006E+03   0.10771E+00   0.50287E+02   0.24131E+02   0.13253E+02   0.22142E+02   0.41965E+01
   0.11286E+02   0.30597E+02   0.59739E+00   0.71136E+01   0.37901E+01   0.49624E+01   0.43656E+01   0.11895E+02   0.37912E+02
   0.16499E+03   0.17341E+03   0.25837E+03   0.10297E+03   0.30628E+03   0.22674E+03   0.15252E+03   0.25055E+03   0.82584E+02
   0.10000E+01   0.10000E+01   0.10000E+01   0.10000E+01   0.10000E+01   0.10000E+01   0.10000E+01   0.10000E+01   0.10000E+01

   0.00000   0.47436   0.00000   0.00000   0.00000   0.00000   0.00000   0.00000   0.00000
   0.00000   0.00000   0.00000   0.01876   0.00000   0.21632   0.17335   0.00000   0.00000
   0.00000   0.32066   0.00000   0.00000   0.00077   0.04768   0.18874   0.03075   0.01138
   0.49198   0.00000   0.00000   0.00000   0.00000   0.00000   0.00000   0.00000  -0.00000
   0.00000   0.00000   0.00000   0.00000   0.00000   0.13211   0.20121   0.00000   0.00000
   0.00000   0.00001   0.00001   0.00262   0.88761   0.00356   0.00000   0.01624   0.00024
   0.11447   0.22082   0.01491   0.04185   0.00000   0.07995   0.02027   0.00000   0.03424
   0.00000   0.12546   0.00000   0.05363   0.00000   0.10152   0.00000   0.14936   0.00000
   0.00588   0.03002   0.00000   0.00000   0.00000   0.09978   0.39749   0.00000   0.00000
   0.00000   0.01748   0.00000   0.00000   0.00000   0.00000   0.00000   0.00000   0.03061
   0.00774   0.22536   0.00000   0.00713   0.00000   0.07238   0.22808   0.00000   0.00000
   0.00000   0.00042   0.00000   0.00000   0.00000   0.00000   0.22993   0.00000   0.00000
   0.00000   0.00000   0.55590   0.00000   0.00000   0.00000   0.00000   0.00000   0.00000
   0.26508   0.14622   0.00000   0.01467   0.00000   0.03997   0.12586   0.00000   0.08495
   0.00000   0.14486   0.12616   0.37513   0.00000   0.00009   0.00000   0.00000   0.00000
   0.05972   0.00000   0.00000   0.00861   0.00000   0.13247   0.31485   0.00000   0.00000
   0.00000   0.00000   0.00440   0.04722   0.00000   0.16483   0.17611   0.00000   0.00000
   0.02156   0.28189   0.00000   0.01081   0.00000   0.03268   0.14544   0.00000   0.03469
   0.00000   0.00000   0.00000   0.00000   0.00000   0.19598   0.00000   0.00294   0.01981
   0.00823   0.00512   0.00001   0.00000   0.00000   0.17588   0.21449   0.11567   0.00000
   0.00000   0.00000   0.18379   0.00000   0.14098   0.00000   0.17240   0.00180   0.00000
   0.01098   0.38506   0.00000   0.00000   0.00000   0.00076   0.11165   0.00444   0.00000
   0.00000   0.29747   0.00000   0.00000   0.00000   0.01396   0.19830   0.00000   0.04897
   0.00000   0.00000   0.00000   0.00000   0.00000   0.01039   0.18387   0.00000   0.00000
  -0.00000  -0.00000  -0.00000   0.67511   0.00000  -0.00000  -0.00000  -0.00000  -0.00000
   0.00000   0.00000   0.00000   0.00000  -0.00000   0.00000   0.00000   0.72062   0.00000
   0.00000   0.00000   0.00000   0.00000   0.00000   0.60261   0.00000   0.00000   0.00000
   0.01612   0.05700   0.00000   0.03323   0.00000   0.11989   0.16903   0.19200   0.00000
   0.09049   0.05804   0.00000   0.00000   0.00000   0.08003   0.00027   0.43423   0.00000
   0.00000   0.00000   0.50132   0.00000   0.10358   0.02912   0.00000   0.00000   0.00000
   0.00000   0.07841   0.00000   0.00000   0.00000   0.00234   0.01582   0.04885   0.07549
   0.07586   0.06731   0.10961   0.03081   0.21690   0.11260   0.03386   0.12862   0.01215
   1.00000   1.00000   1.00000   1.00000   1.00000   1.00000   1.00000   1.00000   1.00000

   0.30415   0.99859   0.06265   0.39840   0.13666   0.24682   0.13840   0.42111   0.31360
   0.00111   0.00302   0.16363   0.14661   0.00000   0.69381   0.60084   0.03574   0.54403
   0.17065   0.64536   0.07403   0.10148   0.10705   0.16295   0.33113   0.23368   0.20440
   1.00000   0.21917   0.12421   0.05397   0.24044   0.13402   0.06381   0.22122   0.09765
   0.00000   0.00000   0.26396   0.07607   0.04043   0.53295   0.73989   0.00000   0.56892
   0.01260   0.02585   0.01928   0.03977   0.94566   0.01061   0.00528   0.03158   0.01352
   0.28787   0.52755   0.14768   0.16862   0.00863   0.20503   0.19018   0.00014   0.27958
   0.05184   0.24704   0.00795   0.36114   0.00000   0.41370   0.15204   0.49150   0.37330
   0.10473   0.13460   0.11241   0.00000   0.05710   0.47023   0.62712   0.00000   0.39820
   0.29054   0.64538   0.00828   0.23671   0.08344   0.10918   0.17555   0.20323   0.98252
   0.18189   0.49507   0.22953   0.14592   0.05014   0.27951   0.45482   0.06733   0.18759
   0.15645   0.34537   0.62547   0.02692   0.22162   0.13509   0.99678   0.25816   0.02521
   0.28797   0.10280   1.00000   0.06892   0.27355   0.22999   0.02527   0.31846   0.10376
   0.45458   0.38255   0.01912   0.10585   0.02211   0.12004   0.19526   0.04468   0.31006
   0.08646   0.39154   0.24596   0.55823   0.00000   0.10296   0.09490   0.00000   0.02269
   0.20935   0.05014   0.01200   0.15336   0.00000   0.47090   0.59949   0.04424   0.30299
   0.01924   0.00845   0.25075   0.17717   0.03585   0.54815   0.61797   0.00000   0.54833
   0.21413   0.57312   0.19720   0.16693   0.06097   0.14270   0.35336   0.13986   0.19802
   0.00000   0.01609   0.00000   0.11159   0.00000   0.72704   0.03235   0.51357   0.57763
   0.08958   0.14809   0.30794   0.06687   0.06663   0.41211   0.56649   0.28858   0.17232
   0.12474   0.08808   0.62802   0.00000   0.30639   0.14643   0.51131   0.17545   0.10323
   0.27309   0.82528   0.07274   0.13838   0.08880   0.09242   0.24035   0.28115   0.24799
   0.13514   0.57385   0.28036   0.05105   0.05515   0.16670   0.48463   0.11464   0.25647
   0.00161   0.04734   0.26674   0.10661   0.02547   0.41304   0.79792   0.00000   0.77262
   0.04047   0.02226   0.14768   1.00000   0.13213   0.02755   0.01976   0.18355   0.06599
   0.09005   0.03670   0.04569   0.10954   0.11983   0.15223   0.08801   1.00000   0.02301
   0.11062   0.04838   0.10010   0.36167   0.19286   1.00000   0.00251   0.39739   0.12983
   0.16627   0.16794   0.00964   0.16598   0.00000   0.31608   0.33845   0.30153   0.11994
   0.22308   0.17909   0.00000   0.05081   0.02539   0.20612   0.15582   0.57927   0.12009
   0.05645   0.12849   0.79001   0.00078   0.36232   0.17725   0.09770   0.16097   0.03094
   0.23122   0.62540   0.01222   0.14607   0.07765   0.10178   0.09160   0.24402   0.78345
   0.15328   0.16095   0.24008   0.09560   0.28450   0.21037   0.14169   0.23272   0.07673
   1.00000   1.00000   1.00000   1.00000   1.00000   1.00000   1.00000   1.00000   1.00000
