
       0      -0.159
    4    7    1    2    0    0    2    1   16
    8   12    7    4    1    1   11    3   33
   12   17   15    7    1    4   18    3   43
   12   17   17    8    1    5   20    3   44


   0.00000E+00   0.82163E+01   0.00000E+00   0.00000E+00   0.00000E+00   0.00000E+00   0.00000E+00   0.00000E+00   0.00000E+00
   0.00000E+00   0.00000E+00   0.00000E+00   0.50421E-03   0.00000E+00   0.86852E-02   0.00000E+00   0.00000E+00   0.00000E+00
   0.00000E+00   0.54034E-01   0.00000E+00   0.00000E+00   0.00000E+00   0.63254E-02   0.27310E-01   0.33896E-02   0.10485E-02
   0.10174E+02   0.00000E+00   0.00000E+00   0.00000E+00   0.00000E+00   0.00000E+00   0.00000E+00   0.00000E+00  -0.78328E-21
   0.00000E+00   0.00000E+00   0.00000E+00   0.00000E+00   0.00000E+00   0.61344E-03   0.54181E-18   0.00000E+00   0.00000E+00
   0.00000E+00   0.83367E-03   0.16785E-10   0.56220E-02   0.12635E+03   0.45894E+00   0.00000E+00   0.20683E+01   0.00000E+00
   0.90697E-03   0.15216E-02   0.12314E-03   0.33746E-03   0.00000E+00   0.55503E-03   0.32168E-05   0.00000E+00   0.25193E-03
   0.00000E+00   0.80444E-02   0.00000E+00   0.19650E-03   0.00000E+00   0.00000E+00   0.00000E+00   0.88891E-02   0.00000E+00
   0.15842E-03   0.00000E+00   0.00000E+00   0.00000E+00   0.00000E+00   0.22418E-02   0.18898E-01   0.00000E+00   0.00000E+00
   0.00000E+00   0.00000E+00   0.00000E+00   0.00000E+00   0.00000E+00   0.00000E+00   0.00000E+00   0.00000E+00   0.00000E+00
   0.00000E+00   0.18953E-02   0.00000E+00   0.19647E-04   0.00000E+00   0.44151E-03   0.15445E-02   0.00000E+00   0.00000E+00
   0.00000E+00   0.00000E+00   0.00000E+00   0.00000E+00   0.00000E+00   0.00000E+00   0.29433E+01   0.00000E+00   0.00000E+00
   0.00000E+00   0.00000E+00   0.17754E+02   0.00000E+00   0.00000E+00   0.00000E+00   0.00000E+00   0.00000E+00   0.00000E+00
   0.79952E-01   0.34036E-01   0.00000E+00   0.45685E-02   0.00000E+00   0.10339E-01   0.32116E-01   0.00000E+00   0.27157E-01
   0.00000E+00   0.12422E-02   0.43598E-03   0.29825E-02   0.00000E+00   0.10614E-05   0.00000E+00   0.00000E+00   0.00000E+00
   0.44707E-02   0.00000E+00   0.00000E+00   0.00000E+00   0.00000E+00   0.66880E-02   0.17569E-01   0.00000E+00   0.00000E+00
   0.00000E+00   0.00000E+00   0.23975E-18   0.14079E-01   0.00000E+00   0.39854E-01   0.00000E+00   0.00000E+00   0.00000E+00
   0.14121E-03   0.11181E-01   0.00000E+00   0.15161E-03   0.00000E+00   0.12436E-02   0.47174E-02   0.00000E+00   0.14114E-02
   0.00000E+00   0.00000E+00   0.00000E+00   0.00000E+00   0.00000E+00   0.00000E+00   0.00000E+00   0.00000E+00   0.72120E-04
   0.00000E+00   0.17989E-10   0.00000E+00   0.00000E+00   0.00000E+00   0.53538E-02   0.51226E-02   0.37708E-02   0.00000E+00
   0.00000E+00   0.00000E+00   0.40124E-01   0.00000E+00   0.31024E-01   0.00000E+00   0.27017E-01   0.39713E-03   0.00000E+00
   0.00000E+00   0.18160E+00   0.00000E+00   0.00000E+00   0.00000E+00   0.00000E+00   0.43356E-01   0.00000E+00   0.00000E+00
   0.00000E+00   0.14005E-01   0.00000E+00   0.00000E+00   0.00000E+00   0.00000E+00   0.84376E-02   0.00000E+00   0.28236E-02
   0.00000E+00   0.00000E+00   0.00000E+00   0.00000E+00   0.00000E+00   0.00000E+00   0.00000E+00   0.00000E+00   0.00000E+00
  -0.11505E-16  -0.13333E-15  -0.22274E-21   0.19897E+02   0.00000E+00  -0.54000E-23  -0.27573E-33  -0.26365E-16  -0.16396E-23
   0.00000E+00   0.00000E+00   0.00000E+00   0.00000E+00  -0.89970E-21   0.00000E+00   0.00000E+00   0.13689E+03   0.00000E+00
   0.00000E+00   0.00000E+00   0.00000E+00   0.00000E+00   0.00000E+00   0.98142E+02   0.00000E+00   0.00000E+00   0.00000E+00
   0.20835E+00   0.00000E+00   0.00000E+00   0.10480E+01   0.00000E+00   0.35492E+01   0.33606E+01   0.59854E+01   0.00000E+00
   0.16786E+01   0.87847E+00   0.00000E+00   0.00000E+00   0.00000E+00   0.12971E+01   0.00000E+00   0.85024E+01   0.00000E+00
   0.00000E+00   0.00000E+00   0.57894E+02   0.00000E+00   0.13946E+02   0.39959E+01   0.00000E+00   0.00000E+00   0.00000E+00
   0.00000E+00   0.89187E+00   0.00000E+00   0.00000E+00   0.00000E+00   0.00000E+00   0.66446E+00   0.23706E+01   0.28953E+01
   0.76093E+02   0.64902E+02   0.11405E+03   0.32542E+02   0.23333E+03   0.10992E+03   0.29196E+02   0.13673E+03   0.13094E+02
   0.10000E+01   0.10000E+01   0.10000E+01   0.10000E+01   0.10000E+01   0.10000E+01   0.10000E+01   0.10000E+01   0.10000E+01

   0.56091E+01   0.21764E+02   0.11566E+01   0.92807E+01   0.32083E+01   0.59188E+01   0.39398E+01   0.10074E+02   0.66865E+01
   0.43352E-03   0.61980E-03   0.12773E-01   0.11408E-01   0.26370E-17   0.43254E-01   0.34182E-01   0.33828E-02   0.41041E-01
   0.29441E-01   0.11371E+00   0.23659E-01   0.17549E-01   0.20326E-01   0.33124E-01   0.67034E-01   0.42064E-01   0.40275E-01
   0.22733E+02   0.47113E+01   0.26193E+01   0.17622E+01   0.56993E+01   0.33631E+01   0.14501E+01   0.54875E+01   0.20585E+01
   0.20273E-18   0.52362E-18   0.25585E-02   0.97133E-03   0.41238E-03   0.46737E-02   0.53180E-02   0.18835E-18   0.52567E-02
   0.18532E+01   0.37338E+01   0.28613E+01   0.59768E+01   0.14359E+03   0.18388E+01   0.77645E+00   0.55408E+01   0.20872E+01
   0.24534E-02   0.47636E-02   0.13158E-02   0.15362E-02   0.11702E-03   0.19876E-02   0.16164E-02   0.13841E-05   0.24913E-02
   0.41495E-02   0.18163E-01   0.20987E-02   0.24696E-01   0.11066E-16   0.28848E-01   0.11828E-01   0.35896E-01   0.36581E-01
   0.89732E-02   0.10472E-01   0.19046E-01   0.76140E-04   0.60041E-02   0.45431E-01   0.50284E-01   0.96477E-03   0.48689E-01
   0.42985E+01   0.94684E+01   0.20836E+00   0.41299E+01   0.14493E+01   0.19534E+01   0.39738E+01   0.35619E+01   0.15915E+02
   0.16468E-02   0.44612E-02   0.25174E-02   0.14251E-02   0.62103E-03   0.29574E-02   0.41605E-02   0.60492E-03   0.23307E-02
   0.24864E+01   0.54909E+01   0.11614E+02   0.42805E+00   0.41230E+01   0.27848E+01   0.17025E+02   0.53777E+01   0.98440E+00
   0.90928E+01   0.35649E+01   0.35452E+02   0.33795E+01   0.10527E+02   0.88039E+01   0.10455E+01   0.12818E+02   0.48516E+01
   0.14601E+00   0.12338E+00   0.11214E-01   0.38944E-01   0.97018E-02   0.45139E-01   0.63934E-01   0.15983E-01   0.99633E-01
   0.98746E-03   0.49335E-02   0.30911E-02   0.68613E-02   0.30636E-07   0.13175E-02   0.11222E-02   0.14994E-18   0.43869E-03
   0.15494E-01   0.72862E-02   0.28615E-02   0.14378E-01   0.75171E-17   0.39847E-01   0.45114E-01   0.74239E-02   0.35663E-01
   0.63094E-02   0.86777E-02   0.95739E-01   0.67297E-01   0.12705E-01   0.19039E+00   0.18093E+00   0.11295E-16   0.21291E+00
   0.87129E-02   0.23509E-01   0.98734E-02   0.67918E-02   0.30623E-02   0.65873E-02   0.14979E-01   0.59771E-02   0.93126E-02
   0.79922E-19   0.76555E-04   0.83671E-19   0.48290E-03   0.10431E-18   0.33852E-02   0.42728E-03   0.26923E-02   0.36107E-02
   0.29219E-02   0.49167E-02   0.12257E-01   0.27229E-02   0.25110E-02   0.15557E-01   0.18468E-01   0.96677E-02   0.77461E-02
   0.31962E-01   0.20048E-01   0.14657E+00   0.17551E-17   0.71397E-01   0.39887E-01   0.11479E+00   0.41864E-01   0.33917E-01
   0.13263E+00   0.41421E+00   0.53496E-01   0.67405E-01   0.45882E-01   0.51211E-01   0.14272E+00   0.14505E+00   0.14549E+00
   0.76154E-02   0.33091E-01   0.19449E-01   0.32514E-02   0.42070E-02   0.10050E-01   0.27528E-01   0.64616E-02   0.15407E-01
   0.93085E-03   0.21422E-01   0.12403E+00   0.56313E-01   0.15454E-01   0.16507E+00   0.26288E+00   0.13904E-03   0.31185E+00
   0.12194E+01   0.82789E+00   0.46805E+01   0.30486E+02   0.44126E+01   0.14345E+01   0.11631E+01   0.63264E+01   0.21488E+01
   0.17783E+02   0.72411E+01   0.10677E+02   0.26023E+02   0.28193E+02   0.35657E+02   0.30948E+02   0.20130E+03   0.71639E+01
   0.22376E+02   0.90398E+01   0.17084E+02   0.76474E+02   0.39827E+02   0.19729E+03   0.30008E+01   0.85041E+02   0.31825E+02
   0.55294E+01   0.56478E+01   0.10885E+01   0.60890E+01   0.18944E-14   0.11439E+02   0.12416E+02   0.10355E+02   0.43655E+01
   0.43703E+01   0.36093E+01   0.89990E-15   0.14948E+01   0.55985E+00   0.42509E+01   0.44135E+01   0.11790E+02   0.24580E+01
   0.78007E+01   0.17799E+02   0.11006E+03   0.15079E+01   0.55362E+02   0.26529E+02   0.13253E+02   0.24642E+02   0.72984E+01
   0.11286E+02   0.30597E+02   0.10276E+01   0.79594E+01   0.41343E+01   0.58796E+01   0.72786E+01   0.13188E+02   0.37912E+02
   0.16499E+03   0.17925E+03   0.27257E+03   0.10784E+03   0.31712E+03   0.24748E+03   0.15252E+03   0.25263E+03   0.90315E+02
   0.10000E+01   0.10000E+01   0.10000E+01   0.10000E+01   0.10000E+01   0.10000E+01   0.10000E+01   0.10000E+01   0.10000E+01

   0.00000   0.44573   0.00000   0.00000   0.00000   0.00000   0.00000   0.00000   0.00000
   0.00000   0.00000   0.00000   0.00873   0.00000   0.16137   0.00000   0.00000   0.00000
   0.00000   0.31282   0.00000   0.00000   0.00000   0.03638   0.15820   0.01941   0.00609
   0.51204   0.00000   0.00000   0.00000   0.00000   0.00000   0.00000   0.00000   0.00000
   0.00000   0.00000   0.00315   0.00000   0.00000   0.09120   0.00000   0.00000   0.00000
   0.00000   0.00001   0.00000   0.00004   0.88782   0.00322   0.00000   0.01382   0.00000
   0.10570   0.17783   0.01592   0.03877   0.00000   0.06489   0.00037   0.00000   0.02895
   0.00000   0.11706   0.00000   0.00296   0.00000   0.00000   0.00000   0.13062   0.00000
   0.00204   0.00000   0.00000   0.00000   0.00000   0.02958   0.24938   0.00000   0.00000
   0.00000   0.00000   0.00000   0.00000   0.00000   0.00000   0.00000   0.00000   0.00000
   0.00000   0.21298   0.00000   0.00218   0.00000   0.04889   0.16934   0.00000   0.00000
   0.00000   0.00000   0.00000   0.00000   0.00000   0.00000   0.18140   0.00000   0.00000
   0.00000   0.00000   0.55093   0.00000   0.00000   0.00000   0.00000   0.00000   0.00000
   0.24749   0.10572   0.00000   0.01397   0.00000   0.03235   0.09969   0.00000   0.08942
   0.00000   0.11268   0.03883   0.26393   0.00000   0.00182   0.00000   0.00000   0.00000
   0.06387   0.00000   0.00000   0.00000   0.00000   0.09451   0.23843   0.00000   0.00000
   0.00000   0.00000   0.00000   0.05448   0.00000   0.14073   0.00000   0.00000   0.00000
   0.00346   0.27485   0.00000   0.00369   0.00000   0.03058   0.11568   0.00000   0.03869
   0.00000   0.00000   0.00000   0.00000   0.00000   0.00000   0.00000   0.00000   0.01655
   0.00000   0.00000   0.00000   0.00000   0.00000   0.16409   0.15697   0.12124   0.00000
   0.00000   0.00000   0.18206   0.00000   0.14092   0.00000   0.12164   0.00427   0.00000
   0.00000   0.37224   0.00000   0.00000   0.00000   0.00000   0.08932   0.00000   0.00000
   0.00000   0.24823   0.00000   0.00000   0.00000   0.00000   0.14830   0.00000   0.05001
   0.00000   0.00000   0.00000   0.00000   0.00000   0.00000   0.00000   0.00000   0.00000
   0.00000   0.00000   0.00000   0.66334   0.00000   0.00000   0.00000   0.00000   0.00000
   0.00000   0.00000   0.00000   0.00000   0.00000   0.00000   0.00000   0.69364   0.00000
   0.00000   0.00000   0.00000   0.00000   0.00000   0.53576   0.00000   0.00000   0.00000
   0.00620   0.00000   0.00000   0.03140   0.00000   0.10684   0.10046   0.17939   0.00000
   0.08505   0.04466   0.00000   0.00000   0.00000   0.06629   0.00000   0.43241   0.00000
   0.00000   0.00000   0.41502   0.00000   0.10704   0.02864   0.00000   0.00000   0.00000
   0.00000   0.01834   0.00000   0.00000   0.00000   0.00000   0.01357   0.04838   0.06100
   0.07056   0.06028   0.10594   0.03021   0.21632   0.10206   0.02713   0.12704   0.01295
   1.00000   1.00000   1.00000   1.00000   1.00000   1.00000   1.00000   1.00000   1.00000

   0.27771   1.00000   0.06121   0.46510   0.16869   0.30851   0.21015   0.49994   0.36274
   0.00778   0.01105   0.22060   0.20056   0.00000   0.74978   0.60872   0.05932   0.76255
   0.15410   0.65129   0.13704   0.09750   0.11800   0.19188   0.38551   0.24271   0.23267
   1.00000   0.22794   0.12691   0.08545   0.27162   0.16104   0.07027   0.25898   0.09980
   0.00000   0.00000   0.34466   0.13510   0.05608   0.62756   0.74844   0.00000   0.78155
   0.01273   0.02620   0.02009   0.04195   0.95974   0.01229   0.00452   0.03923   0.01465
   0.26701   0.54731   0.15345   0.18018   0.01365   0.24277   0.11832   0.00017   0.29168
   0.06099   0.26236   0.03094   0.36291   0.00000   0.42227   0.17258   0.50812   0.55193
   0.11404   0.12800   0.23879   0.00102   0.07732   0.55808   0.63860   0.01297   0.64252
   0.26421   0.63001   0.01400   0.27283   0.09662   0.13078   0.27101   0.23642   1.00000
   0.16495   0.49414   0.27599   0.15753   0.06838   0.32435   0.43600   0.05440   0.25809
   0.15115   0.34166   0.71578   0.01729   0.25577   0.17414   1.00000   0.33228   0.06195
   0.26103   0.11294   1.00000   0.10708   0.32668   0.27383   0.03310   0.38611   0.15360
   0.42446   0.37751   0.03481   0.12097   0.03012   0.14045   0.19985   0.05001   0.28928
   0.07713   0.43659   0.26905   0.59722   0.00000   0.11649   0.10180   0.00000   0.03979
   0.20943   0.09841   0.03858   0.19512   0.00000   0.53114   0.61153   0.09853   0.50396
   0.02174   0.02978   0.31517   0.23049   0.04326   0.63616   0.62299   0.00000   0.75181
   0.19801   0.57187   0.24212   0.16517   0.07507   0.16176   0.36523   0.14664   0.22892
   0.00000   0.01741   0.00000   0.00925   0.00000   0.77670   0.09323   0.57224   0.84856
   0.07949   0.15079   0.37560   0.08347   0.07693   0.47480   0.54379   0.29605   0.23956
   0.14481   0.09104   0.65993   0.00000   0.32279   0.18119   0.51980   0.18947   0.15455
   0.25035   0.82909   0.11021   0.13795   0.09441   0.10539   0.28927   0.29753   0.29822
   0.12355   0.56691   0.34184   0.05751   0.07413   0.17734   0.47884   0.10521   0.27307
   0.00283   0.06488   0.36391   0.17320   0.04710   0.49118   0.80225   0.00043   0.94697
   0.04070   0.02764   0.15619   1.00000   0.14714   0.04787   0.03883   0.21091   0.07172
   0.08196   0.03413   0.05407   0.13186   0.14274   0.18058   0.15675   1.00000   0.03629
   0.13113   0.05300   0.09393   0.42535   0.22717   1.00000   0.01758   0.46424   0.18633
   0.16420   0.16933   0.03254   0.18249   0.00000   0.34273   0.37214   0.30817   0.13137
   0.22176   0.18448   0.00000   0.07622   0.02851   0.21720   0.22436   0.60115   0.12442
   0.05738   0.13136   0.75721   0.01094   0.39687   0.19547   0.08841   0.17878   0.05388
   0.20770   0.60197   0.02102   0.16370   0.08472   0.12059   0.15336   0.27076   0.78392
   0.14309   0.16628   0.25328   0.10017   0.29460   0.22943   0.13745   0.23453   0.08390
   1.00000   1.00000   1.00000   1.00000   1.00000   1.00000   1.00000   1.00000   1.00000
