
       0      -0.069
    0    0    0    0
    0    0    0    0
    0    0    0    0
    0    0    0    0


   0.00000E+00   0.00000E+00   0.17001E+02  -0.55371E-25
   0.25655E-01   0.16436E+00   0.44801E-01   0.16049E-01
   0.17669E-01   0.29202E-01   0.12360E+00   0.31121E-02
   0.30962E-02   0.27179E+00   0.21180E-01   0.31379E+00
   0.00000E+00   0.79194E-01   0.16294E+02   0.37004E+01
   0.00000E+00   0.49282E-02   0.00000E+00   0.99815E-03
   0.00000E+00  -0.45218E-15   0.00000E+00   0.17311E+03
   0.00000E+00   0.13867E-04   0.35504E-02   0.26657E-08
   0.48111E-01   0.98993E-02   0.24050E-01   0.95945E-02
   0.23611E-01   0.39454E-01   0.41914E-01   0.52630E-02
   0.00000E+00   0.00000E+00   0.11563E+02   0.00000E+00
   0.81908E-08   0.10497E-03   0.77207E-03   0.29703E-09
   0.00000E+00   0.10132E+01   0.69939E+01   0.41330E+01
   0.00000E+00   0.33477E+01   0.66370E+01   0.16873E+02
   0.10815E-02   0.42341E-01   0.23138E+00   0.21172E-02
   0.00000E+00   0.33887E-03   0.10556E-02   0.22794E-05
   0.80045E-03   0.18143E-01   0.25085E-01   0.00000E+00
   0.00000E+00   0.15190E+00   0.75538E-02   0.31902E-01
   0.81298E-04   0.30128E-02   0.28368E-01   0.19515E-02
   0.33201E-04   0.81989E-02   0.18693E-07   0.46559E-03
   0.22088E-02   0.63806E-02   0.78243E-03   0.10348E-02
   0.00000E+00   0.58375E-01   0.55684E-01   0.11334E+00
   0.38531E-01   0.00000E+00   0.60122E+00   0.00000E+00
   0.16971E-11   0.79676E-02   0.39538E-01   0.00000E+00
   0.21930E-01   0.14091E+00   0.40052E-02   0.00000E+00
   0.00000E+00   0.13873E+02   0.00000E+00   0.00000E+00
   0.10152E+03  -0.60441E-14   0.00000E+00   0.00000E+00
   0.00000E+00   0.65337E+02   0.00000E+00   0.12071E+02
   0.43807E+01   0.12541E+02   0.64720E+01   0.00000E+00
   0.65098E+01   0.23315E+01   0.17290E+01   0.12641E+01
   0.00000E+00   0.27223E+01   0.00000E+00   0.99202E+02
   0.37847E+01  -0.24216E-15   0.39356E+02   0.00000E+00
   0.17542E+03   0.96024E+02   0.24089E+03   0.52446E+03
   0.10000E+01   0.10000E+01   0.10000E+01   0.10000E+01

   0.39531E+01   0.27456E+01   0.23354E+02   0.28856E+01
   0.66700E-01   0.20658E+00   0.68041E-01   0.37232E-01
   0.44401E-01   0.52769E-01   0.15193E+00   0.22687E-01
   0.57060E-01   0.33271E+00   0.56323E-01   0.35223E+00
   0.24609E+01   0.31429E+01   0.22034E+02   0.75025E+01
   0.12136E-04   0.55020E-02   0.21861E-03   0.14087E-02
   0.11070E+02   0.65928E+01   0.11873E+02   0.19961E+03
   0.99983E-03   0.15169E-02   0.15512E-01   0.15064E-02
   0.80107E-01   0.32894E-01   0.38935E-01   0.21076E-01
   0.46401E-01   0.58557E-01   0.55499E-01   0.16191E-01
   0.22186E+01   0.13571E+01   0.15485E+02   0.16710E+01
   0.19550E-02   0.24668E-02   0.75165E-02   0.16930E-02
   0.22161E+01   0.31105E+01   0.10094E+02   0.64759E+01
   0.42348E+01   0.83781E+01   0.12110E+02   0.22786E+02
   0.35014E-01   0.73400E-01   0.28072E+00   0.35805E-01
   0.18828E-03   0.39601E-02   0.37462E-02   0.28928E-02
   0.59850E-02   0.23465E-01   0.31023E-01   0.31327E-02
   0.58257E-02   0.17147E+00   0.17278E-01   0.44671E-01
   0.44240E-02   0.69000E-02   0.34747E-01   0.61193E-02
   0.36382E-02   0.11314E-01   0.75793E-03   0.48582E-02
   0.10905E-01   0.12006E-01   0.58238E-02   0.57046E-02
   0.16222E-01   0.75311E-01   0.75225E-01   0.13192E+00
   0.12025E+00   0.00000E+00   0.72350E+00   0.75340E-01
   0.55322E-02   0.13147E-01   0.48152E-01   0.48467E-02
   0.20510E+00   0.29228E+00   0.10637E+00   0.78927E-01
   0.16451E+01   0.16356E+02   0.63946E+00   0.10950E+01
   0.16062E+03   0.41151E+02   0.19886E+02   0.20932E+02
   0.40185E+02   0.10556E+03   0.21323E+02   0.34875E+02
   0.91400E+01   0.16824E+02   0.91243E+01   0.20451E+01
   0.11065E+02   0.55525E+01   0.43207E+01   0.27522E+01
   0.46084E+02   0.45298E+02   0.35401E+02   0.13657E+03
   0.93743E+01   0.30705E+01   0.47577E+02   0.54106E+01
   0.31816E+03   0.20591E+03   0.34306E+03   0.60744E+03
   0.10000E+01   0.10000E+01   0.10000E+01   0.10000E+01

   0.00000   0.00000   0.79738  -0.00000
   0.08408   0.53801   0.14672   0.05257
   0.08325   0.13751   0.58166   0.01465
   0.00447   0.39293   0.03064   0.45367
   0.00000   0.00302   0.63864   0.14245
   0.00000   0.76975   0.00000   0.15351
   0.00000  -0.00000   0.00000   0.91469
   0.00000   0.00182   0.68619   0.00000
   0.38063   0.07833   0.19035   0.07591
   0.17043   0.28478   0.30238   0.03798
   0.00000   0.00000   0.80009   0.00000
   0.00000   0.02070   0.15939   0.00000
   0.00000   0.06228   0.43602   0.25746
   0.00000   0.09554   0.19053   0.49483
   0.00325   0.12713   0.69421   0.00636
   0.00000   0.09880   0.28868   0.00041
   0.01548   0.35306   0.48758   0.00000
   0.00000   0.72058   0.03551   0.14988
   0.00199   0.07327   0.69558   0.04792
   0.00243   0.55955   0.00000   0.03348
   0.10500   0.27160   0.03331   0.04524
   0.00000   0.22734   0.21680   0.44127
   0.05079   0.00000   0.78292   0.00000
   0.00000   0.14076   0.69720   0.00000
   0.05664   0.35626   0.01022   0.00000
   0.00000   0.85941   0.00000   0.00000
   0.63679  -0.00000   0.00000   0.00000
   0.00000   0.50288   0.00000   0.09307
   0.15048   0.43035   0.22211   0.00000
   0.38503   0.13960   0.10362   0.07568
   0.00000   0.01605   0.00000   0.59906
   0.07369  -0.00000   0.76808   0.00000
   0.14301   0.07827   0.19642   0.42722
   1.00000   1.00000   1.00000   1.00000

   0.17681   0.12383   1.00000   0.12973
   0.21840   0.67733   0.22259   0.12190
   0.20906   0.24845   0.71583   0.10686
   0.08249   0.48059   0.08137   0.50952
   0.09398   0.11987   0.81718   0.28394
   0.00190   0.84489   0.03403   0.21649
   0.05639   0.03353   0.06061   0.99930
   0.11553   0.16569   0.99722   0.29258
   0.63219   0.26048   0.30831   0.16678
   0.33482   0.42259   0.40091   0.11686
   0.14815   0.09043   0.99372   0.11129
   0.40361   0.37734   0.97930   0.21439
   0.13546   0.18953   0.60689   0.39117
   0.11921   0.23521   0.33989   0.62926
   0.10511   0.22037   0.84121   0.10754
   0.03854   0.71091   0.79008   0.33823
   0.11616   0.45507   0.60009   0.06096
   0.02763   0.80536   0.08122   0.21132
   0.10847   0.16947   0.84969   0.15133
   0.24830   0.87526   0.05296   0.34901
   0.45817   0.57076   0.26844   0.24283
   0.06318   0.29334   0.29296   0.51395
   0.15680   0.00000   0.94921   0.09794
   0.09774   0.23203   0.84932   0.08567
   0.49862   0.71563   0.26029   0.19347
   0.10146   1.00000   0.03948   0.06754
   1.00000   0.25797   0.12472   0.13115
   0.29965   0.78752   0.16029   0.26211
   0.31360   0.57841   0.31219   0.07020
   0.66258   0.33270   0.25555   0.16484
   0.26412   0.26253   0.20376   0.78478
   0.18405   0.05985   0.92631   0.10563
   0.25939   0.16785   0.27981   0.49531
   1.00000   1.00000   1.00000   1.00000
