
       0      -0.069
    0    0    0    0
    0    0    0    0
    0    0    0    0
    0    0    0    0


   0.00000E+00   0.00000E+00   0.13590E+02  -0.55371E-25
   0.20863E-01   0.15969E+00   0.40892E-01   0.14118E-01
   0.13845E-01   0.26873E-01   0.11782E+00   0.15556E-02
   0.00000E+00   0.26124E+00   0.17230E-01   0.30838E+00
   0.00000E+00   0.00000E+00   0.13795E+02   0.23405E+01
   0.00000E+00   0.47413E-02   0.00000E+00   0.95554E-03
   0.00000E+00  -0.10093E-14   0.00000E+00   0.16413E+03
   0.00000E+00   0.13867E-04   0.19544E-02   0.00000E+00
   0.42012E-01   0.77411E-02   0.22502E-01   0.90657E-02
   0.20199E-01   0.38512E-01   0.39744E-01   0.44525E-02
   0.00000E+00  -0.33605E-16   0.10070E+02   0.00000E+00
   0.69670E-08   0.13247E-04   0.17847E-03   0.12483E-10
   0.00000E+00   0.00000E+00   0.56788E+01   0.31289E+01
   0.00000E+00   0.00000E+00   0.38937E+01   0.13743E+02
   0.30548E-04   0.38116E-01   0.22061E+00   0.00000E+00
   0.00000E+00   0.21118E-03   0.46102E-03   0.22794E-05
   0.34847E-03   0.17685E-01   0.23915E-01   0.00000E+00
   0.00000E+00   0.14634E+00   0.65254E-02   0.30829E-01
   0.72651E-04   0.11134E-02   0.27044E-01   0.14406E-02
   0.30999E-06   0.30791E-02   0.18693E-07   0.46559E-03
   0.28976E-03   0.31655E-02   0.61423E-03   0.48063E-03
   0.00000E+00   0.56464E-01   0.52046E-01   0.11107E+00
   0.13780E-01   0.00000E+00   0.57232E+00   0.00000E+00
   0.00000E+00   0.41041E-02   0.38246E-01   0.00000E+00
   0.00000E+00   0.64735E-01   0.00000E+00   0.00000E+00
   0.00000E+00   0.13229E+02   0.00000E+00   0.00000E+00
   0.89806E+02  -0.60441E-14  -0.22626E-14   0.00000E+00
   0.00000E+00   0.45129E+02   0.00000E+00   0.00000E+00
   0.37658E+01   0.12229E+02   0.61038E+01   0.00000E+00
   0.53526E+01   0.22135E+01   0.14638E+01   0.12240E+01
   0.00000E+00   0.00000E+00   0.00000E+00   0.77484E+02
   0.21210E+01  -0.24216E-15   0.37485E+02   0.00000E+00
   0.15068E+03   0.88100E+02   0.22629E+03   0.51951E+03
   0.10000E+01   0.10000E+01   0.10000E+01   0.10000E+01

   0.78045E+01   0.53127E+01   0.26017E+02   0.51568E+01
   0.69526E-01   0.21262E+00   0.80561E-01   0.42672E-01
   0.50788E-01   0.59494E-01   0.15616E+00   0.29505E-01
   0.67707E-01   0.34740E+00   0.73572E-01   0.36243E+00
   0.43439E+01   0.45548E+01   0.24549E+02   0.93323E+01
   0.11012E-03   0.55726E-02   0.44996E-03   0.16208E-02
   0.13741E+02   0.84143E+01   0.18691E+02   0.21087E+03
   0.16368E-02   0.37826E-02   0.15512E-01   0.46479E-02
   0.85278E-01   0.36840E-01   0.49764E-01   0.24579E-01
   0.49615E-01   0.61385E-01   0.61236E-01   0.19345E-01
   0.33177E+01   0.21909E+01   0.16814E+02   0.24313E+01
   0.43072E-02   0.26371E-02   0.75165E-02   0.16930E-02
   0.36772E+01   0.42126E+01   0.11617E+02   0.78471E+01
   0.94669E+01   0.11117E+02   0.15174E+02   0.26354E+02
   0.45497E-01   0.85878E-01   0.28991E+00   0.48497E-01
   0.66945E-03   0.92497E-02   0.64045E-02   0.28928E-02
   0.74473E-02   0.24847E-01   0.32203E-01   0.41658E-02
   0.88592E-02   0.17367E+00   0.24765E-01   0.50927E-01
   0.59258E-02   0.79454E-02   0.35409E-01   0.78087E-02
   0.12035E-01   0.12054E-01   0.12110E-02   0.49744E-02
   0.17874E-01   0.12060E-01   0.61116E-02   0.62080E-02
   0.19841E-01   0.78840E-01   0.81363E-01   0.13901E+00
   0.15878E+00   0.15478E-01   0.74358E+00   0.10642E+00
   0.13321E-01   0.15232E-01   0.49272E-01   0.69243E-02
   0.32153E+00   0.36436E+00   0.18043E+00   0.13267E+00
   0.20161E+01   0.16567E+02   0.13428E+01   0.17443E+01
   0.16235E+03   0.49360E+02   0.40014E+02   0.28389E+02
   0.68887E+02   0.12366E+03   0.38424E+02   0.49299E+02
   0.96635E+01   0.17351E+02   0.10222E+02   0.24046E+01
   0.11369E+02   0.60915E+01   0.68018E+01   0.32674E+01
   0.86993E+02   0.69669E+02   0.60562E+02   0.16240E+03
   0.11833E+02   0.50258E+01   0.48918E+02   0.74835E+01
   0.33612E+03   0.22195E+03   0.38594E+03   0.64701E+03
   0.10000E+01   0.10000E+01   0.10000E+01   0.10000E+01

   0.00000   0.00000   0.66756   0.00000
   0.06842   0.52291   0.13387   0.04627
   0.06548   0.12645   0.55317   0.00732
   0.00000   0.37774   0.02495   0.44480
   0.00000   0.00000   0.56840   0.09079
   0.00000   0.74082   0.00000   0.14706
   0.00000  -0.00000   0.00000   0.90515
   0.00000   0.01674   0.27053   0.00000
   0.33251   0.06065   0.17804   0.07172
   0.14595   0.27780   0.28629   0.03214
   0.00000   0.00000   0.74155   0.00000
   0.00014   0.01243   0.51868   0.00001
   0.00000   0.00000   0.36519   0.19983
   0.00000   0.00000   0.11301   0.42211
   0.00009   0.11435   0.66100   0.00000
   0.00000   0.05570   0.27722   0.01543
   0.00672   0.34392   0.46394   0.00000
   0.00000   0.69392   0.03073   0.14490
   0.00179   0.06420   0.66171   0.03528
   0.00002   0.16060   0.00006   0.12109
   0.01341   0.29029   0.02929   0.02292
   0.00000   0.21984   0.20254   0.43224
   0.01820   0.00000   0.74288   0.00000
   0.00000   0.07268   0.67428   0.00000
   0.00000   0.16573   0.00000   0.00000
   0.00000   0.82212   0.00000   0.00000
   0.56367   0.00000   0.00000   0.00000
   0.00000   0.35244   0.00000   0.00000
   0.12958   0.41869   0.20939   0.00000
   0.30688   0.13223   0.08783   0.07018
   0.00000   0.00000   0.00000   0.48586
   0.04156   0.00000   0.73397   0.00000
   0.12283   0.07182   0.18458   0.42318
   1.00000   1.00000   1.00000   1.00000

   0.33244   0.23199   1.00000   0.22230
   0.22782   0.69762   0.26299   0.13955
   0.23921   0.28001   0.73811   0.13902
   0.09776   0.50042   0.10622   0.52435
   0.16521   0.17248   0.86250   0.34529
   0.01723   0.85037   0.06933   0.24912
   0.06940   0.04246   0.09485   1.00000
   0.19082   0.32103   0.97742   0.60161
   0.66811   0.29171   0.39373   0.19451
   0.35773   0.44314   0.44268   0.13957
   0.22031   0.14429   1.00000   0.15949
   0.38678   0.40752   0.96562   0.25130
   0.22336   0.25345   0.67343   0.45981
   0.26134   0.30445   0.41323   0.69402
   0.13669   0.25774   0.86748   0.14570
   0.07016   0.65717   0.92887   0.26374
   0.14462   0.48213   0.62074   0.08106
   0.04204   0.81276   0.11647   0.23929
   0.14535   0.19490   0.86895   0.19210
   0.62774   0.81354   0.08449   0.26013
   0.58030   0.50314   0.26772   0.23109
   0.07729   0.30660   0.31662   0.54179
   0.20940   0.02032   0.98180   0.13840
   0.23591   0.26868   0.86714   0.12237
   0.73478   0.85980   0.42332   0.31298
   0.12434   1.00000   0.08288   0.10762
   1.00000   0.30924   0.25074   0.17788
   0.48582   0.87534   0.27498   0.35993
   0.33135   0.59743   0.34897   0.08252
   0.67923   0.36492   0.38997   0.19577
   0.46303   0.38628   0.32996   0.89250
   0.23285   0.09799   0.95844   0.14631
   0.27405   0.18092   0.31455   0.52764
   1.00000   1.00000   1.00000   1.00000
