
       0      -0.069
    0    0    0    0
    0    0    0    0
    0    0    0    0
    0    0    0    0


   0.00000E+00   0.00000E+00   0.14816E+02  -0.55371E-25
   0.22880E-01   0.16160E+00   0.42081E-01   0.14819E-01
   0.15234E-01   0.27756E-01   0.11934E+00   0.21469E-02
   0.81398E-03   0.26505E+00   0.18536E-01   0.31302E+00
   0.00000E+00   0.00000E+00   0.14682E+02   0.28408E+01
   0.00000E+00   0.48058E-02   0.00000E+00   0.97134E-03
   0.00000E+00  -0.45218E-15   0.00000E+00   0.16748E+03
   0.00000E+00   0.13867E-04   0.19544E-02   0.00000E+00
   0.44720E-01   0.87629E-02   0.22998E-01   0.92625E-02
   0.21795E-01   0.38795E-01   0.40299E-01   0.47578E-02
   0.00000E+00  -0.33605E-16   0.10605E+02   0.00000E+00
   0.69670E-08   0.13247E-04   0.17847E-03   0.12483E-10
   0.00000E+00   0.32446E+00   0.61345E+01   0.35011E+01
   0.00000E+00   0.12096E+01   0.48766E+01   0.14930E+02
   0.76983E-04   0.39399E-01   0.22387E+00   0.17055E-03
   0.00000E+00   0.33887E-03   0.46102E-03   0.22794E-05
   0.48451E-03   0.17824E-01   0.24206E-01   0.00000E+00
   0.00000E+00   0.14831E+00   0.68789E-02   0.31229E-01
   0.81298E-04   0.11134E-02   0.27435E-01   0.16718E-02
   0.30999E-06   0.61556E-02   0.18693E-07   0.46559E-03
   0.14821E-02   0.31655E-02   0.78243E-03   0.67900E-03
   0.00000E+00   0.57027E-01   0.53109E-01   0.11191E+00
   0.31222E-01   0.00000E+00   0.57965E+00   0.00000E+00
   0.00000E+00   0.46036E-02   0.38777E-01   0.00000E+00
   0.00000E+00   0.93734E-01   0.00000E+00   0.00000E+00
   0.00000E+00   0.13475E+02   0.00000E+00   0.00000E+00
   0.94974E+02  -0.60441E-14  -0.22626E-14   0.00000E+00
   0.00000E+00   0.52539E+02   0.00000E+00   0.40336E+01
   0.40626E+01   0.12390E+02   0.62185E+01   0.00000E+00
   0.55355E+01   0.22869E+01   0.15209E+01   0.12475E+01
   0.00000E+00   0.00000E+00   0.00000E+00   0.85408E+02
   0.30640E+01  -0.24216E-15   0.37970E+02   0.00000E+00
   0.16274E+03   0.90594E+02   0.23049E+03   0.52153E+03
   0.10000E+01   0.10000E+01   0.10000E+01   0.10000E+01

   0.64169E+01   0.43542E+01   0.25027E+02   0.43368E+01
   0.68786E-01   0.21068E+00   0.75377E-01   0.41077E-01
   0.48853E-01   0.57260E-01   0.15419E+00   0.27186E-01
   0.62460E-01   0.34199E+00   0.65791E-01   0.35949E+00
   0.37034E+01   0.40463E+01   0.23619E+02   0.86661E+01
   0.72048E-04   0.55483E-02   0.34292E-03   0.15496E-02
   0.12658E+02   0.77052E+01   0.15935E+02   0.20699E+03
   0.16368E-02   0.37826E-02   0.15512E-01   0.24919E-02
   0.83490E-01   0.35409E-01   0.45271E-01   0.22893E-01
   0.48520E-01   0.60470E-01   0.58794E-01   0.18649E-01
   0.29310E+01   0.18835E+01   0.16343E+02   0.21608E+01
   0.43072E-02   0.26371E-02   0.75165E-02   0.16930E-02
   0.31568E+01   0.38116E+01   0.11072E+02   0.73501E+01
   0.74930E+01   0.10096E+02   0.14057E+02   0.24985E+02
   0.42054E-01   0.81499E-01   0.28656E+00   0.44173E-01
   0.66945E-03   0.57490E-02   0.43524E-02   0.28928E-02
   0.70294E-02   0.24346E-01   0.31794E-01   0.38636E-02
   0.75847E-02   0.17295E+00   0.21335E-01   0.48849E-01
   0.55514E-02   0.78396E-02   0.35048E-01   0.72003E-02
   0.69343E-02   0.11399E-01   0.98687E-03   0.49744E-02
   0.17874E-01   0.12060E-01   0.58238E-02   0.62080E-02
   0.18691E-01   0.77697E-01   0.78720E-01   0.13679E+00
   0.14455E+00   0.46782E-02   0.73496E+00   0.95975E-01
   0.11328E-01   0.14559E-01   0.49018E-01   0.62039E-02
   0.27883E+00   0.33695E+00   0.15221E+00   0.11245E+00
   0.18824E+01   0.16488E+02   0.10179E+01   0.15149E+01
   0.16170E+03   0.46118E+02   0.32678E+02   0.25687E+02
   0.58773E+02   0.11724E+03   0.31874E+02   0.43982E+02
   0.94847E+01   0.17187E+02   0.98019E+01   0.23210E+01
   0.11249E+02   0.58882E+01   0.61089E+01   0.30657E+01
   0.73349E+02   0.60857E+02   0.51346E+02   0.15286E+03
   0.10973E+02   0.43386E+01   0.48323E+02   0.67667E+01
   0.32991E+03   0.21770E+03   0.36623E+03   0.63887E+03
   0.10000E+01   0.10000E+01   0.10000E+01   0.10000E+01

   0.00000   0.00000   0.71633   0.00000
   0.07502   0.52896   0.13778   0.04856
   0.07201   0.13069   0.56053   0.01011
   0.00117   0.38311   0.02684   0.45220
   0.00000   0.00000   0.59264   0.10994
   0.00000   0.75100   0.00000   0.14945
   0.00000   0.00000   0.00000   0.91194
   0.00000   0.00928   0.46204   0.00000
   0.35394   0.06881   0.18200   0.07328
   0.15746   0.27996   0.29047   0.03434
   0.00000   0.00000   0.76085   0.00000
   0.00001   0.03505   0.08495   0.00000
   0.00000   0.02000   0.39006   0.22159
   0.00000   0.03461   0.14092   0.45054
   0.00123   0.11824   0.67006   0.00051
   0.00000   0.12808   0.09720   0.00612
   0.00935   0.34673   0.46998   0.00000
   0.00000   0.70308   0.03239   0.14676
   0.00199   0.02746   0.67149   0.04094
   0.00002   0.36801   0.00003   0.10216
   0.14187   0.13408   0.06555   0.04328
   0.00000   0.22205   0.20671   0.43552
   0.04126   0.00000   0.75300   0.00000
   0.00000   0.08199   0.68283   0.00000
   0.00000   0.23890   0.00000   0.00000
   0.00000   0.83557   0.00000   0.00000
   0.59586   0.00000   0.00000   0.00000
   0.00000   0.40823   0.00000   0.03140
   0.13972   0.42441   0.21336   0.00000
   0.32060   0.13699   0.09123   0.07351
   0.00000   0.00000   0.00000   0.52812
   0.05963   0.00000   0.74292   0.00000
   0.13275   0.07386   0.18799   0.42466
   1.00000   1.00000   1.00000   1.00000

   0.27921   0.19261   1.00000   0.19030
   0.22528   0.69078   0.24621   0.13435
   0.23000   0.26952   0.72711   0.12807
   0.09024   0.49320   0.09502   0.52016
   0.14107   0.15365   0.84771   0.32325
   0.01127   0.84818   0.05284   0.23802
   0.06419   0.03897   0.08108   1.00000
   0.14553   0.20795   0.98226   0.52867
   0.65563   0.28035   0.35840   0.18119
   0.34987   0.43646   0.42485   0.13455
   0.19513   0.12463   1.00000   0.14264
   0.73740   0.82276   0.96048   0.27156
   0.19218   0.23056   0.65092   0.43586
   0.20838   0.27905   0.38709   0.66930
   0.12628   0.24464   0.85805   0.13269
   0.09653   0.86759   0.61479   0.37921
   0.13645   0.47224   0.61459   0.07518
   0.03598   0.80999   0.10034   0.22935
   0.13658   0.19220   0.86115   0.17712
   0.41457   0.79238   0.07003   0.32445
   0.75708   0.49759   0.23993   0.21533
   0.07279   0.30217   0.30636   0.53299
   0.19045   0.00614   0.95874   0.12479
   0.20177   0.25660   0.86161   0.10965
   0.65616   0.80731   0.36289   0.26922
   0.11610   1.00000   0.06286   0.09345
   1.00000   0.28897   0.20480   0.16092
   0.42387   0.84680   0.23277   0.32454
   0.32525   0.59122   0.33477   0.07964
   0.67234   0.35271   0.35381   0.18365
   0.40523   0.34311   0.28582   0.85611
   0.21581   0.08456   0.94037   0.13224
   0.26893   0.17743   0.29874   0.52100
   1.00000   1.00000   1.00000   1.00000
