
       0      -0.069
    0    0    0    0
    0    0    0    0
    0    0    0    0
    0    0    0    0


   0.00000E+00   0.00000E+00   0.15991E+02  -0.55371E-25
   0.24499E-01   0.16332E+00   0.43500E-01   0.15492E-01
   0.15827E-01   0.28507E-01   0.12155E+00   0.26938E-02
   0.18784E-02   0.26902E+00   0.19959E-01   0.31331E+00
   0.00000E+00   0.00000E+00   0.15543E+02   0.33280E+01
   0.00000E+00   0.48778E-02   0.00000E+00   0.98594E-03
   0.00000E+00  -0.45218E-15   0.00000E+00   0.17063E+03
   0.00000E+00   0.13867E-04   0.25612E-02   0.26657E-08
   0.46730E-01   0.96971E-02   0.23559E-01   0.94477E-02
   0.22876E-01   0.39142E-01   0.41081E-01   0.50427E-02
   0.00000E+00  -0.33605E-16   0.11123E+02   0.00000E+00
   0.69670E-08   0.13247E-04   0.17847E-03   0.12483E-10
   0.00000E+00   0.69636E+00   0.66029E+01   0.38522E+01
   0.00000E+00   0.23638E+01   0.58507E+01   0.16002E+02
   0.76983E-04   0.40971E-01   0.22783E+00   0.11256E-02
   0.00000E+00   0.33887E-03   0.53032E-03   0.22794E-05
   0.64074E-03   0.17992E-01   0.24652E-01   0.00000E+00
   0.00000E+00   0.15042E+00   0.72425E-02   0.31597E-01
   0.81298E-04   0.23455E-02   0.27915E-01   0.18005E-02
   0.30999E-06   0.81113E-02   0.18693E-07   0.46559E-03
   0.14821E-02   0.63806E-02   0.78243E-03   0.67900E-03
   0.00000E+00   0.57742E-01   0.54470E-01   0.11269E+00
   0.37151E-01   0.00000E+00   0.59066E+00   0.00000E+00
   0.00000E+00   0.78889E-02   0.39268E-01   0.00000E+00
   0.00000E+00   0.11942E+00   0.00000E+00   0.00000E+00
   0.00000E+00   0.13709E+02   0.00000E+00   0.00000E+00
   0.98914E+02  -0.60441E-14  -0.22626E-14   0.00000E+00
   0.00000E+00   0.59679E+02   0.00000E+00   0.85144E+01
   0.42474E+01   0.12487E+02   0.63520E+01   0.00000E+00
   0.60038E+01   0.23107E+01   0.17169E+01   0.12573E+01
   0.00000E+00   0.00000E+00   0.00000E+00   0.93098E+02
   0.34408E+01  -0.24216E-15   0.38673E+02   0.00000E+00
   0.17037E+03   0.93505E+02   0.23594E+03   0.52309E+03
   0.10000E+01   0.10000E+01   0.10000E+01   0.10000E+01

   0.51083E+01   0.34571E+01   0.24100E+02   0.35416E+01
   0.67924E-01   0.20855E+00   0.71182E-01   0.39548E-01
   0.47120E-01   0.54874E-01   0.15320E+00   0.24941E-01
   0.60147E-01   0.33665E+00   0.60012E-01   0.35624E+00
   0.30571E+01   0.35497E+01   0.22757E+02   0.80408E+01
   0.35563E-04   0.55238E-02   0.26271E-03   0.14764E-02
   0.11746E+02   0.70790E+01   0.13510E+02   0.20311E+03
   0.16368E-02   0.37826E-02   0.15512E-01   0.18825E-02
   0.81495E-01   0.34068E-01   0.41107E-01   0.22199E-01
   0.47524E-01   0.59429E-01   0.56602E-01   0.17927E-01
   0.25587E+01   0.15929E+01   0.15881E+02   0.19017E+01
   0.31406E-02   0.26371E-02   0.75165E-02   0.16930E-02
   0.26556E+01   0.34236E+01   0.10543E+02   0.68761E+01
   0.56771E+01   0.91653E+01   0.12975E+02   0.23788E+02
   0.38963E-01   0.77140E-01   0.28343E+00   0.39986E-01
   0.66945E-03   0.46423E-02   0.37462E-02   0.28928E-02
   0.66360E-02   0.23870E-01   0.31473E-01   0.35078E-02
   0.64166E-02   0.17221E+00   0.18722E-01   0.46669E-01
   0.49626E-02   0.73565E-02   0.34747E-01   0.65951E-02
   0.36382E-02   0.11399E-01   0.83859E-03   0.49744E-02
   0.12103E-01   0.12060E-01   0.58238E-02   0.62080E-02
   0.17619E-01   0.76633E-01   0.76642E-01   0.13444E+00
   0.13085E+00   0.75351E-03   0.72912E+00   0.85811E-01
   0.62427E-02   0.13801E-01   0.48485E-01   0.55018E-02
   0.23898E+00   0.31204E+00   0.12692E+00   0.94428E-01
   0.17496E+01   0.16415E+02   0.76995E+00   0.12766E+01
   0.16110E+03   0.43357E+02   0.24227E+02   0.23106E+02
   0.48932E+02   0.11078E+03   0.26149E+02   0.38979E+02
   0.93129E+01   0.17006E+02   0.94310E+01   0.22288E+01
   0.11130E+02   0.57072E+01   0.51216E+01   0.28802E+01
   0.58396E+02   0.52348E+02   0.42654E+02   0.14361E+03
   0.10142E+02   0.36495E+01   0.47939E+02   0.60723E+01
   0.32430E+03   0.21218E+03   0.35060E+03   0.62987E+03
   0.10000E+01   0.10000E+01   0.10000E+01   0.10000E+01

   0.00000   0.00000   0.76019   0.00000
   0.08031   0.53478   0.14244   0.05076
   0.07476   0.13424   0.57128   0.01268
   0.00271   0.38888   0.02888   0.45294
   0.00000   0.00000   0.61735   0.12846
   0.00000   0.76203   0.00000   0.15166
   0.00000   0.00000   0.00000   0.91353
   0.00000   0.00348   0.50511   0.00000
   0.36977   0.07657   0.18647   0.07475
   0.16518   0.28251   0.29624   0.03640
   0.00000  -0.00000   0.78138   0.00000
   0.00000   0.00188   0.03453   0.00000
   0.00000   0.04286   0.41529   0.24171
   0.00000   0.06755   0.16840   0.47533
   0.00023   0.12300   0.68261   0.00338
   0.00000   0.23347   0.11559   0.01323
   0.01239   0.35009   0.47894   0.00000
   0.00000   0.71337   0.03409   0.14847
   0.00199   0.05718   0.68373   0.04417
   0.00002   0.57409   0.00001   0.06397
   0.06694   0.27459   0.04779   0.02955
   0.00000   0.22487   0.21205   0.43870
   0.04904   0.00000   0.76788   0.00000
   0.00000   0.13951   0.68635   0.00000
   0.00000   0.30311   0.00000   0.00000
   0.00000   0.84960   0.00000   0.00000
   0.62059   0.00000  -0.00000   0.00000
   0.00000   0.46135   0.00000   0.06593
   0.14598   0.42803   0.21799   0.00000
   0.35215   0.13840   0.10288   0.07526
   0.00000   0.00000   0.00000   0.56803
   0.06697   0.00000   0.75581   0.00000
   0.13896   0.07623   0.19242   0.42606
   1.00000   1.00000   1.00000   1.00000

   0.22562   0.15461   1.00000   0.15753
   0.22240   0.68333   0.23263   0.12939
   0.22183   0.25838   0.72196   0.11748
   0.08692   0.48596   0.08669   0.51545
   0.11663   0.13513   0.83155   0.30236
   0.00556   0.84595   0.04047   0.22664
   0.05971   0.03591   0.06883   1.00000
   0.16241   0.42722   0.98495   0.42215
   0.64164   0.26969   0.32553   0.17568
   0.34281   0.42892   0.40899   0.12934
   0.17065   0.10586   0.99841   0.12627
   0.60760   0.41468   0.98075   0.24914
   0.16205   0.20798   0.62752   0.41217
   0.15895   0.25546   0.36116   0.64718
   0.11698   0.23162   0.84891   0.12009
   0.13372   0.81630   0.61479   0.23466
   0.12880   0.46299   0.60824   0.06825
   0.03044   0.80747   0.08803   0.21899
   0.12164   0.18031   0.85186   0.16220
   0.22833   0.88150   0.05883   0.32150
   0.52665   0.53071   0.23935   0.23305
   0.06863   0.29842   0.29825   0.52368
   0.17223   0.00099   0.95096   0.11156
   0.11043   0.24355   0.85449   0.09725
   0.57251   0.75670   0.30695   0.22901
   0.10790   1.00000   0.04755   0.07874
   1.00000   0.27165   0.15193   0.14474
   0.36049   0.81669   0.19417   0.29055
   0.31945   0.58442   0.32236   0.07648
   0.66623   0.34180   0.30040   0.17251
   0.33054   0.29996   0.24233   0.81727
   0.19931   0.07115   0.93303   0.11862
   0.26438   0.17296   0.28604   0.51352
   1.00000   1.00000   1.00000   1.00000
