
       0      -0.237
    0    0    4    3    3    0    1    0    0
    2    0   22    7   12    0    5    1    3
    2    0   33   13   18    1   10    1    5
    3    2   40   15   22    1   11    1    5


   0.00000E+00   0.00000E+00   0.00000E+00  -0.30462E-15   0.00000E+00  -0.18632E-15   0.16196E+02  -0.37233E-15  -0.24190E-16
   0.00000E+00   0.11908E-02   0.11122E-01  -0.21435E-17   0.00000E+00  -0.54419E-19   0.00000E+00  -0.46748E-17   0.91657E-01
   0.00000E+00   0.23396E-03   0.00000E+00   0.98924E-02   0.00000E+00   0.25641E-01   0.91381E-01   0.13658E-01   0.20529E-02
   0.17891E+00   0.00000E+00   0.42917E-01   0.00000E+00   0.00000E+00   0.32017E-01   0.00000E+00   0.00000E+00   0.49858E-01
  -0.12930E-15   0.00000E+00   0.00000E+00   0.12567E+02   0.00000E+00   0.00000E+00   0.00000E+00   0.00000E+00   0.00000E+00
   0.00000E+00   0.10117E-03   0.00000E+00   0.00000E+00   0.00000E+00   0.77998E-03   0.00000E+00   0.00000E+00   0.92420E-03
   0.13885E+03   0.34295E+00   0.00000E+00   0.00000E+00  -0.66575E-14   0.00000E+00   0.00000E+00   0.00000E+00   0.00000E+00
   0.00000E+00   0.34737E-09   0.75619E-09   0.20780E-03  -0.38458E-19   0.14794E-03   0.51397E-02  -0.30418E-19   0.17773E-03
   0.29947E-03   0.00000E+00   0.00000E+00   0.16856E-01  -0.10955E-17   0.66196E-02   0.00000E+00   0.48633E-01   0.21546E-03
   0.00000E+00   0.33308E-01   0.00000E+00   0.94232E-03  -0.12343E-17   0.00000E+00   0.00000E+00  -0.39333E-18   0.18410E-01
   0.00000E+00  -0.48244E-17   0.00000E+00   0.00000E+00  -0.39119E-15   0.00000E+00   0.12089E+02   0.00000E+00   0.00000E+00
  -0.46818E-23   0.71895E-09   0.40507E-04   0.10508E-03  -0.46667E-21   0.72608E-03   0.24036E-02   0.20202E-05   0.32359E-06
  -0.19296E-15   0.00000E+00   0.00000E+00   0.00000E+00   0.00000E+00   0.00000E+00   0.00000E+00   0.00000E+00   0.00000E+00
   0.00000E+00   0.00000E+00   0.00000E+00   0.00000E+00   0.00000E+00   0.00000E+00   0.00000E+00   0.00000E+00  -0.22538E-15
  -0.14318E-17   0.00000E+00   0.99399E-02   0.18499E-02   0.00000E+00   0.45992E-02   0.14857E+00  -0.24843E-17   0.10973E-01
   0.00000E+00   0.00000E+00  -0.21055E-19   0.21104E-02  -0.39303E-19   0.91548E-03   0.00000E+00   0.00000E+00   0.53983E-03
   0.00000E+00   0.12476E-02   0.00000E+00   0.10743E-01   0.00000E+00   0.13923E-01   0.00000E+00  -0.61032E-19   0.00000E+00
   0.00000E+00   0.24452E-02   0.00000E+00   0.00000E+00   0.00000E+00   0.35632E-01   0.00000E+00   0.00000E+00   0.37080E-01
   0.00000E+00   0.00000E+00   0.31832E-03   0.00000E+00   0.00000E+00   0.94743E-03   0.21469E-01  -0.48104E-18   0.14965E-02
   0.65141E-03   0.49118E-03   0.00000E+00   0.00000E+00  -0.11307E-21   0.51669E-02   0.00000E+00   0.23366E-03   0.16013E-02
   0.00000E+00   0.18269E-03   0.00000E+00  -0.31770E-18   0.00000E+00   0.23577E-03   0.00000E+00   0.41468E-02   0.43742E-02
   0.22715E-02   0.91304E-03   0.19916E-01   0.13477E-01   0.00000E+00   0.13684E-01   0.00000E+00   0.00000E+00   0.80213E-02
   0.00000E+00   0.00000E+00   0.00000E+00   0.36483E-02   0.00000E+00   0.00000E+00   0.41865E+00   0.17234E-01   0.00000E+00
   0.00000E+00   0.64363E-03   0.19865E-08   0.00000E+00  -0.32625E-18   0.37683E-02   0.33371E-01  -0.29150E-18   0.14302E-02
  -0.54073E-28   0.25489E+00  -0.24814E-17   0.00000E+00   0.00000E+00   0.00000E+00   0.00000E+00   0.00000E+00   0.00000E+00
   0.00000E+00   0.00000E+00  -0.14906E-27   0.00000E+00   0.00000E+00   0.13375E+02   0.00000E+00   0.00000E+00  -0.11936E-15
   0.00000E+00  -0.17277E-15  -0.22713E-26   0.00000E+00   0.00000E+00  -0.35389E-15  -0.17321E-25   0.10587E+03   0.00000E+00
  -0.36402E-14   0.00000E+00   0.00000E+00  -0.33330E-14  -0.11995E-14  -0.37851E-14   0.00000E+00  -0.30802E-14   0.76528E+02
   0.00000E+00   0.00000E+00  -0.21490E-15   0.00000E+00   0.00000E+00   0.51712E+01   0.20663E+01   0.37730E+01   0.61066E+01
   0.00000E+00   0.00000E+00   0.00000E+00   0.22682E+01   0.00000E+00   0.00000E+00   0.00000E+00   0.59222E+01   0.27409E+01
   0.00000E+00   0.00000E+00  -0.10405E-14   0.00000E+00   0.73221E+02  -0.30883E-15   0.00000E+00   0.00000E+00   0.00000E+00
   0.00000E+00   0.00000E+00   0.00000E+00   0.28054E+00  -0.96966E-16   0.00000E+00   0.30592E+02   0.30355E+01   0.15069E-11
   0.28247E+03   0.56736E+01   0.22661E+02   0.44080E+02   0.10601E+03   0.17539E+02   0.12952E+03   0.14030E+03   0.10303E+03
   0.10000E+01   0.10000E+01   0.10000E+01   0.10000E+01   0.10000E+01   0.10000E+01   0.10000E+01   0.10000E+01   0.10000E+01

   0.37256E+01   0.27515E+01   0.41015E+01   0.41774E+01   0.20820E+01   0.53671E+01   0.25568E+02   0.72050E+01   0.64218E+01
   0.00000E+00   0.42748E-01   0.19349E+00   0.81540E-01   0.38038E-01   0.10062E+00   0.25719E-01   0.51767E-01   0.24057E+00
   0.76297E-02   0.10350E-01   0.32522E-01   0.48882E-01   0.16114E-01   0.46606E-01   0.13820E+00   0.41540E-01   0.30377E-01
   0.29063E+00   0.81200E-02   0.35561E+00   0.00000E+00   0.36394E-01   0.16701E+00   0.24916E-01   0.00000E+00   0.31168E+00
   0.35447E+01   0.49072E+01   0.70626E+01   0.31914E+02   0.71503E+01   0.48414E+01   0.17205E+02   0.46067E+01   0.67317E+01
   0.00000E+00   0.10537E-02   0.45335E-02   0.00000E+00   0.13423E-02   0.27738E-02   0.00000E+00   0.00000E+00   0.40694E-02
   0.21311E+03   0.75772E+01   0.36015E+02   0.20136E+01   0.29374E+02   0.76386E+01   0.30191E+01   0.13016E+02   0.18965E+02
   0.57009E-03   0.54580E-03   0.89105E-03   0.18647E-02   0.68500E-03   0.10471E-02   0.74861E-02   0.74865E-03   0.20791E-02
   0.66627E-02   0.10396E-01   0.12867E-01   0.39118E-01   0.84806E-02   0.32322E-01   0.26996E-01   0.80797E-01   0.13571E-01
   0.34221E-02   0.10132E+00   0.33851E-01   0.24555E-01   0.69750E-02   0.16414E-01   0.33280E-01   0.26688E-01   0.77379E-01
   0.14774E+01   0.11813E+01   0.21420E+01   0.23069E+01   0.15627E+01   0.19379E+01   0.17527E+02   0.31270E+01   0.28583E+01
   0.20615E-03   0.29833E-03   0.12049E-02   0.21797E-02   0.94233E-03   0.14735E-02   0.42869E-02   0.95720E-03   0.13365E-02
   0.27121E+01   0.43441E+00   0.18968E+02   0.11038E+02   0.11388E+02   0.41984E+01   0.11444E+02   0.35894E+01   0.60712E+01
   0.81145E+01   0.73270E+00   0.42465E+02   0.11109E+02   0.38479E+02   0.95844E+01   0.13803E+02   0.89855E+01   0.12081E+02
   0.44951E-02   0.10364E-01   0.73912E-01   0.74108E-01   0.33870E-01   0.40376E-01   0.25620E+00   0.27516E-01   0.71333E-01
   0.33208E-03   0.14869E-03   0.10148E-02   0.33162E-02   0.43218E-03   0.19785E-02   0.13472E-02   0.56548E-09   0.19488E-02
   0.00000E+00   0.90663E-02   0.40332E-02   0.34389E-01   0.00000E+00   0.19624E-01   0.23779E-01   0.73676E-03   0.70060E-02
   0.29574E-02   0.30737E-01   0.13434E+00   0.00000E+00   0.36557E-01   0.99854E-01   0.96762E-03   0.00000E+00   0.13168E+00
   0.22792E-02   0.21030E-02   0.13859E-01   0.78472E-02   0.77132E-02   0.48341E-02   0.34291E-01   0.44787E-02   0.89348E-02
   0.14316E-02   0.30274E-02   0.41437E-02   0.13087E-03   0.13184E-02   0.80362E-02   0.10415E-04   0.17419E-02   0.56109E-02
   0.00000E+00   0.22209E-02   0.87516E-02   0.44314E-02   0.42591E-02   0.55543E-02   0.33779E-02   0.91802E-02   0.13121E-01
   0.37352E-01   0.12953E-01   0.19407E+00   0.80257E-01   0.15744E+00   0.55320E-01   0.42140E-01   0.15525E-01   0.75075E-01
   0.29187E-01   0.45654E-01   0.16878E+00   0.20852E+00   0.45231E-01   0.00000E+00   0.67822E+00   0.11870E+00   0.16530E-01
   0.17192E-02   0.57724E-02   0.11372E-01   0.79217E-03   0.74101E-02   0.93049E-02   0.46768E-01   0.40121E-02   0.12186E-01
   0.99161E-01   0.75346E+00   0.36148E+00   0.18765E-01   0.11138E-01   0.23679E+00   0.16623E+00   0.25263E+00   0.27513E+00
   0.71592E+00   0.87389E+00   0.52119E+00   0.27538E+00   0.56612E+00   0.16509E+02   0.17017E+00   0.18608E+01   0.55343E+00
   0.37047E+01   0.21099E+02   0.19613E+01   0.62894E+01   0.91059E+01   0.42150E+02   0.83918E+01   0.16165E+03   0.12446E+02
   0.37573E+02   0.94907E+01   0.70968E+01   0.56943E+02   0.75938E+01   0.66656E+02   0.49085E+01   0.66588E+02   0.16254E+03
   0.10710E+01   0.62038E+00   0.26222E+01   0.44953E+01   0.00000E+00   0.12791E+02   0.65746E+01   0.96030E+01   0.15019E+02
   0.13914E+01   0.19428E+00   0.16674E+01   0.69019E+01   0.20507E+00   0.35302E+01   0.16693E+01   0.10591E+02   0.72939E+01
   0.69279E+02   0.25922E+02   0.72679E+02   0.98144E+02   0.21252E+03   0.65901E+02   0.54368E+02   0.74160E+02   0.86699E+02
   0.32763E+01   0.23885E+01   0.78515E+01   0.11331E+02   0.37034E+01   0.32840E+01   0.44700E+02   0.10069E+02   0.70642E+01
   0.39419E+03   0.36042E+02   0.19411E+03   0.16873E+03   0.31160E+03   0.11549E+03   0.25551E+03   0.26058E+03   0.25695E+03
   0.10000E+01   0.10000E+01   0.10000E+01   0.10000E+01   0.10000E+01   0.10000E+01   0.10000E+01   0.10000E+01   0.10000E+01

   0.00000   0.00000   0.00000   0.00000   0.00000  -0.00000   0.69211   0.00000   0.00000
   0.00000   0.00384   0.03552  -0.00000   0.00000  -0.00000   0.00000   0.00000   0.29221
   0.00000   0.00110   0.00000   0.04670   0.00000   0.12153   0.42934   0.06428   0.00966
   0.24999   0.00000   0.05862   0.00000   0.00000   0.04536   0.00000   0.00000   0.08572
  -0.00000   0.00000   0.00000   0.42211   0.00000   0.00000   0.00000   0.00000   0.00000
   0.00000   0.01441   0.00000   0.00000   0.00000   0.10907   0.00000   0.00000   0.12920
   0.67604   0.00162   0.00000   0.00000   0.00000   0.00000   0.00000   0.00000   0.00000
   0.00000   0.00000   0.00000   0.02411   0.00000   0.01700   0.59229  -0.00000   0.02855
   0.00237   0.00000   0.00000   0.13332   0.00000   0.05192   0.00000   0.38395   0.00170
   0.00000   0.22343   0.00000   0.01274   0.00000   0.00000   0.00000  -0.00000   0.12116
   0.00000   0.00000   0.00000   0.00000   0.00000   0.00000   0.75171   0.00000   0.00000
   0.00000   0.00000   0.03792   0.03737  -0.00000   0.11720   0.36190   0.01417   0.03242
   0.00000   0.00000   0.00000   0.00000   0.00000   0.00000   0.00000   0.00000   0.00000
   0.00000   0.00000   0.00000   0.00000   0.00000   0.00000   0.00000   0.00000  -0.00000
   0.00000   0.00000   0.02962   0.00558   0.00000   0.01388   0.44370   0.00000   0.03303
   0.00000   0.00000  -0.00000   0.37965   0.00000   0.16386   0.00000   0.00000   0.09608
   0.00000   0.02325   0.00000   0.20184   0.00000   0.25680   0.00000   0.00000   0.00000
   0.00000   0.01093   0.00000   0.00000   0.00000   0.15622   0.00000   0.00000   0.16402
   0.00000   0.00000   0.00781   0.00000   0.00000   0.02313   0.52755   0.00000   0.03678
   0.04783   0.03398   0.00000   0.00000  -0.00000   0.35746   0.00000   0.01595   0.11078
   0.00000   0.00786   0.00000   0.00000   0.00000   0.01449   0.00000   0.17547   0.18692
   0.00888   0.00364   0.07707   0.05406   0.00000   0.05329   0.00000   0.00000   0.03122
   0.00000   0.00000   0.00000   0.00475   0.00000   0.00000   0.55564   0.02267   0.00000
   0.00000   0.01135   0.00000   0.00000   0.00000   0.06516   0.58144  -0.00000   0.02513
   0.00000   0.43157  -0.00000   0.00000   0.00000   0.00000   0.00000   0.00000   0.00000
   0.00000   0.00000   0.00000   0.00000   0.00000   0.82394   0.00000   0.00000  -0.00000
   0.00000   0.00000  -0.00000   0.00000   0.00000   0.00000   0.00000   0.66308   0.00000
   0.00000   0.00000   0.00000   0.00000   0.00000   0.00000   0.00000   0.00000   0.53447
   0.00000   0.00000   0.00000   0.00000   0.00000   0.17660   0.06964   0.12571   0.20656
   0.00000   0.00000   0.00000   0.13502   0.00000   0.00000   0.00000   0.34629   0.16134
   0.00000   0.00000   0.00000   0.00000   0.41223   0.00000   0.00000   0.00000   0.00000
   0.00000   0.00000   0.00000   0.00557  -0.00000   0.00000   0.60567   0.05997   0.00000
   0.22474   0.00452   0.02181   0.03511   0.08436   0.01396   0.10619   0.11170   0.08223
   1.00000   1.00000   1.00000   1.00000   1.00000   1.00000   1.00000   1.00000   1.00000

   0.16204   0.12052   0.17808   0.15427   0.09301   0.23359   1.00000   0.30789   0.27744
   0.00000   0.13660   0.62355   0.25811   0.12202   0.32079   0.08176   0.16660   0.76502
   0.03591   0.04873   0.14547   0.19211   0.07505   0.21940   0.65251   0.19588   0.14303
   0.40152   0.01126   0.42414   0.00000   0.04866   0.23090   0.03504   0.00000   0.42573
   0.12021   0.16670   0.24086   1.00000   0.20190   0.16375   0.57789   0.15611   0.22835
   0.00000   0.14774   0.63393   0.00000   0.18891   0.38777   0.00000   0.00000   0.56250
   0.96441   0.03579   0.17535   0.00311   0.14301   0.03576   0.01428   0.06105   0.08933
   0.06562   0.06272   0.09807   0.20307   0.07935   0.12058   0.86850   0.08692   0.23888
   0.05270   0.08205   0.10185   0.31004   0.06706   0.25518   0.21352   0.63449   0.10733
   0.02314   0.68936   0.22707   0.16570   0.04682   0.10996   0.22362   0.17960   0.51626
   0.09125   0.07335   0.10800   0.12376   0.09746   0.12006   1.00000   0.19336   0.17683
   0.03189   0.04580   0.17724   0.32819   0.09037   0.20469   0.64345   0.14815   0.20936
   0.15381   0.02478   0.99894   0.62089   0.63750   0.23708   0.63192   0.20338   0.34423
   0.20916   0.01911   0.99897   0.28865   0.95477   0.24475   0.35128   0.22982   0.31059
   0.01353   0.03098   0.21084   0.19118   0.10133   0.12080   0.75833   0.07852   0.21252
   0.05934   0.02666   0.18062   0.58083   0.07724   0.35722   0.24236   0.00000   0.34785
   0.00000   0.16935   0.07515   0.64203   0.00000   0.36751   0.44675   0.01396   0.13169
   0.00452   0.13670   0.58899   0.00000   0.16218   0.44170   0.00447   0.00000   0.58513
   0.05591   0.05163   0.32893   0.16716   0.18936   0.11883   0.83775   0.11041   0.21904
   0.09459   0.20777   0.28667   0.00908   0.09026   0.55594   0.00072   0.12116   0.38662
   0.00000   0.09510   0.32016   0.18870   0.18054   0.23734   0.14368   0.37870   0.55283
   0.14530   0.05050   0.73425   0.31405   0.60922   0.21489   0.16451   0.06082   0.29157
   0.03799   0.05920   0.21969   0.23369   0.05319   0.00000   0.88256   0.15566   0.00970
   0.03009   0.10022   0.19388   0.00000   0.12941   0.16173   0.80987   0.07093   0.21129
   0.15247   1.00000   0.55574   0.03013   0.01645   0.36348   0.25121   0.37666   0.42423
   0.04412   0.05384   0.02908   0.01290   0.03365   1.00000   0.00969   0.11464   0.03359
   0.02325   0.13226   0.01229   0.03941   0.05708   0.26400   0.05264   1.00000   0.07801
   0.26151   0.06806   0.03489   0.39288   0.05509   0.46553   0.03552   0.45855   1.00000
   0.03672   0.02120   0.08837   0.15019   0.00000   0.43268   0.22456   0.32771   0.50044
   0.08141   0.01012   0.09584   0.40357   0.01201   0.20605   0.09937   0.62345   0.41850
   0.38125   0.14265   0.40917   0.51723   1.00000   0.35159   0.28735   0.38797   0.46132
   0.06486   0.04731   0.15536   0.18993   0.07316   0.06489   0.88712   0.20065   0.13995
   0.31357   0.02869   0.14971   0.13443   0.24810   0.09197   0.20355   0.20796   0.20445
   1.00000   1.00000   1.00000   1.00000   1.00000   1.00000   1.00000   1.00000   1.00000
