
       0      -0.237
    0    0    4    3    3    0    1    0    0
    2    0   22    7   12    0    5    1    3
    2    0   33   13   18    1   10    1    5
    3    2   40   15   22    1   11    1    5


   0.00000E+00   0.00000E+00   0.00000E+00   0.13182E-02   0.00000E+00   0.00000E+00   0.16440E+02   0.00000E+00   0.00000E+00
   0.00000E+00   0.74437E-02   0.30507E-01   0.00000E+00   0.00000E+00   0.37886E-02   0.00000E+00   0.00000E+00   0.12319E+00
   0.00000E+00   0.49652E-03   0.12089E-02   0.14497E-01   0.00000E+00   0.25641E-01   0.91630E-01   0.14223E-01   0.51769E-02
   0.19208E+00   0.00000E+00   0.95275E-01   0.00000E+00   0.00000E+00   0.42564E-01   0.00000E+00   0.00000E+00   0.67057E-01
   0.00000E+00   0.00000E+00   0.00000E+00   0.15479E+02   0.00000E+00   0.00000E+00   0.00000E+00   0.00000E+00   0.00000E+00
   0.00000E+00   0.33907E-03   0.00000E+00   0.00000E+00   0.00000E+00   0.10146E-02   0.00000E+00   0.00000E+00   0.14638E-02
   0.15101E+03   0.10142E+01   0.00000E+00   0.00000E+00   0.00000E+00   0.00000E+00   0.00000E+00   0.00000E+00   0.00000E+00
   0.00000E+00   0.28657E-05   0.39106E-06   0.38459E-03   0.00000E+00   0.24965E-03   0.52886E-02   0.00000E+00   0.26965E-03
   0.13925E-02   0.00000E+00   0.00000E+00   0.20466E-01   0.00000E+00   0.79095E-02   0.46746E-03   0.49124E-01   0.32032E-02
   0.00000E+00   0.47123E-01   0.00000E+00   0.54677E-02   0.00000E+00   0.00000E+00   0.88064E-02   0.97902E-03   0.26779E-01
   0.00000E+00   0.00000E+00   0.00000E+00   0.00000E+00   0.00000E+00   0.00000E+00   0.12317E+02   0.00000E+00   0.00000E+00
   0.00000E+00   0.27319E-05   0.40507E-04   0.10508E-03   0.00000E+00   0.72768E-03   0.26282E-02   0.63176E-05   0.10928E-04
   0.00000E+00   0.00000E+00   0.12680E+01   0.00000E+00   0.00000E+00   0.00000E+00   0.00000E+00   0.00000E+00   0.00000E+00
   0.00000E+00   0.00000E+00   0.74605E+00   0.00000E+00   0.00000E+00   0.00000E+00   0.00000E+00   0.00000E+00   0.00000E+00
   0.00000E+00   0.00000E+00   0.12303E-01   0.82339E-02   0.00000E+00   0.10887E-01   0.16285E+00   0.00000E+00   0.17599E-01
   0.00000E+00   0.00000E+00   0.00000E+00   0.25852E-02   0.00000E+00   0.10643E-02   0.00000E+00   0.00000E+00   0.83476E-03
   0.00000E+00   0.18947E-02   0.00000E+00   0.13540E-01   0.00000E+00   0.14251E-01   0.00000E+00   0.00000E+00   0.11300E-02
   0.00000E+00   0.87773E-02   0.13424E-01   0.00000E+00   0.00000E+00   0.43482E-01   0.00000E+00   0.00000E+00   0.55063E-01
   0.00000E+00   0.00000E+00   0.79767E-03   0.00000E+00   0.00000E+00   0.99695E-03   0.21893E-01   0.00000E+00   0.21567E-02
   0.85197E-03   0.85568E-03   0.12165E-15   0.00000E+00  -0.11307E-21   0.53251E-02   0.00000E+00   0.34339E-03   0.25334E-02
   0.00000E+00   0.55347E-03   0.18672E-02  -0.38372E-23   0.00000E+00   0.51037E-03   0.00000E+00   0.43603E-02   0.58447E-02
   0.37091E-02   0.93423E-03   0.22691E-01   0.16809E-01   0.00000E+00   0.14828E-01   0.00000E+00   0.00000E+00   0.10685E-01
   0.00000E+00   0.11575E-03   0.00000E+00   0.20531E-01   0.00000E+00   0.00000E+00   0.41865E+00   0.20962E-01   0.00000E+00
   0.00000E+00   0.89776E-03   0.14519E-02   0.00000E+00   0.00000E+00   0.39094E-02   0.34384E-01   0.00000E+00   0.24027E-02
  -0.54073E-28   0.36474E+00   0.00000E+00   0.00000E+00   0.00000E+00   0.00000E+00   0.00000E+00   0.00000E+00   0.00000E+00
   0.00000E+00   0.00000E+00  -0.14906E-27   0.00000E+00   0.00000E+00   0.13538E+02   0.00000E+00   0.00000E+00   0.00000E+00
   0.00000E+00  -0.17277E-15   0.00000E+00   0.00000E+00   0.00000E+00  -0.35389E-15  -0.17321E-25   0.10623E+03   0.00000E+00
   0.00000E+00   0.00000E+00   0.00000E+00   0.00000E+00   0.00000E+00   0.00000E+00   0.00000E+00   0.00000E+00   0.96377E+02
   0.00000E+00   0.00000E+00   0.00000E+00   0.00000E+00   0.00000E+00   0.52846E+01   0.26163E+01   0.41597E+01   0.85360E+01
   0.00000E+00   0.00000E+00   0.00000E+00   0.27082E+01   0.00000E+00   0.00000E+00   0.00000E+00   0.62168E+01   0.34199E+01
   0.00000E+00   0.00000E+00   0.00000E+00   0.00000E+00   0.73221E+02   0.00000E+00   0.00000E+00   0.00000E+00   0.00000E+00
   0.00000E+00   0.00000E+00   0.33101E+00   0.14001E+01   0.00000E+00   0.00000E+00   0.31230E+02   0.32128E+01   0.15069E-11
   0.28466E+03   0.70911E+01   0.25561E+02   0.58548E+02   0.11724E+03   0.19256E+02   0.12952E+03   0.14394E+03   0.12858E+03
   0.10000E+01   0.10000E+01   0.10000E+01   0.10000E+01   0.10000E+01   0.10000E+01   0.10000E+01   0.10000E+01   0.10000E+01

   0.22508E+01   0.13172E+01   0.41015E+01   0.41774E+01   0.19785E+01   0.30442E+01   0.23793E+02   0.41948E+01   0.41104E+01
   0.00000E+00   0.23543E-01   0.14692E+00   0.50149E-01   0.29950E-01   0.80335E-01   0.18094E-01   0.37802E-01   0.22452E+00
   0.63822E-02   0.62965E-02   0.32522E-01   0.48882E-01   0.16114E-01   0.41271E-01   0.13589E+00   0.37833E-01   0.24418E-01
   0.28886E+00   0.30781E-02   0.34456E+00   0.00000E+00   0.21048E-01   0.15074E+00   0.16505E-01   0.00000E+00   0.26529E+00
   0.25161E+01   0.27033E+01   0.70290E+01   0.30493E+02   0.71503E+01   0.36628E+01   0.13991E+02   0.32559E+01   0.40024E+01
   0.00000E+00   0.71865E-03   0.36294E-02   0.00000E+00   0.11652E-02   0.25218E-02   0.00000E+00   0.00000E+00   0.38459E-02
   0.20426E+03   0.35513E+01   0.31708E+02   0.20136E+01   0.27092E+02   0.65192E+01   0.12688E+01   0.11181E+02   0.12829E+02
   0.41992E-03   0.28857E-03   0.89105E-03   0.18647E-02   0.47657E-03   0.90932E-03   0.74165E-02   0.52801E-03   0.14835E-02
   0.63517E-02   0.35334E-02   0.24689E-02   0.38845E-01   0.57667E-02   0.29163E-01   0.23398E-01   0.76096E-01   0.11700E-01
   0.17159E-02   0.95634E-01   0.33404E-02   0.21159E-01   0.69750E-02   0.11855E-01   0.28354E-01   0.22602E-01   0.64427E-01
   0.11272E+01   0.62498E+00   0.21420E+01   0.21350E+01   0.15627E+01   0.13403E+01   0.16717E+02   0.23268E+01   0.20151E+01
   0.19335E-03   0.18119E-03   0.12049E-02   0.16875E-02   0.94233E-03   0.14735E-02   0.42869E-02   0.91789E-03   0.10757E-02
   0.18893E+01   0.29821E+00   0.17915E+02   0.80759E+01   0.90304E+01   0.29899E+01   0.10026E+02   0.24224E+01   0.34407E+01
   0.54092E+01   0.49574E+00   0.39158E+02   0.85674E+01   0.32429E+02   0.64296E+01   0.10320E+02   0.50613E+01   0.71624E+01
   0.20151E-02   0.53525E-02   0.73912E-01   0.74108E-01   0.24089E-01   0.35788E-01   0.25195E+00   0.26993E-01   0.62121E-01
   0.17740E-03   0.19909E-04   0.25065E-03   0.32985E-02   0.34786E-03   0.17159E-02   0.85466E-03   0.49762E-09   0.17177E-02
   0.00000E+00   0.49632E-02   0.00000E+00   0.33415E-01   0.00000E+00   0.18632E-01   0.21222E-01   0.44505E-03   0.56654E-02
   0.93392E-03   0.19496E-01   0.10220E+00   0.00000E+00   0.30890E-01   0.87978E-01   0.00000E+00   0.00000E+00   0.12491E+00
   0.19922E-02   0.11232E-02   0.13859E-01   0.78472E-02   0.67439E-02   0.40428E-02   0.33663E-01   0.36070E-02   0.70502E-02
   0.14316E-02   0.17552E-02   0.27283E-02   0.39332E-17   0.11847E-02   0.71590E-02   0.00000E+00   0.13970E-02   0.51162E-02
   0.00000E+00   0.14456E-02   0.87516E-02   0.22289E-02   0.33458E-02   0.45754E-02   0.30703E-02   0.85797E-02   0.11671E-01
   0.28520E-01   0.76408E-02   0.19407E+00   0.71534E-01   0.15663E+00   0.46155E-01   0.37813E-01   0.89249E-02   0.50253E-01
   0.16165E-01   0.24097E-01   0.12479E+00   0.20852E+00   0.28684E-01   0.00000E+00   0.66933E+00   0.10382E+00   0.16530E-01
   0.11106E-02   0.32138E-02   0.11372E-01   0.79217E-03   0.62317E-02   0.81757E-02   0.46425E-01   0.26918E-02   0.95778E-02
   0.61055E-01   0.68669E+00   0.21357E+00   0.48683E-02   0.77301E-02   0.16162E+00   0.11649E+00   0.17799E+00   0.16550E+00
   0.60490E+00   0.47678E+00   0.49048E+00   0.27538E+00   0.52229E+00   0.16375E+02   0.14918E+00   0.16063E+01   0.55343E+00
   0.34940E+01   0.12230E+02   0.81127E+00   0.40420E+01   0.84113E+01   0.37095E+02   0.80952E+01   0.16035E+03   0.10693E+02
   0.25785E+02   0.52862E+01   0.60931E+01   0.39642E+02   0.75938E+01   0.41154E+02   0.41573E+01   0.40825E+02   0.14991E+03
   0.79853E+00   0.23723E+00   0.18116E+01   0.37612E+01   0.00000E+00   0.10525E+02   0.61214E+01   0.84613E+01   0.13824E+02
   0.11014E+01   0.19428E+00   0.74241E+00   0.56158E+01   0.85993E-01   0.26466E+01   0.11653E+01   0.97223E+01   0.62376E+01
   0.45111E+02   0.13684E+02   0.72679E+02   0.57769E+02   0.19375E+03   0.42438E+02   0.34322E+02   0.46967E+02   0.58768E+02
   0.25515E+01   0.11953E+01   0.78515E+01   0.11331E+02   0.28751E+01   0.22760E+01   0.44118E+02   0.87007E+01   0.51707E+01
   0.36074E+03   0.24730E+02   0.19411E+03   0.16240E+03   0.30623E+03   0.93304E+02   0.24575E+03   0.25041E+03   0.22536E+03
   0.10000E+01   0.10000E+01   0.10000E+01   0.10000E+01   0.10000E+01   0.10000E+01   0.10000E+01   0.10000E+01   0.10000E+01

   0.00000   0.00000   0.00000   0.00006   0.00000   0.00000   0.73575   0.00000   0.00000
   0.00000   0.02415   0.09802   0.00000   0.00000   0.01221   0.00000   0.00000   0.39640
   0.00000   0.00234   0.00568   0.06831   0.00000   0.12068   0.43095   0.06693   0.02437
   0.26609   0.00000   0.13331   0.00000   0.00000   0.05986   0.00000   0.00000   0.09088
   0.00000   0.00000   0.00000   0.52524   0.00000   0.00000   0.00000   0.00000   0.00000
   0.00000   0.04738   0.00000   0.00000   0.00000   0.14587   0.00000   0.00000   0.20430
   0.72224   0.00478   0.00000   0.00000   0.00000   0.00000   0.00000   0.00000   0.00000
   0.00000   0.00032   0.00005   0.04439   0.00000   0.02869   0.61455   0.00000   0.03121
   0.01101   0.00000   0.00000   0.16187   0.00000   0.06230   0.00370   0.38794   0.02532
   0.00000   0.31670   0.00000   0.03602   0.00000   0.00000   0.05843   0.00651   0.17768
   0.00000   0.00000   0.00000   0.00000   0.00000   0.00000   0.76719   0.00000   0.00000
   0.00000   0.00040   0.00630   0.01634   0.00000   0.11236   0.38348   0.00092   0.00159
   0.00000   0.00000   0.07275   0.00000   0.00000   0.00000   0.00000   0.00000   0.00000
   0.00000   0.00000   0.01954   0.00000   0.00000   0.00000   0.00000   0.00000   0.00000
   0.00000   0.00000   0.03667   0.02473   0.00000   0.03279   0.49014   0.00000   0.05297
   0.00000   0.00000   0.00000   0.46232   0.00000   0.19015   0.00000   0.00000   0.15513
   0.00000   0.03566   0.00000   0.25396   0.00000   0.26568   0.00000   0.00000   0.02131
   0.00000   0.03910   0.06078   0.00000   0.00000   0.19879   0.00000   0.00000   0.24401
   0.00000   0.00000   0.01959   0.00000   0.00000   0.02436   0.53877   0.00000   0.05303
   0.05915   0.05926   0.00000   0.00000  -0.00000   0.36964   0.00000   0.02368   0.17567
   0.00000   0.02388   0.08015  -0.00000   0.00000   0.02197   0.00000   0.18511   0.25016
   0.01439   0.00364   0.08881   0.06526   0.00000   0.05779   0.00000   0.00000   0.04164
   0.00000   0.00015   0.00000   0.02664   0.00000   0.00000   0.54677   0.02754   0.00000
   0.00000   0.01580   0.02557   0.00000   0.00000   0.06770   0.60333   0.00000   0.04229
  -0.00000   0.60267   0.00000   0.00000   0.00000   0.00000   0.00000   0.00000   0.00000
   0.00000   0.00000  -0.00000   0.00000   0.00000   0.83434   0.00000   0.00000   0.00000
   0.00000  -0.00000   0.00000   0.00000   0.00000  -0.00000  -0.00000   0.66592   0.00000
   0.00000   0.00000   0.00000   0.00000   0.00000   0.00000   0.00000   0.00000   0.69001
   0.00000   0.00000   0.00000   0.00000   0.00000   0.18068   0.08936   0.14183   0.29034
   0.00000   0.00000   0.00000   0.16139   0.00000   0.00000   0.00000   0.36735   0.20208
   0.00000   0.00000   0.00000   0.00000   0.41223   0.00000   0.00000   0.00000   0.00000
   0.00000   0.00000   0.00655   0.02780   0.00000   0.00000   0.61800   0.06359   0.00000
   0.22660   0.00565   0.02034   0.04663   0.09321   0.01533   0.10318   0.11462   0.10258
   1.00000   1.00000   1.00000   1.00000   1.00000   1.00000   1.00000   1.00000   1.00000

   0.09906   0.05833   0.18352   0.18695   0.08844   0.13515   0.99839   0.18452   0.18197
   0.00000   0.07526   0.47667   0.16047   0.09653   0.25693   0.05789   0.12213   0.71373
   0.03004   0.02964   0.15297   0.22990   0.07577   0.19423   0.64028   0.17792   0.11494
   0.39899   0.00425   0.46697   0.00000   0.02829   0.20800   0.02321   0.00000   0.35700
   0.08558   0.09204   0.23977   1.00000   0.24399   0.12454   0.47476   0.11077   0.13627
   0.00000   0.10069   0.50721   0.00000   0.16410   0.35194   0.00000   0.00000   0.52660
   0.94773   0.01678   0.15165   0.00963   0.12805   0.03068   0.00600   0.05270   0.06064
   0.04829   0.03322   0.10316   0.21492   0.05519   0.10617   0.85609   0.06111   0.17042
   0.05024   0.02789   0.01951   0.30731   0.04560   0.23031   0.18505   0.59935   0.09240
   0.01156   0.63452   0.02239   0.14605   0.04682   0.07964   0.19083   0.15217   0.43065
   0.06996   0.03886   0.13336   0.13308   0.09746   0.08329   1.00000   0.14456   0.12517
   0.02999   0.02800   0.18588   0.24624   0.14519   0.21501   0.66661   0.14174   0.16579
   0.10750   0.01701   0.99520   0.45970   0.51185   0.16990   0.56618   0.13776   0.19583
   0.14034   0.01291   0.99664   0.22416   0.83109   0.16643   0.26747   0.13094   0.18593
   0.00606   0.01601   0.22154   0.22170   0.07235   0.10722   0.74943   0.08107   0.18505
   0.03188   0.00358   0.04529   0.59186   0.06246   0.30783   0.15376   0.00000   0.30719
   0.00000   0.09233   0.00000   0.62549   0.00000   0.34895   0.39805   0.00840   0.10597
   0.00425   0.08610   0.45524   0.00000   0.13693   0.38987   0.00000   0.00000   0.54293
   0.04884   0.02758   0.34106   0.19266   0.16566   0.09933   0.82242   0.08872   0.17276
   0.09929   0.12145   0.18895   0.00000   0.08178   0.49641   0.00000   0.09706   0.35285
   0.00000   0.06196   0.37713   0.09539   0.14267   0.19583   0.13073   0.36372   0.49547
   0.11090   0.02977   0.75685   0.27875   0.60861   0.17918   0.14779   0.03494   0.19528
   0.02102   0.03121   0.16198   0.27063   0.03739   0.00000   0.86862   0.13608   0.02156
   0.01940   0.05582   0.19955   0.01384   0.10876   0.14258   0.80396   0.04741   0.16608
   0.09624   1.00000   0.33574   0.00782   0.01241   0.25543   0.18252   0.27754   0.26241
   0.03730   0.02937   0.03024   0.01699   0.03219   1.00000   0.00920   0.09899   0.03409
   0.02137   0.07666   0.00508   0.02533   0.05272   0.23252   0.05074   1.00000   0.06698
   0.18433   0.03812   0.04393   0.28230   0.05509   0.29490   0.03018   0.29229   1.00000
   0.02741   0.00812   0.06212   0.12826   0.00000   0.35800   0.20975   0.28958   0.46598
   0.06505   0.01145   0.04330   0.33184   0.00506   0.15614   0.06938   0.57580   0.36400
   0.25259   0.07649   0.40917   0.31795   1.00000   0.23499   0.18934   0.25805   0.32497
   0.05047   0.02368   0.15564   0.22470   0.05686   0.04500   0.87588   0.17292   0.10239
   0.28728   0.01969   0.15432   0.12937   0.24385   0.07430   0.19564   0.19929   0.17942
   1.00000   1.00000   1.00000   1.00000   1.00000   1.00000   1.00000   1.00000   1.00000
