
       0      -0.237
    0    0    4    3    3    0    1    0    0
    2    0   22    7   12    0    5    1    3
    2    0   33   13   18    1   10    1    5
    3    2   40   15   22    1   11    1    5


   0.00000E+00   0.00000E+00   0.00000E+00  -0.30462E-15   0.00000E+00   0.00000E+00   0.16440E+02  -0.37233E-15  -0.24190E-16
   0.00000E+00   0.43341E-02   0.22524E-01   0.00000E+00   0.00000E+00   0.82715E-04   0.00000E+00  -0.46748E-17   0.98833E-01
   0.00000E+00   0.47012E-03   0.11786E-03   0.12178E-01   0.00000E+00   0.25641E-01   0.91630E-01   0.13884E-01   0.33743E-02
   0.18550E+00   0.00000E+00   0.87875E-01   0.00000E+00   0.00000E+00   0.33366E-01   0.00000E+00   0.00000E+00   0.49858E-01
   0.00000E+00   0.00000E+00   0.00000E+00   0.14087E+02   0.00000E+00   0.00000E+00   0.00000E+00   0.00000E+00   0.00000E+00
   0.00000E+00   0.24710E-03   0.00000E+00   0.00000E+00   0.00000E+00   0.91833E-03   0.00000E+00   0.00000E+00   0.11649E-02
   0.14498E+03   0.77998E+00   0.00000E+00   0.00000E+00  -0.66575E-14   0.00000E+00   0.00000E+00   0.00000E+00   0.00000E+00
   0.00000E+00   0.81062E-09   0.39106E-06   0.31085E-03  -0.38458E-19   0.22421E-03   0.52886E-02  -0.30418E-19   0.17773E-03
   0.11625E-02   0.00000E+00   0.00000E+00   0.18922E-01  -0.10955E-17   0.74046E-02   0.00000E+00   0.48930E-01   0.20499E-02
   0.00000E+00   0.42669E-01   0.00000E+00   0.94232E-03  -0.12343E-17   0.00000E+00   0.26187E-02   0.00000E+00   0.22477E-01
   0.00000E+00  -0.48244E-17   0.00000E+00   0.00000E+00  -0.39119E-15   0.00000E+00   0.12317E+02   0.00000E+00   0.00000E+00
  -0.46818E-23   0.62309E-08   0.40507E-04   0.10508E-03  -0.46667E-21   0.72768E-03   0.26282E-02   0.20202E-05   0.32359E-06
  -0.19296E-15   0.00000E+00   0.49927E+00   0.00000E+00   0.00000E+00   0.00000E+00   0.00000E+00   0.00000E+00   0.00000E+00
   0.00000E+00   0.00000E+00   0.00000E+00   0.00000E+00   0.00000E+00   0.00000E+00   0.00000E+00   0.00000E+00  -0.22538E-15
  -0.14318E-17   0.00000E+00   0.10839E-01   0.47275E-02   0.00000E+00   0.83084E-02   0.16285E+00  -0.24843E-17   0.14209E-01
   0.00000E+00   0.00000E+00   0.00000E+00   0.24788E-02  -0.39303E-19   0.96552E-03   0.00000E+00   0.00000E+00   0.67810E-03
   0.00000E+00   0.18125E-02   0.00000E+00   0.12242E-01   0.00000E+00   0.14251E-01   0.00000E+00  -0.61032E-19   0.97805E-03
   0.00000E+00   0.62559E-02   0.13424E-01   0.00000E+00   0.00000E+00   0.41072E-01   0.00000E+00   0.00000E+00   0.42725E-01
   0.00000E+00   0.00000E+00   0.40868E-03   0.00000E+00   0.00000E+00   0.99695E-03   0.21877E-01  -0.48104E-18   0.18115E-02
   0.65141E-03   0.71522E-03   0.77050E-16   0.00000E+00  -0.11307E-21   0.53251E-02   0.00000E+00   0.31232E-03   0.20349E-02
   0.00000E+00   0.43785E-03   0.67033E-03  -0.31770E-18   0.00000E+00   0.23577E-03   0.00000E+00   0.43603E-02   0.50556E-02
   0.37091E-02   0.91304E-03   0.22691E-01   0.13477E-01   0.00000E+00   0.14642E-01   0.00000E+00   0.00000E+00   0.10672E-01
   0.00000E+00   0.00000E+00   0.00000E+00   0.10281E-01   0.00000E+00   0.00000E+00   0.41865E+00   0.18571E-01   0.00000E+00
   0.00000E+00   0.87732E-03   0.64873E-03   0.00000E+00  -0.32625E-18   0.38726E-02   0.34377E-01   0.00000E+00   0.18427E-02
  -0.54073E-28   0.31849E+00  -0.40728E-19   0.00000E+00   0.00000E+00   0.00000E+00   0.00000E+00   0.00000E+00   0.00000E+00
   0.00000E+00   0.00000E+00  -0.14906E-27   0.00000E+00   0.00000E+00   0.13474E+02   0.00000E+00   0.00000E+00   0.00000E+00
   0.00000E+00  -0.17277E-15  -0.22713E-26   0.00000E+00   0.00000E+00  -0.35389E-15  -0.17321E-25   0.10614E+03   0.00000E+00
  -0.36402E-14   0.00000E+00   0.00000E+00  -0.33330E-14  -0.11995E-14  -0.37851E-14   0.00000E+00  -0.30802E-14   0.87873E+02
   0.00000E+00   0.00000E+00  -0.21490E-15   0.00000E+00   0.00000E+00   0.52432E+01   0.25579E+01   0.39636E+01   0.73409E+01
   0.00000E+00   0.00000E+00   0.00000E+00   0.24615E+01   0.00000E+00   0.00000E+00   0.00000E+00   0.60094E+01   0.31056E+01
   0.00000E+00   0.00000E+00  -0.10405E-14   0.00000E+00   0.73221E+02  -0.30883E-15   0.00000E+00   0.00000E+00   0.00000E+00
   0.00000E+00   0.00000E+00   0.21123E-01   0.79062E+00  -0.96966E-16   0.00000E+00   0.31230E+02   0.31631E+01   0.15069E-11
   0.28387E+03   0.60615E+01   0.22661E+02   0.51464E+02   0.11724E+03   0.19256E+02   0.12952E+03   0.14184E+03   0.11691E+03
   0.10000E+01   0.10000E+01   0.10000E+01   0.10000E+01   0.10000E+01   0.10000E+01   0.10000E+01   0.10000E+01   0.10000E+01

   0.28784E+01   0.19045E+01   0.41015E+01   0.41774E+01   0.19824E+01   0.40929E+01   0.24627E+02   0.56029E+01   0.52131E+01
   0.00000E+00   0.29266E-01   0.18061E+00   0.67468E-01   0.36956E-01   0.91095E-01   0.18094E-01   0.44847E-01   0.23072E+00
   0.71629E-02   0.80707E-02   0.32522E-01   0.48882E-01   0.16114E-01   0.44024E-01   0.13754E+00   0.39404E-01   0.26818E-01
   0.28944E+00   0.39504E-02   0.35561E+00   0.00000E+00   0.35521E-01   0.16003E+00   0.21035E-01   0.00000E+00   0.28853E+00
   0.29513E+01   0.35561E+01   0.70472E+01   0.31159E+02   0.71503E+01   0.42257E+01   0.15505E+02   0.38661E+01   0.52071E+01
   0.00000E+00   0.82611E-03   0.45179E-02   0.00000E+00   0.13011E-02   0.26759E-02   0.00000E+00   0.00000E+00   0.39038E-02
   0.20836E+03   0.48927E+01   0.33720E+02   0.20136E+01   0.27092E+02   0.70035E+01   0.18256E+01   0.11991E+02   0.15930E+02
   0.44948E-03   0.38794E-03   0.89105E-03   0.18647E-02   0.51735E-03   0.94145E-03   0.74745E-02   0.63579E-03   0.16588E-02
   0.63517E-02   0.54465E-02   0.30644E-02   0.38958E-01   0.82463E-02   0.30572E-01   0.25027E-01   0.78964E-01   0.11700E-01
   0.23911E-02   0.10073E+00   0.13246E-01   0.22637E-01   0.69750E-02   0.14272E-01   0.30731E-01   0.25049E-01   0.70460E-01
   0.12804E+01   0.84134E+00   0.21420E+01   0.23069E+01   0.15627E+01   0.16059E+01   0.17098E+02   0.26905E+01   0.23750E+01
   0.19335E-03   0.23107E-03   0.12049E-02   0.16875E-02   0.94233E-03   0.14735E-02   0.42869E-02   0.94361E-03   0.11186E-02
   0.22568E+01   0.34479E+00   0.18419E+02   0.96795E+01   0.10126E+02   0.35535E+01   0.10738E+02   0.29519E+01   0.44849E+01
   0.65628E+01   0.59203E+00   0.40949E+02   0.97734E+01   0.35118E+02   0.79314E+01   0.12015E+02   0.68403E+01   0.93007E+01
   0.20151E-02   0.71912E-02   0.73912E-01   0.74108E-01   0.28186E-01   0.37384E-01   0.25388E+00   0.27516E-01   0.63064E-01
   0.20900E-03   0.58139E-04   0.32591E-03   0.33162E-02   0.40409E-03   0.17816E-02   0.10258E-02   0.56548E-09   0.17317E-02
   0.00000E+00   0.63619E-02   0.00000E+00   0.33616E-01   0.00000E+00   0.19140E-01   0.22452E-01   0.72685E-03   0.56712E-02
   0.29574E-02   0.23053E-01   0.12839E+00   0.00000E+00   0.35079E-01   0.94628E-01   0.37456E-03   0.00000E+00   0.13163E+00
   0.21478E-02   0.14889E-02   0.13859E-01   0.78472E-02   0.71572E-02   0.44264E-02   0.33990E-01   0.40641E-02   0.79123E-02
   0.14316E-02   0.23201E-02   0.32369E-02   0.23794E-04   0.13184E-02   0.76632E-02   0.78873E-13   0.15582E-02   0.51900E-02
   0.00000E+00   0.16602E-02   0.87516E-02   0.30846E-02   0.39208E-02   0.50856E-02   0.31991E-02   0.91802E-02   0.12092E-01
   0.32207E-01   0.95439E-02   0.19407E+00   0.74402E-01   0.15663E+00   0.51061E-01   0.39662E-01   0.12012E-01   0.60876E-01
   0.19454E-01   0.32287E-01   0.13608E+00   0.20852E+00   0.45231E-01   0.00000E+00   0.67676E+00   0.11317E+00   0.16530E-01
   0.11106E-02   0.41385E-02   0.11372E-01   0.79217E-03   0.69524E-02   0.86184E-02   0.46596E-01   0.32969E-02   0.10723E-01
   0.77919E-01   0.71674E+00   0.27847E+00   0.12560E-01   0.11138E-01   0.19873E+00   0.13937E+00   0.21334E+00   0.21592E+00
   0.66531E+00   0.63113E+00   0.52119E+00   0.27538E+00   0.56612E+00   0.16435E+02   0.17017E+00   0.17176E+01   0.55343E+00
   0.34940E+01   0.15314E+02   0.14079E+01   0.53014E+01   0.84113E+01   0.39385E+02   0.82693E+01   0.16098E+03   0.11685E+02
   0.31205E+02   0.69488E+01   0.70968E+01   0.47410E+02   0.75938E+01   0.53027E+02   0.43056E+01   0.53230E+02   0.15555E+03
   0.89569E+00   0.37293E+00   0.20026E+01   0.44953E+01   0.00000E+00   0.11692E+02   0.62382E+01   0.90468E+01   0.14362E+02
   0.12268E+01   0.19428E+00   0.12191E+01   0.62746E+01   0.85993E-01   0.30658E+01   0.14005E+01   0.10177E+02   0.67097E+01
   0.55573E+02   0.18884E+02   0.72679E+02   0.75891E+02   0.20232E+03   0.53718E+02   0.43614E+02   0.59728E+02   0.72108E+02
   0.26752E+01   0.16370E+01   0.78515E+01   0.11331E+02   0.30854E+01   0.27224E+01   0.44569E+02   0.93428E+01   0.59683E+01
   0.37275E+03   0.29143E+02   0.19411E+03   0.16504E+03   0.30955E+03   0.10503E+03   0.25040E+03   0.25495E+03   0.24033E+03
   0.10000E+01   0.10000E+01   0.10000E+01   0.10000E+01   0.10000E+01   0.10000E+01   0.10000E+01   0.10000E+01   0.10000E+01

   0.00000   0.00000   0.00000  -0.00000   0.00000   0.00000   0.73766  -0.00000  -0.00000
   0.00000   0.01410   0.07213   0.00000   0.00000   0.00027   0.00000  -0.00000   0.32164
   0.00000   0.00222   0.00055   0.05742   0.00000   0.12085   0.43746   0.06533   0.01589
   0.25823   0.00000   0.11931   0.00000   0.00000   0.04710   0.00000   0.00000   0.06828
   0.00000   0.00000   0.00000   0.47605   0.00000   0.00000   0.00000   0.00000   0.00000
   0.00000   0.03476   0.00000   0.00000   0.00000   0.13264   0.00000   0.00000   0.16306
   0.69992   0.00368   0.00000   0.00000  -0.00000   0.00000   0.00000   0.00000   0.00000
   0.00000   0.00000   0.00005   0.03594  -0.00000   0.02580   0.63012  -0.00000   0.02050
   0.00920   0.00000   0.00000   0.14965  -0.00000   0.05822   0.00000   0.38623   0.01620
   0.00000   0.28593   0.00000   0.00618  -0.00000   0.00000   0.01750   0.00000   0.15023
   0.00000  -0.00000   0.00000   0.00000  -0.00000   0.00000   0.78381   0.00000   0.00000
  -0.00000   0.00000   0.01708   0.04137  -0.00000   0.11561   0.42823   0.00031   0.00005
  -0.00000   0.00000   0.02874   0.00000   0.00000   0.00000   0.00000   0.00000   0.00000
   0.00000   0.00000   0.00000   0.00000   0.00000   0.00000   0.00000   0.00000  -0.00000
  -0.00000   0.00000   0.03230   0.01422   0.00000   0.02505   0.49374  -0.00000   0.04277
   0.00000   0.00000   0.00000   0.44595  -0.00000   0.17260   0.00000   0.00000   0.13835
   0.00000   0.03373   0.00000   0.22974   0.00000   0.26551   0.00000  -0.00000   0.01842
   0.00000   0.02780   0.06363   0.00000   0.00000   0.18254   0.00000   0.00000   0.18989
   0.00000   0.00000   0.01004   0.00000   0.00000   0.02441   0.53869  -0.00000   0.04453
   0.04546   0.04956   0.00000   0.00000   0.00000   0.37543   0.00000   0.02141   0.14100
   0.00000   0.01886   0.02862  -0.00000   0.00000   0.00996   0.00000   0.18729   0.21636
   0.01497   0.00356   0.09870   0.05234   0.00000   0.05723   0.00000   0.00000   0.04153
   0.00000   0.00000   0.00000   0.01336   0.00000   0.00000   0.56635   0.02441   0.00000
   0.00000   0.01519   0.01142   0.00000  -0.00000   0.06706   0.60382   0.00000   0.03240
   0.00000   0.53503  -0.00000   0.00000   0.00000   0.00000   0.00000   0.00000   0.00000
   0.00000   0.00000   0.00000   0.00000   0.00000   0.83031   0.00000   0.00000   0.00000
   0.00000   0.00000  -0.00000   0.00000   0.00000   0.00000   0.00000   0.66494   0.00000
  -0.00000   0.00000   0.00000  -0.00000  -0.00000  -0.00000   0.00000  -0.00000   0.62366
   0.00000   0.00000  -0.00000   0.00000   0.00000   0.17919   0.08716   0.13484   0.24917
   0.00000   0.00000   0.00000   0.14819   0.00000   0.00000   0.00000   0.35388   0.18288
   0.00000   0.00000  -0.00000   0.00000   0.41223  -0.00000   0.00000   0.00000   0.00000
   0.00000   0.00000   0.00042   0.01570  -0.00000   0.00000   0.62372   0.06257   0.00000
   0.22595   0.00483   0.01801   0.04099   0.09321   0.01560   0.10588   0.11292   0.09330
   1.00000   1.00000   1.00000   1.00000   1.00000   1.00000   1.00000   1.00000   1.00000

   0.12577   0.08391   0.18092   0.17335   0.08857   0.18046   1.00000   0.24379   0.22856
   0.00000   0.09346   0.58777   0.21510   0.11890   0.29106   0.05667   0.14466   0.73397
   0.03372   0.03800   0.14938   0.20392   0.07174   0.20724   0.64856   0.18569   0.12628
   0.39784   0.00548   0.48699   0.00000   0.04764   0.22101   0.02959   0.00000   0.39174
   0.10025   0.12093   0.24036   1.00000   0.21054   0.14333   0.52395   0.13132   0.17703
   0.00000   0.11630   0.63551   0.00000   0.18276   0.37373   0.00000   0.00000   0.54706
   0.95484   0.02312   0.16279   0.00088   0.12991   0.03288   0.00863   0.05639   0.07512
   0.05170   0.04465   0.09321   0.20714   0.05991   0.10899   0.86420   0.07376   0.19071
   0.05016   0.04299   0.02427   0.30845   0.06521   0.24132   0.19794   0.62347   0.09110
   0.01615   0.67329   0.08876   0.15664   0.04682   0.09573   0.20674   0.16867   0.47066
   0.07930   0.05227   0.12123   0.14383   0.09746   0.09968   1.00000   0.16679   0.14728
   0.02884   0.03571   0.18175   0.20228   0.11870   0.19557   0.63808   0.14565   0.17284
   0.12821   0.01967   0.99704   0.54829   0.57069   0.20143   0.60045   0.16760   0.25496
   0.16981   0.01544   0.99795   0.25566   0.89140   0.20420   0.30950   0.17617   0.24056
   0.00458   0.02150   0.21642   0.21104   0.08447   0.11190   0.75630   0.08261   0.18803
   0.03725   0.01043   0.05853   0.62206   0.07228   0.32683   0.18456   0.00000   0.30931
   0.00000   0.11851   0.00000   0.63092   0.00000   0.35840   0.42135   0.01377   0.10660
   0.01342   0.10314   0.57064   0.00000   0.15545   0.41905   0.00173   0.00000   0.57823
   0.05266   0.03657   0.33526   0.16743   0.17572   0.10877   0.83026   0.10009   0.19404
   0.09667   0.15983   0.22430   0.00166   0.09092   0.53098   0.00000   0.10834   0.35927
   0.00000   0.07114   0.37638   0.13178   0.16680   0.21765   0.13629   0.38774   0.51109
   0.12524   0.03719   0.74459   0.28957   0.60284   0.19828   0.15491   0.04704   0.23646
   0.02532   0.04183   0.17662   0.24259   0.05896   0.00000   0.87927   0.14835   0.01487
   0.01813   0.07187   0.19684   0.01051   0.12129   0.14993   0.80683   0.05822   0.18598
   0.12153   1.00000   0.43346   0.02017   0.01791   0.31034   0.21493   0.32700   0.33877
   0.04101   0.03890   0.03212   0.01689   0.03488   1.00000   0.01050   0.10584   0.03391
   0.02165   0.09596   0.00882   0.03322   0.04629   0.24672   0.05190   1.00000   0.07320
   0.22053   0.04994   0.05147   0.33330   0.05509   0.37634   0.03122   0.37558   1.00000
   0.03073   0.01275   0.06860   0.15317   0.00000   0.39686   0.21300   0.30920   0.48161
   0.07208   0.01086   0.07043   0.36949   0.00506   0.18006   0.08339   0.60134   0.38859
   0.30894   0.10481   0.40917   0.40993   1.00000   0.29270   0.23620   0.32140   0.39292
   0.05297   0.03243   0.15551   0.20565   0.06101   0.05381   0.88495   0.18589   0.11824
   0.29689   0.02320   0.15182   0.13147   0.24649   0.08364   0.19946   0.20288   0.19131
   1.00000   1.00000   1.00000   1.00000   1.00000   1.00000   1.00000   1.00000   1.00000
