
       0      -0.237
    0    0    4    3    3    0    1    0    0
    2    0   22    7   12    0    5    1    3
    2    0   33   13   18    1   10    1    5
    3    2   40   15   22    1   11    1    5


   0.00000E+00   0.00000E+00   0.00000E+00  -0.30462E-15   0.00000E+00  -0.18632E-15   0.15116E+02  -0.37233E-15  -0.24190E-16
   0.00000E+00   0.00000E+00   0.11122E-01  -0.21435E-17   0.00000E+00  -0.54419E-19   0.00000E+00  -0.46748E-17   0.77190E-01
   0.00000E+00   0.00000E+00   0.00000E+00   0.78996E-02   0.00000E+00   0.25641E-01   0.86420E-01   0.13388E-01   0.20529E-02
   0.17067E+00   0.00000E+00   0.29186E-01   0.00000E+00   0.00000E+00   0.29866E-01   0.00000E+00   0.00000E+00   0.44830E-01
  -0.12930E-15   0.00000E+00   0.00000E+00   0.11149E+02   0.00000E+00   0.00000E+00   0.00000E+00   0.00000E+00   0.00000E+00
   0.00000E+00   0.37489E-04   0.00000E+00   0.00000E+00   0.00000E+00   0.77998E-03   0.00000E+00   0.00000E+00   0.71397E-03
   0.13339E+03   0.00000E+00   0.00000E+00   0.00000E+00  -0.66575E-14   0.00000E+00  -0.20599E-18   0.00000E+00   0.00000E+00
   0.00000E+00  -0.12521E-20   0.75619E-09   0.98468E-04  -0.38458E-19   0.83477E-04   0.47402E-02  -0.30418E-19   0.17773E-03
   0.00000E+00  -0.10297E-19   0.00000E+00   0.14819E-01  -0.10955E-17   0.57940E-02   0.00000E+00   0.48007E-01   0.22289E-04
   0.00000E+00   0.20863E-01   0.00000E+00   0.00000E+00  -0.12343E-17   0.00000E+00   0.00000E+00  -0.39333E-18   0.11882E-01
   0.00000E+00  -0.48244E-17   0.00000E+00   0.00000E+00  -0.39119E-15   0.00000E+00   0.11205E+02   0.00000E+00   0.00000E+00
  -0.46818E-23   0.71895E-09   0.40507E-04   0.10508E-03  -0.46667E-21   0.72608E-03   0.24036E-02   0.20202E-05   0.32359E-06
  -0.19296E-15   0.00000E+00   0.00000E+00   0.00000E+00   0.00000E+00   0.00000E+00   0.00000E+00   0.00000E+00   0.00000E+00
   0.00000E+00   0.00000E+00   0.00000E+00   0.00000E+00   0.00000E+00   0.00000E+00   0.00000E+00   0.00000E+00  -0.22538E-15
  -0.14318E-17   0.00000E+00   0.91647E-02   0.17375E-03   0.00000E+00   0.45992E-02   0.13033E+00  -0.24843E-17   0.86052E-02
   0.00000E+00   0.00000E+00  -0.21055E-19   0.18737E-02  -0.39303E-19   0.89808E-03   0.00000E+00   0.00000E+00   0.53983E-03
   0.00000E+00   0.61190E-03   0.00000E+00   0.91750E-02   0.00000E+00   0.11392E-01   0.00000E+00  -0.61032E-19   0.00000E+00
   0.00000E+00   0.61541E-03   0.00000E+00   0.00000E+00   0.00000E+00   0.35632E-01   0.00000E+00   0.00000E+00   0.30122E-01
   0.00000E+00   0.00000E+00   0.31832E-03   0.00000E+00   0.00000E+00   0.79703E-03   0.20978E-01  -0.48104E-18   0.12610E-02
   0.63769E-03   0.26830E-03   0.00000E+00   0.00000E+00  -0.11307E-21   0.51669E-02   0.00000E+00   0.12267E-03   0.12884E-02
   0.00000E+00   0.62626E-04   0.00000E+00  -0.31770E-18   0.00000E+00   0.23577E-03  -0.18239E-18   0.31482E-02   0.38912E-02
   0.11720E-02   0.69208E-03   0.77962E-02   0.13477E-01   0.00000E+00   0.13684E-01   0.00000E+00   0.00000E+00   0.63322E-02
   0.00000E+00   0.00000E+00   0.00000E+00   0.00000E+00   0.00000E+00   0.00000E+00   0.39253E+00   0.16751E-01   0.00000E+00
   0.00000E+00   0.34100E-03   0.19865E-08   0.00000E+00  -0.32625E-18   0.36010E-02   0.30050E-01  -0.29150E-18   0.11085E-02
  -0.54073E-28   0.16206E+00  -0.24814E-17   0.00000E+00   0.00000E+00   0.00000E+00   0.00000E+00   0.00000E+00   0.00000E+00
   0.00000E+00   0.00000E+00  -0.14906E-27   0.00000E+00   0.00000E+00   0.13269E+02   0.00000E+00   0.00000E+00  -0.11936E-15
   0.00000E+00  -0.17277E-15  -0.22713E-26   0.00000E+00   0.00000E+00  -0.35389E-15  -0.17321E-25   0.10484E+03   0.00000E+00
  -0.36402E-14   0.00000E+00   0.00000E+00  -0.33330E-14  -0.11995E-14  -0.37851E-14   0.00000E+00  -0.30802E-14   0.66638E+02
   0.00000E+00   0.00000E+00  -0.21490E-15   0.00000E+00   0.00000E+00   0.50995E+01   0.81566E+00   0.29040E+01   0.49984E+01
   0.00000E+00   0.00000E+00   0.00000E+00   0.19785E+01   0.00000E+00   0.00000E+00   0.00000E+00   0.57303E+01   0.24862E+01
   0.00000E+00   0.00000E+00  -0.10405E-14   0.00000E+00   0.54430E+02  -0.30883E-15   0.00000E+00   0.00000E+00   0.00000E+00
   0.00000E+00   0.00000E+00   0.00000E+00   0.00000E+00  -0.96966E-16   0.00000E+00   0.28376E+02   0.29009E+01   0.00000E+00
   0.27329E+03   0.48604E+01   0.22661E+02   0.38124E+02   0.53268E+02   0.15147E+02   0.12952E+03   0.13878E+03   0.90130E+02
   0.10000E+01   0.10000E+01   0.10000E+01   0.10000E+01   0.10000E+01   0.10000E+01   0.10000E+01   0.10000E+01   0.10000E+01

   0.47219E+01   0.39258E+01   0.41015E+01   0.41774E+01   0.21887E+01   0.66046E+01   0.26515E+02   0.87282E+01   0.76410E+01
   0.00000E+00   0.70330E-01   0.19349E+00   0.99648E-01   0.38038E-01   0.10962E+00   0.33722E-01   0.57260E-01   0.25350E+00
   0.86072E-02   0.15360E-01   0.32522E-01   0.48882E-01   0.16202E-01   0.48912E-01   0.13845E+00   0.43465E-01   0.34606E-01
   0.29063E+00   0.17079E-01   0.35561E+00   0.41493E-02   0.36394E-01   0.17175E+00   0.28089E-01   0.00000E+00   0.33253E+00
   0.42804E+01   0.71749E+01   0.70767E+01   0.32714E+02   0.71503E+01   0.54790E+01   0.18885E+02   0.53250E+01   0.82049E+01
   0.00000E+00   0.13473E-02   0.45335E-02   0.00000E+00   0.13423E-02   0.28410E-02   0.00000E+00   0.00000E+00   0.41476E-02
   0.21802E+03   0.12584E+02   0.40061E+02   0.20136E+01   0.30168E+02   0.83531E+01   0.39500E+01   0.14175E+02   0.23104E+02
   0.72130E-03   0.91980E-03   0.12526E-02   0.18647E-02   0.11511E-02   0.11690E-02   0.74966E-02   0.89541E-03   0.21949E-02
   0.74096E-02   0.19354E-01   0.13704E-01   0.39698E-01   0.84806E-02   0.34119E-01   0.28742E-01   0.83003E-01   0.16165E-01
   0.42151E-02   0.10918E+00   0.45153E-01   0.26612E-01   0.89315E-02   0.19718E-01   0.35116E-01   0.27883E-01   0.84115E-01
   0.17020E+01   0.18348E+01   0.26669E+01   0.23069E+01   0.27384E+01   0.23147E+01   0.18003E+02   0.35551E+01   0.33957E+01
   0.31638E-03   0.44363E-03   0.12049E-02   0.21797E-02   0.94233E-03   0.14735E-02   0.42869E-02   0.10134E-02   0.15369E-02
   0.32913E+01   0.72005E+00   0.19489E+02   0.12301E+02   0.12718E+02   0.47954E+01   0.12102E+02   0.42464E+01   0.74947E+01
   0.98311E+01   0.14535E+01   0.43843E+02   0.13292E+02   0.41241E+02   0.11055E+02   0.15372E+02   0.11225E+02   0.15041E+02
   0.98010E-02   0.19392E-01   0.87810E-01   0.74108E-01   0.39809E-01   0.43870E-01   0.25831E+00   0.28663E-01   0.80598E-01
   0.39402E-03   0.39132E-03   0.10148E-02   0.33162E-02   0.43218E-03   0.20502E-02   0.14931E-02   0.56548E-09   0.22144E-02
   0.00000E+00   0.14032E-01   0.74426E-02   0.36203E-01   0.13786E-02   0.20077E-01   0.25003E-01   0.73676E-03   0.83165E-02
   0.29574E-02   0.41877E-01   0.13434E+00   0.00000E+00   0.36557E-01   0.10327E+00   0.16969E-02   0.00000E+00   0.13805E+00
   0.29313E-02   0.34793E-02   0.13859E-01   0.78472E-02   0.83005E-02   0.53079E-02   0.34550E-01   0.48626E-02   0.10152E-01
   0.15095E-02   0.39613E-02   0.41437E-02   0.42151E-03   0.13184E-02   0.82337E-02   0.21987E-04   0.19103E-02   0.56327E-02
   0.00000E+00   0.30671E-02   0.87516E-02   0.53924E-02   0.42803E-02   0.59261E-02   0.35063E-02   0.91802E-02   0.14144E-01
   0.44479E-01   0.18238E-01   0.19407E+00   0.89225E-01   0.16298E+00   0.57742E-01   0.44437E-01   0.18542E-01   0.89079E-01
   0.50358E-01   0.74700E-01   0.17304E+00   0.20852E+00   0.45231E-01   0.00000E+00   0.67822E+00   0.11973E+00   0.16599E-01
   0.29919E-02   0.86930E-02   0.12746E-01   0.79217E-03   0.75523E-02   0.10116E-01   0.46951E-01   0.46157E-02   0.13718E-01
   0.12206E+00   0.79188E+00   0.45936E+00   0.27859E-01   0.11138E-01   0.27367E+00   0.19308E+00   0.28945E+00   0.33196E+00
   0.74083E+00   0.13509E+01   0.52119E+00   0.27538E+00   0.56612E+00   0.16589E+02   0.17017E+00   0.20080E+01   0.55343E+00
   0.40570E+01   0.29358E+02   0.26738E+01   0.11805E+02   0.95712E+01   0.45022E+02   0.88012E+01   0.16231E+03   0.12446E+02
   0.44195E+02   0.13727E+02   0.70968E+01   0.66697E+02   0.75938E+01   0.79781E+02   0.54197E+01   0.78732E+02   0.16975E+03
   0.13263E+01   0.11913E+01   0.60657E+01   0.49685E+01   0.00000E+00   0.13591E+02   0.68383E+01   0.98990E+01   0.15584E+02
   0.15823E+01   0.36770E+00   0.21009E+01   0.73241E+01   0.47837E+00   0.39290E+01   0.18407E+01   0.10824E+02   0.78566E+01
   0.85103E+02   0.35616E+02   0.11583E+03   0.12246E+03   0.22374E+03   0.77180E+02   0.65499E+02   0.88267E+02   0.10076E+03
   0.39992E+01   0.41672E+01   0.78515E+01   0.11331E+02   0.44130E+01   0.38968E+01   0.44700E+02   0.10774E+02   0.82496E+01
   0.40676E+03   0.46168E+02   0.20124E+03   0.18736E+03   0.31209E+03   0.12288E+03   0.25899E+03   0.26479E+03   0.26270E+03
   0.10000E+01   0.10000E+01   0.10000E+01   0.10000E+01   0.10000E+01   0.10000E+01   0.10000E+01   0.10000E+01   0.10000E+01

   0.00000   0.00000   0.00000   0.00000   0.00000  -0.00000   0.63395   0.00000   0.00000
   0.00000   0.00000   0.03801   0.00000   0.00000   0.00000   0.00000   0.00000   0.24537
   0.00000   0.00000   0.00000   0.03734   0.00000   0.12223   0.40589   0.06266   0.01155
   0.23980   0.00000   0.03974   0.00000   0.00000   0.04244   0.00000   0.00000   0.06306
   0.00000   0.00000   0.00000   0.37121   0.00000   0.00000   0.00000   0.00000   0.00000
   0.00000   0.00530   0.00000   0.00000   0.00000   0.11766   0.00000   0.00000   0.09989
   0.65205   0.00000   0.00000   0.00000   0.00000   0.00000  -0.00000   0.00000   0.00000
   0.00000  -0.00000   0.00000   0.01146   0.00000   0.00973   0.54440   0.00000   0.02702
   0.00000  -0.00000   0.00000   0.11722   0.00000   0.04532   0.00000   0.37920   0.00018
   0.00000   0.14128   0.00000   0.00000   0.00000   0.00000   0.00000   0.00000   0.08087
   0.00000   0.00000   0.00000   0.00000   0.00000   0.00000   0.69622   0.00000   0.00000
   0.00000   0.00002   0.02414   0.02185   0.00000   0.11330   0.38264   0.02362   0.02994
   0.00000   0.00000   0.00000   0.00000   0.00000   0.00000   0.00000   0.00000   0.00000
   0.00000   0.00000   0.00000   0.00000   0.00000   0.00000   0.00000   0.00000   0.00000
   0.00000   0.00000   0.02731   0.00052   0.00000   0.01453   0.38632   0.00000   0.02589
   0.00000   0.00000   0.00000   0.34281   0.00000   0.16161   0.00000   0.00000   0.12399
   0.00000   0.01128   0.00000   0.17273   0.00000   0.20846   0.00000   0.00000   0.00000
   0.00000   0.00274   0.00000   0.00000   0.00000   0.18292   0.00000   0.00000   0.13317
   0.00000   0.00000   0.00781   0.00000   0.00000   0.01940   0.51293   0.00000   0.03098
   0.04349   0.01849   0.00000   0.00000   0.00000   0.36141   0.00000   0.00833   0.08900
   0.00000   0.00267   0.00000   0.00000   0.00000   0.01103  -0.00000   0.13175   0.16591
   0.00458   0.00270   0.03020   0.05647   0.00000   0.05530   0.00000   0.00000   0.02464
   0.00000   0.00000   0.00000   0.00000   0.00000   0.00000   0.51279   0.02203   0.00000
   0.00000   0.00599   0.00000   0.00000   0.00000   0.06211   0.52090   0.00000   0.01947
   0.00000   0.26904   0.00000   0.00000   0.00000   0.00000   0.00000   0.00000   0.00000
   0.00000   0.00000   0.00000   0.00000   0.00000   0.81724   0.00000   0.00000   0.00000
   0.00000   0.00000   0.00000   0.00000   0.00000   0.00000   0.00000   0.65676   0.00000
   0.00000   0.00000   0.00000   0.00000   0.00000   0.00000   0.00000   0.00000   0.45512
   0.00000   0.00000   0.00000   0.00000   0.00000   0.17401   0.02740   0.09757   0.16855
   0.00000   0.00000   0.00000   0.11762   0.00000   0.00000   0.00000   0.33022   0.14423
   0.00000   0.00000  -0.00000   0.00000   0.30890   0.00000   0.00000   0.00000   0.00000
   0.00000   0.00000   0.00000   0.00000   0.00000   0.00000   0.56169   0.05719   0.00000
   0.21740   0.00387   0.02181   0.03037   0.04239   0.01205   0.10507   0.11051   0.07174
   1.00000   1.00000   1.00000   1.00000   1.00000   1.00000   1.00000   1.00000   1.00000

   0.20327   0.17115   0.17368   0.15061   0.09780   0.28255   1.00000   0.36605   0.32366
   0.00000   0.22278   0.42743   0.31108   0.10446   0.34848   0.10720   0.18390   0.80140
   0.04057   0.07229   0.14102   0.18595   0.07619   0.23027   0.65449   0.20511   0.16294
   0.39999   0.02371   0.40629   0.00580   0.04935   0.23744   0.03951   0.00000   0.45279
   0.14484   0.24343   0.24131   1.00000   0.22954   0.18462   0.62879   0.17988   0.27739
   0.00000   0.18858   0.50810   0.00000   0.17935   0.39747   0.00000   0.00000   0.57502
   0.97192   0.05941   0.19583   0.00907   0.14747   0.03898   0.01868   0.06626   0.10871
   0.08311   0.10607   0.14387   0.18899   0.13162   0.13464   0.87237   0.10390   0.25213
   0.05861   0.15262   0.10825   0.31497   0.06364   0.26951   0.22735   0.64929   0.12785
   0.02849   0.74316   0.30576   0.17960   0.05952   0.13129   0.23566   0.18756   0.55941
   0.10480   0.11391   0.16570   0.11977   0.17090   0.14299   1.00000   0.21919   0.20947
   0.04894   0.06890   0.17146   0.19819   0.08967   0.21086   0.64690   0.15715   0.23770
   0.18632   0.04107   1.00000   0.68664   0.70725   0.26904   0.65864   0.23996   0.42217
   0.25216   0.03788   0.99983   0.34503   0.99217   0.27930   0.38658   0.28422   0.38376
   0.02958   0.05790   0.26027   0.18274   0.11903   0.13126   0.76263   0.08638   0.23992
   0.07044   0.07030   0.15146   0.58083   0.07622   0.36358   0.27042   0.00000   0.39418
   0.00000   0.25676   0.13810   0.67141   0.02572   0.37598   0.47071   0.01361   0.15630
   0.00000   0.18526   0.39054   0.00000   0.15574   0.45656   0.00786   0.00000   0.60697
   0.07198   0.08537   0.32096   0.18087   0.20395   0.13046   0.84443   0.12001   0.24871
   0.10438   0.27112   0.24486   0.02932   0.08372   0.56878   0.00153   0.13274   0.38746
   0.00000   0.13120   0.30024   0.22770   0.18052   0.25268   0.14918   0.39248   0.59448
   0.17278   0.07104   0.72485   0.34913   0.62959   0.22429   0.17343   0.07269   0.34577
   0.06569   0.09658   0.22532   0.25254   0.05352   0.00000   0.88327   0.15774   0.02176
   0.05243   0.15090   0.22095   0.00000   0.13229   0.17588   0.81331   0.08164   0.23780
   0.18461   1.00000   0.70213   0.04475   0.01241   0.41070   0.28530   0.42013   0.50059
   0.04568   0.08326   0.02714   0.01506   0.03238   1.00000   0.00865   0.12367   0.03348
   0.02546   0.18403   0.01676   0.07396   0.05997   0.28203   0.05517   1.00000   0.07762
   0.30236   0.09828   0.04287   0.45192   0.05509   0.54488   0.03918   0.52688   1.00000
   0.04545   0.04070   0.20379   0.16778   0.00000   0.45831   0.23364   0.33729   0.51603
   0.09235   0.02122   0.12107   0.42489   0.02802   0.22828   0.10943   0.63533   0.44619
   0.46254   0.19410   0.65740   0.63068   1.00000   0.40134   0.33718   0.44786   0.52226
   0.07914   0.08249   0.15373   0.17960   0.08711   0.07699   0.88571   0.21496   0.16345
   0.32351   0.03676   0.16013   0.14867   0.24844   0.09781   0.20632   0.21136   0.20894
   1.00000   1.00000   1.00000   1.00000   1.00000   1.00000   1.00000   1.00000   1.00000
