

   0.00000E+00   0.00000E+00   0.00000E+00   0.00000E+00   0.00000E+00   0.00000E+00   0.10825E+02   0.00000E+00   0.00000E+00
   0.99999E+03   0.99999E+03   0.99999E+03   0.99999E+03   0.99999E+03   0.99999E+03   0.99999E+03   0.99999E+03   0.99999E+03
   0.99999E+03   0.99999E+03   0.99999E+03   0.99999E+03   0.99999E+03   0.99999E+03   0.99999E+03   0.99999E+03   0.99999E+03
   0.99999E+03   0.99999E+03   0.99999E+03   0.99999E+03   0.99999E+03   0.99999E+03   0.99999E+03   0.99999E+03   0.99999E+03
   0.00000E+00   0.00000E+00   0.00000E+00   0.79076E+01   0.00000E+00   0.00000E+00   0.00000E+00   0.00000E+00   0.00000E+00
   0.99999E+03   0.99999E+03   0.99999E+03   0.99999E+03   0.99999E+03   0.99999E+03   0.99999E+03   0.99999E+03   0.99999E+03
   0.15101E+03   0.00000E+00   0.00000E+00   0.00000E+00   0.00000E+00   0.00000E+00   0.00000E+00   0.00000E+00   0.00000E+00
   0.99999E+03   0.99999E+03   0.99999E+03   0.99999E+03   0.99999E+03   0.99999E+03   0.99999E+03   0.99999E+03   0.99999E+03
   0.99999E+03   0.99999E+03   0.99999E+03   0.99999E+03   0.99999E+03   0.99999E+03   0.99999E+03   0.99999E+03   0.99999E+03
   0.99999E+03   0.99999E+03   0.99999E+03   0.99999E+03   0.99999E+03   0.99999E+03   0.99999E+03   0.99999E+03   0.99999E+03
   0.00000E+00   0.00000E+00   0.00000E+00   0.00000E+00   0.00000E+00   0.00000E+00   0.90404E+01   0.00000E+00   0.00000E+00
   0.99999E+03   0.99999E+03   0.99999E+03   0.99999E+03   0.99999E+03   0.99999E+03   0.99999E+03   0.99999E+03   0.99999E+03
   0.00000E+00   0.00000E+00   0.12680E+01   0.00000E+00   0.00000E+00   0.00000E+00   0.00000E+00   0.00000E+00   0.00000E+00
   0.00000E+00   0.00000E+00   0.74605E+00   0.00000E+00   0.00000E+00   0.00000E+00   0.00000E+00   0.00000E+00   0.00000E+00
   0.99999E+03   0.99999E+03   0.99999E+03   0.99999E+03   0.99999E+03   0.99999E+03   0.99999E+03   0.99999E+03   0.99999E+03
   0.99999E+03   0.99999E+03   0.99999E+03   0.99999E+03   0.99999E+03   0.99999E+03   0.99999E+03   0.99999E+03   0.99999E+03
   0.99999E+03   0.99999E+03   0.99999E+03   0.99999E+03   0.99999E+03   0.99999E+03   0.99999E+03   0.99999E+03   0.99999E+03
   0.99999E+03   0.99999E+03   0.99999E+03   0.99999E+03   0.99999E+03   0.99999E+03   0.99999E+03   0.99999E+03   0.99999E+03
   0.99999E+03   0.99999E+03   0.99999E+03   0.99999E+03   0.99999E+03   0.99999E+03   0.99999E+03   0.99999E+03   0.99999E+03
   0.99999E+03   0.99999E+03   0.99999E+03   0.99999E+03   0.99999E+03   0.99999E+03   0.99999E+03   0.99999E+03   0.99999E+03
   0.99999E+03   0.99999E+03   0.99999E+03   0.99999E+03   0.99999E+03   0.99999E+03   0.99999E+03   0.99999E+03   0.99999E+03
   0.99999E+03   0.99999E+03   0.99999E+03   0.99999E+03   0.99999E+03   0.99999E+03   0.99999E+03   0.99999E+03   0.99999E+03
   0.99999E+03   0.99999E+03   0.99999E+03   0.99999E+03   0.99999E+03   0.99999E+03   0.99999E+03   0.99999E+03   0.99999E+03
   0.99999E+03   0.99999E+03   0.99999E+03   0.99999E+03   0.99999E+03   0.99999E+03   0.99999E+03   0.99999E+03   0.99999E+03
   0.00000E+00   0.36474E+00   0.00000E+00   0.00000E+00   0.00000E+00   0.00000E+00   0.00000E+00   0.00000E+00   0.00000E+00
   0.00000E+00   0.00000E+00   0.00000E+00   0.00000E+00   0.00000E+00   0.11588E+02   0.00000E+00   0.00000E+00   0.00000E+00
   0.00000E+00   0.00000E+00   0.00000E+00   0.00000E+00   0.00000E+00   0.00000E+00   0.00000E+00   0.87120E+02   0.00000E+00
   0.00000E+00   0.00000E+00   0.00000E+00   0.00000E+00   0.00000E+00   0.00000E+00   0.00000E+00   0.00000E+00   0.50161E+02
   0.99999E+03   0.99999E+03   0.99999E+03   0.99999E+03   0.99999E+03   0.99999E+03   0.99999E+03   0.99999E+03   0.99999E+03
   0.99999E+03   0.99999E+03   0.99999E+03   0.99999E+03   0.99999E+03   0.99999E+03   0.99999E+03   0.99999E+03   0.99999E+03
   0.00000E+00   0.00000E+00   0.00000E+00   0.00000E+00   0.38443E+02   0.00000E+00   0.00000E+00   0.00000E+00   0.00000E+00
   0.99999E+03   0.99999E+03   0.99999E+03   0.99999E+03   0.99999E+03   0.99999E+03   0.99999E+03   0.99999E+03   0.99999E+03
   0.99999E+03   0.99999E+03   0.99999E+03   0.99999E+03   0.99999E+03   0.99999E+03   0.99999E+03   0.99999E+03   0.99999E+03
   0.10000E+01   0.10000E+01   0.10000E+01   0.10000E+01   0.10000E+01   0.10000E+01   0.10000E+01   0.10000E+01   0.10000E+01

   0.22508E+01   0.13172E+01   0.11515E+02   0.11249E+02   0.44286E+01   0.30442E+01   0.23793E+02   0.41948E+01   0.41104E+01
  -0.99999E+03  -0.99999E+03  -0.99999E+03  -0.99999E+03  -0.99999E+03  -0.99999E+03  -0.99999E+03  -0.99999E+03  -0.99999E+03
  -0.99999E+03  -0.99999E+03  -0.99999E+03  -0.99999E+03  -0.99999E+03  -0.99999E+03  -0.99999E+03  -0.99999E+03  -0.99999E+03
  -0.99999E+03  -0.99999E+03  -0.99999E+03  -0.99999E+03  -0.99999E+03  -0.99999E+03  -0.99999E+03  -0.99999E+03  -0.99999E+03
   0.25161E+01   0.27033E+01   0.18769E+02   0.30493E+02   0.12750E+02   0.36628E+01   0.13991E+02   0.32559E+01   0.40024E+01
  -0.99999E+03  -0.99999E+03  -0.99999E+03  -0.99999E+03  -0.99999E+03  -0.99999E+03  -0.99999E+03  -0.99999E+03  -0.99999E+03
   0.20426E+03   0.35513E+01   0.73282E+02   0.28482E+02   0.91852E+02   0.65192E+01   0.11408E+02   0.11181E+02   0.12829E+02
  -0.99999E+03  -0.99999E+03  -0.99999E+03  -0.99999E+03  -0.99999E+03  -0.99999E+03  -0.99999E+03  -0.99999E+03  -0.99999E+03
  -0.99999E+03  -0.99999E+03  -0.99999E+03  -0.99999E+03  -0.99999E+03  -0.99999E+03  -0.99999E+03  -0.99999E+03  -0.99999E+03
  -0.99999E+03  -0.99999E+03  -0.99999E+03  -0.99999E+03  -0.99999E+03  -0.99999E+03  -0.99999E+03  -0.99999E+03  -0.99999E+03
   0.11272E+01   0.62498E+00   0.93821E+01   0.73389E+01   0.28900E+01   0.13403E+01   0.16717E+02   0.23268E+01   0.20151E+01
  -0.99999E+03  -0.99999E+03  -0.99999E+03  -0.99999E+03  -0.99999E+03  -0.99999E+03  -0.99999E+03  -0.99999E+03  -0.99999E+03
   0.18893E+01   0.61801E+00   0.17915E+02   0.80759E+01   0.90304E+01   0.29899E+01   0.10026E+02   0.24224E+01   0.34407E+01
   0.54092E+01   0.16251E+01   0.39158E+02   0.14863E+02   0.32429E+02   0.64296E+01   0.10320E+02   0.50613E+01   0.71624E+01
  -0.99999E+03  -0.99999E+03  -0.99999E+03  -0.99999E+03  -0.99999E+03  -0.99999E+03  -0.99999E+03  -0.99999E+03  -0.99999E+03
  -0.99999E+03  -0.99999E+03  -0.99999E+03  -0.99999E+03  -0.99999E+03  -0.99999E+03  -0.99999E+03  -0.99999E+03  -0.99999E+03
  -0.99999E+03  -0.99999E+03  -0.99999E+03  -0.99999E+03  -0.99999E+03  -0.99999E+03  -0.99999E+03  -0.99999E+03  -0.99999E+03
  -0.99999E+03  -0.99999E+03  -0.99999E+03  -0.99999E+03  -0.99999E+03  -0.99999E+03  -0.99999E+03  -0.99999E+03  -0.99999E+03
  -0.99999E+03  -0.99999E+03  -0.99999E+03  -0.99999E+03  -0.99999E+03  -0.99999E+03  -0.99999E+03  -0.99999E+03  -0.99999E+03
  -0.99999E+03  -0.99999E+03  -0.99999E+03  -0.99999E+03  -0.99999E+03  -0.99999E+03  -0.99999E+03  -0.99999E+03  -0.99999E+03
  -0.99999E+03  -0.99999E+03  -0.99999E+03  -0.99999E+03  -0.99999E+03  -0.99999E+03  -0.99999E+03  -0.99999E+03  -0.99999E+03
  -0.99999E+03  -0.99999E+03  -0.99999E+03  -0.99999E+03  -0.99999E+03  -0.99999E+03  -0.99999E+03  -0.99999E+03  -0.99999E+03
  -0.99999E+03  -0.99999E+03  -0.99999E+03  -0.99999E+03  -0.99999E+03  -0.99999E+03  -0.99999E+03  -0.99999E+03  -0.99999E+03
  -0.99999E+03  -0.99999E+03  -0.99999E+03  -0.99999E+03  -0.99999E+03  -0.99999E+03  -0.99999E+03  -0.99999E+03  -0.99999E+03
   0.61055E-01   0.68669E+00   0.21357E+00   0.15770E+00   0.11083E+00   0.16162E+00   0.11649E+00   0.17799E+00   0.16550E+00
   0.95949E+00   0.47678E+00   0.58713E+01   0.22475E+01   0.36811E+01   0.16375E+02   0.67163E+00   0.16063E+01   0.34954E+01
   0.21302E+02   0.12230E+02   0.73062E+02   0.61865E+02   0.55117E+02   0.37095E+02   0.29603E+02   0.16035E+03   0.40898E+02
   0.25785E+02   0.52862E+01   0.84378E+02   0.39642E+02   0.43040E+02   0.41154E+02   0.18849E+02   0.40825E+02   0.14991E+03
  -0.99999E+03  -0.99999E+03  -0.99999E+03  -0.99999E+03  -0.99999E+03  -0.99999E+03  -0.99999E+03  -0.99999E+03  -0.99999E+03
  -0.99999E+03  -0.99999E+03  -0.99999E+03  -0.99999E+03  -0.99999E+03  -0.99999E+03  -0.99999E+03  -0.99999E+03  -0.99999E+03
   0.45111E+02   0.13684E+02   0.14569E+03   0.57769E+02   0.19375E+03   0.42438E+02   0.34322E+02   0.46967E+02   0.58768E+02
  -0.99999E+03  -0.99999E+03  -0.99999E+03  -0.99999E+03  -0.99999E+03  -0.99999E+03  -0.99999E+03  -0.99999E+03  -0.99999E+03
  -0.99999E+03  -0.99999E+03  -0.99999E+03  -0.99999E+03  -0.99999E+03  -0.99999E+03  -0.99999E+03  -0.99999E+03  -0.99999E+03
   0.10000E+01   0.10000E+01   0.10000E+01   0.10000E+01   0.10000E+01   0.10000E+01   0.10000E+01   0.10000E+01   0.10000E+01


   0.00000E+00   0.00000E+00   0.00000E+00   0.00000E+00   0.00000E+00   0.00000E+00   0.66376E+01   0.00000E+00   0.00000E+00
   0.99999E+03   0.99999E+03   0.99999E+03   0.99999E+03   0.99999E+03   0.99999E+03   0.99999E+03   0.99999E+03   0.99999E+03
   0.99999E+03   0.99999E+03   0.99999E+03   0.99999E+03   0.99999E+03   0.99999E+03   0.99999E+03   0.99999E+03   0.99999E+03
   0.99999E+03   0.99999E+03   0.99999E+03   0.99999E+03   0.99999E+03   0.99999E+03   0.99999E+03   0.99999E+03   0.99999E+03
   0.00000E+00   0.00000E+00   0.00000E+00   0.75823E+01   0.00000E+00   0.00000E+00   0.00000E+00   0.00000E+00   0.00000E+00
   0.99999E+03   0.99999E+03   0.99999E+03   0.99999E+03   0.99999E+03   0.99999E+03   0.99999E+03   0.99999E+03   0.99999E+03
   0.14498E+03   0.00000E+00   0.00000E+00   0.00000E+00   0.00000E+00   0.00000E+00   0.00000E+00   0.00000E+00   0.00000E+00
   0.99999E+03   0.99999E+03   0.99999E+03   0.99999E+03   0.99999E+03   0.99999E+03   0.99999E+03   0.99999E+03   0.99999E+03
   0.99999E+03   0.99999E+03   0.99999E+03   0.99999E+03   0.99999E+03   0.99999E+03   0.99999E+03   0.99999E+03   0.99999E+03
   0.99999E+03   0.99999E+03   0.99999E+03   0.99999E+03   0.99999E+03   0.99999E+03   0.99999E+03   0.99999E+03   0.99999E+03
   0.00000E+00   0.00000E+00   0.00000E+00   0.00000E+00   0.00000E+00   0.00000E+00   0.51858E+01   0.00000E+00   0.00000E+00
   0.99999E+03   0.99999E+03   0.99999E+03   0.99999E+03   0.99999E+03   0.99999E+03   0.99999E+03   0.99999E+03   0.99999E+03
   0.00000E+00   0.00000E+00   0.49927E+00   0.00000E+00   0.00000E+00   0.00000E+00   0.00000E+00   0.00000E+00   0.00000E+00
   0.00000E+00   0.00000E+00   0.00000E+00   0.00000E+00   0.00000E+00   0.00000E+00   0.00000E+00   0.00000E+00   0.00000E+00
   0.99999E+03   0.99999E+03   0.99999E+03   0.99999E+03   0.99999E+03   0.99999E+03   0.99999E+03   0.99999E+03   0.99999E+03
   0.99999E+03   0.99999E+03   0.99999E+03   0.99999E+03   0.99999E+03   0.99999E+03   0.99999E+03   0.99999E+03   0.99999E+03
   0.99999E+03   0.99999E+03   0.99999E+03   0.99999E+03   0.99999E+03   0.99999E+03   0.99999E+03   0.99999E+03   0.99999E+03
   0.99999E+03   0.99999E+03   0.99999E+03   0.99999E+03   0.99999E+03   0.99999E+03   0.99999E+03   0.99999E+03   0.99999E+03
   0.99999E+03   0.99999E+03   0.99999E+03   0.99999E+03   0.99999E+03   0.99999E+03   0.99999E+03   0.99999E+03   0.99999E+03
   0.99999E+03   0.99999E+03   0.99999E+03   0.99999E+03   0.99999E+03   0.99999E+03   0.99999E+03   0.99999E+03   0.99999E+03
   0.99999E+03   0.99999E+03   0.99999E+03   0.99999E+03   0.99999E+03   0.99999E+03   0.99999E+03   0.99999E+03   0.99999E+03
   0.99999E+03   0.99999E+03   0.99999E+03   0.99999E+03   0.99999E+03   0.99999E+03   0.99999E+03   0.99999E+03   0.99999E+03
   0.99999E+03   0.99999E+03   0.99999E+03   0.99999E+03   0.99999E+03   0.99999E+03   0.99999E+03   0.99999E+03   0.99999E+03
   0.99999E+03   0.99999E+03   0.99999E+03   0.99999E+03   0.99999E+03   0.99999E+03   0.99999E+03   0.99999E+03   0.99999E+03
   0.00000E+00   0.31849E+00   0.00000E+00   0.00000E+00   0.00000E+00   0.00000E+00   0.00000E+00   0.00000E+00   0.00000E+00
   0.00000E+00   0.00000E+00   0.00000E+00   0.00000E+00   0.00000E+00   0.93059E+01   0.00000E+00   0.00000E+00   0.00000E+00
   0.00000E+00   0.00000E+00   0.00000E+00   0.00000E+00   0.00000E+00   0.00000E+00   0.00000E+00   0.74249E+02   0.00000E+00
   0.00000E+00   0.00000E+00   0.00000E+00   0.00000E+00   0.00000E+00   0.00000E+00   0.00000E+00   0.00000E+00   0.30181E+02
   0.99999E+03   0.99999E+03   0.99999E+03   0.99999E+03   0.99999E+03   0.99999E+03   0.99999E+03   0.99999E+03   0.99999E+03
   0.99999E+03   0.99999E+03   0.99999E+03   0.99999E+03   0.99999E+03   0.99999E+03   0.99999E+03   0.99999E+03   0.99999E+03
   0.00000E+00   0.00000E+00   0.00000E+00   0.00000E+00   0.38443E+02   0.00000E+00   0.00000E+00   0.00000E+00   0.00000E+00
   0.99999E+03   0.99999E+03   0.99999E+03   0.99999E+03   0.99999E+03   0.99999E+03   0.99999E+03   0.99999E+03   0.99999E+03
   0.99999E+03   0.99999E+03   0.99999E+03   0.99999E+03   0.99999E+03   0.99999E+03   0.99999E+03   0.99999E+03   0.99999E+03
   0.10000E+01   0.10000E+01   0.10000E+01   0.10000E+01   0.10000E+01   0.10000E+01   0.10000E+01   0.10000E+01   0.10000E+01

   0.28784E+01   0.19045E+01   0.14946E+02   0.13804E+02   0.63337E+01   0.40929E+01   0.24627E+02   0.56029E+01   0.52131E+01
  -0.99999E+03  -0.99999E+03  -0.99999E+03  -0.99999E+03  -0.99999E+03  -0.99999E+03  -0.99999E+03  -0.99999E+03  -0.99999E+03
  -0.99999E+03  -0.99999E+03  -0.99999E+03  -0.99999E+03  -0.99999E+03  -0.99999E+03  -0.99999E+03  -0.99999E+03  -0.99999E+03
  -0.99999E+03  -0.99999E+03  -0.99999E+03  -0.99999E+03  -0.99999E+03  -0.99999E+03  -0.99999E+03  -0.99999E+03  -0.99999E+03
   0.29513E+01   0.35561E+01   0.18769E+02   0.31159E+02   0.12750E+02   0.42257E+01   0.15505E+02   0.38661E+01   0.52071E+01
  -0.99999E+03  -0.99999E+03  -0.99999E+03  -0.99999E+03  -0.99999E+03  -0.99999E+03  -0.99999E+03  -0.99999E+03  -0.99999E+03
   0.20836E+03   0.48927E+01   0.97463E+02   0.35663E+02   0.12419E+03   0.70035E+01   0.15636E+02   0.11991E+02   0.15930E+02
  -0.99999E+03  -0.99999E+03  -0.99999E+03  -0.99999E+03  -0.99999E+03  -0.99999E+03  -0.99999E+03  -0.99999E+03  -0.99999E+03
  -0.99999E+03  -0.99999E+03  -0.99999E+03  -0.99999E+03  -0.99999E+03  -0.99999E+03  -0.99999E+03  -0.99999E+03  -0.99999E+03
  -0.99999E+03  -0.99999E+03  -0.99999E+03  -0.99999E+03  -0.99999E+03  -0.99999E+03  -0.99999E+03  -0.99999E+03  -0.99999E+03
   0.12804E+01   0.84134E+00   0.93821E+01   0.92346E+01   0.54153E+01   0.16059E+01   0.17098E+02   0.26905E+01   0.23750E+01
  -0.99999E+03  -0.99999E+03  -0.99999E+03  -0.99999E+03  -0.99999E+03  -0.99999E+03  -0.99999E+03  -0.99999E+03  -0.99999E+03
   0.22568E+01   0.89324E+00   0.18419E+02   0.96795E+01   0.10126E+02   0.35535E+01   0.10738E+02   0.29519E+01   0.44849E+01
   0.65628E+01   0.23467E+01   0.40949E+02   0.17045E+02   0.35118E+02   0.79314E+01   0.12015E+02   0.68403E+01   0.93007E+01
  -0.99999E+03  -0.99999E+03  -0.99999E+03  -0.99999E+03  -0.99999E+03  -0.99999E+03  -0.99999E+03  -0.99999E+03  -0.99999E+03
  -0.99999E+03  -0.99999E+03  -0.99999E+03  -0.99999E+03  -0.99999E+03  -0.99999E+03  -0.99999E+03  -0.99999E+03  -0.99999E+03
  -0.99999E+03  -0.99999E+03  -0.99999E+03  -0.99999E+03  -0.99999E+03  -0.99999E+03  -0.99999E+03  -0.99999E+03  -0.99999E+03
  -0.99999E+03  -0.99999E+03  -0.99999E+03  -0.99999E+03  -0.99999E+03  -0.99999E+03  -0.99999E+03  -0.99999E+03  -0.99999E+03
  -0.99999E+03  -0.99999E+03  -0.99999E+03  -0.99999E+03  -0.99999E+03  -0.99999E+03  -0.99999E+03  -0.99999E+03  -0.99999E+03
  -0.99999E+03  -0.99999E+03  -0.99999E+03  -0.99999E+03  -0.99999E+03  -0.99999E+03  -0.99999E+03  -0.99999E+03  -0.99999E+03
  -0.99999E+03  -0.99999E+03  -0.99999E+03  -0.99999E+03  -0.99999E+03  -0.99999E+03  -0.99999E+03  -0.99999E+03  -0.99999E+03
  -0.99999E+03  -0.99999E+03  -0.99999E+03  -0.99999E+03  -0.99999E+03  -0.99999E+03  -0.99999E+03  -0.99999E+03  -0.99999E+03
  -0.99999E+03  -0.99999E+03  -0.99999E+03  -0.99999E+03  -0.99999E+03  -0.99999E+03  -0.99999E+03  -0.99999E+03  -0.99999E+03
  -0.99999E+03  -0.99999E+03  -0.99999E+03  -0.99999E+03  -0.99999E+03  -0.99999E+03  -0.99999E+03  -0.99999E+03  -0.99999E+03
   0.77919E-01   0.71674E+00   0.27847E+00   0.19293E+00   0.14392E+00   0.19873E+00   0.13937E+00   0.21334E+00   0.21592E+00
   0.10986E+01   0.63113E+00   0.87533E+01   0.27458E+01   0.62365E+01   0.16435E+02   0.13924E+01   0.17176E+01   0.62403E+01
   0.24289E+02   0.15314E+02   0.93000E+02   0.66858E+02   0.80150E+02   0.39385E+02   0.42292E+02   0.16098E+03   0.51519E+02
   0.31205E+02   0.69488E+01   0.10646E+03   0.47410E+02   0.49938E+02   0.53027E+02   0.26280E+02   0.53230E+02   0.15555E+03
  -0.99999E+03  -0.99999E+03  -0.99999E+03  -0.99999E+03  -0.99999E+03  -0.99999E+03  -0.99999E+03  -0.99999E+03  -0.99999E+03
  -0.99999E+03  -0.99999E+03  -0.99999E+03  -0.99999E+03  -0.99999E+03  -0.99999E+03  -0.99999E+03  -0.99999E+03  -0.99999E+03
   0.55573E+02   0.18884E+02   0.17288E+03   0.75891E+02   0.20232E+03   0.53718E+02   0.43614E+02   0.59728E+02   0.72108E+02
  -0.99999E+03  -0.99999E+03  -0.99999E+03  -0.99999E+03  -0.99999E+03  -0.99999E+03  -0.99999E+03  -0.99999E+03  -0.99999E+03
  -0.99999E+03  -0.99999E+03  -0.99999E+03  -0.99999E+03  -0.99999E+03  -0.99999E+03  -0.99999E+03  -0.99999E+03  -0.99999E+03
   0.10000E+01   0.10000E+01   0.10000E+01   0.10000E+01   0.10000E+01   0.10000E+01   0.10000E+01   0.10000E+01   0.10000E+01


   0.00000E+00   0.00000E+00   0.00000E+00   0.00000E+00   0.00000E+00   0.00000E+00   0.66376E+01   0.00000E+00   0.00000E+00
   0.99999E+03   0.99999E+03   0.99999E+03   0.99999E+03   0.99999E+03   0.99999E+03   0.99999E+03   0.99999E+03   0.99999E+03
   0.99999E+03   0.99999E+03   0.99999E+03   0.99999E+03   0.99999E+03   0.99999E+03   0.99999E+03   0.99999E+03   0.99999E+03
   0.99999E+03   0.99999E+03   0.99999E+03   0.99999E+03   0.99999E+03   0.99999E+03   0.99999E+03   0.99999E+03   0.99999E+03
   0.00000E+00   0.00000E+00   0.00000E+00   0.75823E+01   0.00000E+00   0.00000E+00   0.00000E+00   0.00000E+00   0.00000E+00
   0.99999E+03   0.99999E+03   0.99999E+03   0.99999E+03   0.99999E+03   0.99999E+03   0.99999E+03   0.99999E+03   0.99999E+03
   0.13885E+03   0.00000E+00   0.00000E+00   0.00000E+00   0.00000E+00   0.00000E+00   0.00000E+00   0.00000E+00   0.00000E+00
   0.99999E+03   0.99999E+03   0.99999E+03   0.99999E+03   0.99999E+03   0.99999E+03   0.99999E+03   0.99999E+03   0.99999E+03
   0.99999E+03   0.99999E+03   0.99999E+03   0.99999E+03   0.99999E+03   0.99999E+03   0.99999E+03   0.99999E+03   0.99999E+03
   0.99999E+03   0.99999E+03   0.99999E+03   0.99999E+03   0.99999E+03   0.99999E+03   0.99999E+03   0.99999E+03   0.99999E+03
   0.00000E+00   0.00000E+00   0.00000E+00   0.00000E+00   0.00000E+00   0.00000E+00   0.51858E+01   0.00000E+00   0.00000E+00
   0.99999E+03   0.99999E+03   0.99999E+03   0.99999E+03   0.99999E+03   0.99999E+03   0.99999E+03   0.99999E+03   0.99999E+03
   0.00000E+00   0.00000E+00   0.00000E+00   0.00000E+00   0.00000E+00   0.00000E+00   0.00000E+00   0.00000E+00   0.00000E+00
   0.00000E+00   0.00000E+00   0.00000E+00   0.00000E+00   0.00000E+00   0.00000E+00   0.00000E+00   0.00000E+00   0.00000E+00
   0.99999E+03   0.99999E+03   0.99999E+03   0.99999E+03   0.99999E+03   0.99999E+03   0.99999E+03   0.99999E+03   0.99999E+03
   0.99999E+03   0.99999E+03   0.99999E+03   0.99999E+03   0.99999E+03   0.99999E+03   0.99999E+03   0.99999E+03   0.99999E+03
   0.99999E+03   0.99999E+03   0.99999E+03   0.99999E+03   0.99999E+03   0.99999E+03   0.99999E+03   0.99999E+03   0.99999E+03
   0.99999E+03   0.99999E+03   0.99999E+03   0.99999E+03   0.99999E+03   0.99999E+03   0.99999E+03   0.99999E+03   0.99999E+03
   0.99999E+03   0.99999E+03   0.99999E+03   0.99999E+03   0.99999E+03   0.99999E+03   0.99999E+03   0.99999E+03   0.99999E+03
   0.99999E+03   0.99999E+03   0.99999E+03   0.99999E+03   0.99999E+03   0.99999E+03   0.99999E+03   0.99999E+03   0.99999E+03
   0.99999E+03   0.99999E+03   0.99999E+03   0.99999E+03   0.99999E+03   0.99999E+03   0.99999E+03   0.99999E+03   0.99999E+03
   0.99999E+03   0.99999E+03   0.99999E+03   0.99999E+03   0.99999E+03   0.99999E+03   0.99999E+03   0.99999E+03   0.99999E+03
   0.99999E+03   0.99999E+03   0.99999E+03   0.99999E+03   0.99999E+03   0.99999E+03   0.99999E+03   0.99999E+03   0.99999E+03
   0.99999E+03   0.99999E+03   0.99999E+03   0.99999E+03   0.99999E+03   0.99999E+03   0.99999E+03   0.99999E+03   0.99999E+03
   0.00000E+00   0.25489E+00   0.00000E+00   0.00000E+00   0.00000E+00   0.00000E+00   0.00000E+00   0.00000E+00   0.00000E+00
   0.00000E+00   0.00000E+00   0.00000E+00   0.00000E+00   0.00000E+00   0.93059E+01   0.00000E+00   0.00000E+00   0.00000E+00
   0.00000E+00   0.00000E+00   0.00000E+00   0.00000E+00   0.00000E+00   0.00000E+00   0.00000E+00   0.62056E+02   0.00000E+00
   0.00000E+00   0.00000E+00   0.00000E+00   0.00000E+00   0.00000E+00   0.00000E+00   0.00000E+00   0.00000E+00   0.21395E+02
   0.99999E+03   0.99999E+03   0.99999E+03   0.99999E+03   0.99999E+03   0.99999E+03   0.99999E+03   0.99999E+03   0.99999E+03
   0.99999E+03   0.99999E+03   0.99999E+03   0.99999E+03   0.99999E+03   0.99999E+03   0.99999E+03   0.99999E+03   0.99999E+03
   0.00000E+00   0.00000E+00   0.00000E+00   0.00000E+00   0.38443E+02   0.00000E+00   0.00000E+00   0.00000E+00   0.00000E+00
   0.99999E+03   0.99999E+03   0.99999E+03   0.99999E+03   0.99999E+03   0.99999E+03   0.99999E+03   0.99999E+03   0.99999E+03
   0.99999E+03   0.99999E+03   0.99999E+03   0.99999E+03   0.99999E+03   0.99999E+03   0.99999E+03   0.99999E+03   0.99999E+03
   0.10000E+01   0.10000E+01   0.10000E+01   0.10000E+01   0.10000E+01   0.10000E+01   0.10000E+01   0.10000E+01   0.10000E+01

   0.37256E+01   0.27515E+01   0.14946E+02   0.13804E+02   0.63337E+01   0.53671E+01   0.25568E+02   0.72050E+01   0.64218E+01
  -0.99999E+03  -0.99999E+03  -0.99999E+03  -0.99999E+03  -0.99999E+03  -0.99999E+03  -0.99999E+03  -0.99999E+03  -0.99999E+03
  -0.99999E+03  -0.99999E+03  -0.99999E+03  -0.99999E+03  -0.99999E+03  -0.99999E+03  -0.99999E+03  -0.99999E+03  -0.99999E+03
  -0.99999E+03  -0.99999E+03  -0.99999E+03  -0.99999E+03  -0.99999E+03  -0.99999E+03  -0.99999E+03  -0.99999E+03  -0.99999E+03
   0.35447E+01   0.49072E+01   0.18769E+02   0.31914E+02   0.12750E+02   0.48414E+01   0.17205E+02   0.46067E+01   0.67317E+01
  -0.99999E+03  -0.99999E+03  -0.99999E+03  -0.99999E+03  -0.99999E+03  -0.99999E+03  -0.99999E+03  -0.99999E+03  -0.99999E+03
   0.21311E+03   0.75772E+01   0.97463E+02   0.44213E+02   0.12419E+03   0.76386E+01   0.20449E+02   0.13016E+02   0.18965E+02
  -0.99999E+03  -0.99999E+03  -0.99999E+03  -0.99999E+03  -0.99999E+03  -0.99999E+03  -0.99999E+03  -0.99999E+03  -0.99999E+03
  -0.99999E+03  -0.99999E+03  -0.99999E+03  -0.99999E+03  -0.99999E+03  -0.99999E+03  -0.99999E+03  -0.99999E+03  -0.99999E+03
  -0.99999E+03  -0.99999E+03  -0.99999E+03  -0.99999E+03  -0.99999E+03  -0.99999E+03  -0.99999E+03  -0.99999E+03  -0.99999E+03
   0.14774E+01   0.11813E+01   0.93821E+01   0.92346E+01   0.54153E+01   0.19379E+01   0.17527E+02   0.31270E+01   0.28583E+01
  -0.99999E+03  -0.99999E+03  -0.99999E+03  -0.99999E+03  -0.99999E+03  -0.99999E+03  -0.99999E+03  -0.99999E+03  -0.99999E+03
   0.27121E+01   0.12887E+01   0.18968E+02   0.11038E+02   0.11388E+02   0.41984E+01   0.11444E+02   0.35894E+01   0.60712E+01
   0.81145E+01   0.34420E+01   0.42465E+02   0.18924E+02   0.38479E+02   0.95844E+01   0.13803E+02   0.89855E+01   0.12081E+02
  -0.99999E+03  -0.99999E+03  -0.99999E+03  -0.99999E+03  -0.99999E+03  -0.99999E+03  -0.99999E+03  -0.99999E+03  -0.99999E+03
  -0.99999E+03  -0.99999E+03  -0.99999E+03  -0.99999E+03  -0.99999E+03  -0.99999E+03  -0.99999E+03  -0.99999E+03  -0.99999E+03
  -0.99999E+03  -0.99999E+03  -0.99999E+03  -0.99999E+03  -0.99999E+03  -0.99999E+03  -0.99999E+03  -0.99999E+03  -0.99999E+03
  -0.99999E+03  -0.99999E+03  -0.99999E+03  -0.99999E+03  -0.99999E+03  -0.99999E+03  -0.99999E+03  -0.99999E+03  -0.99999E+03
  -0.99999E+03  -0.99999E+03  -0.99999E+03  -0.99999E+03  -0.99999E+03  -0.99999E+03  -0.99999E+03  -0.99999E+03  -0.99999E+03
  -0.99999E+03  -0.99999E+03  -0.99999E+03  -0.99999E+03  -0.99999E+03  -0.99999E+03  -0.99999E+03  -0.99999E+03  -0.99999E+03
  -0.99999E+03  -0.99999E+03  -0.99999E+03  -0.99999E+03  -0.99999E+03  -0.99999E+03  -0.99999E+03  -0.99999E+03  -0.99999E+03
  -0.99999E+03  -0.99999E+03  -0.99999E+03  -0.99999E+03  -0.99999E+03  -0.99999E+03  -0.99999E+03  -0.99999E+03  -0.99999E+03
  -0.99999E+03  -0.99999E+03  -0.99999E+03  -0.99999E+03  -0.99999E+03  -0.99999E+03  -0.99999E+03  -0.99999E+03  -0.99999E+03
  -0.99999E+03  -0.99999E+03  -0.99999E+03  -0.99999E+03  -0.99999E+03  -0.99999E+03  -0.99999E+03  -0.99999E+03  -0.99999E+03
   0.99161E-01   0.75346E+00   0.36148E+00   0.24103E+00   0.22969E+00   0.23679E+00   0.16623E+00   0.25263E+00   0.27513E+00
   0.13137E+01   0.87389E+00   0.10939E+02   0.30304E+01   0.96501E+01   0.16509E+02   0.16141E+01   0.18608E+01   0.62403E+01
   0.30375E+02   0.21099E+02   0.93000E+02   0.66858E+02   0.80150E+02   0.42150E+02   0.43748E+02   0.16165E+03   0.51519E+02
   0.37573E+02   0.94907E+01   0.11809E+03   0.56943E+02   0.49938E+02   0.66656E+02   0.34787E+02   0.66588E+02   0.16254E+03
  -0.99999E+03  -0.99999E+03  -0.99999E+03  -0.99999E+03  -0.99999E+03  -0.99999E+03  -0.99999E+03  -0.99999E+03  -0.99999E+03
  -0.99999E+03  -0.99999E+03  -0.99999E+03  -0.99999E+03  -0.99999E+03  -0.99999E+03  -0.99999E+03  -0.99999E+03  -0.99999E+03
   0.69279E+02   0.25922E+02   0.17288E+03   0.98144E+02   0.21252E+03   0.65901E+02   0.54368E+02   0.74160E+02   0.86699E+02
  -0.99999E+03  -0.99999E+03  -0.99999E+03  -0.99999E+03  -0.99999E+03  -0.99999E+03  -0.99999E+03  -0.99999E+03  -0.99999E+03
  -0.99999E+03  -0.99999E+03  -0.99999E+03  -0.99999E+03  -0.99999E+03  -0.99999E+03  -0.99999E+03  -0.99999E+03  -0.99999E+03
   0.10000E+01   0.10000E+01   0.10000E+01   0.10000E+01   0.10000E+01   0.10000E+01   0.10000E+01   0.10000E+01   0.10000E+01


   0.00000E+00   0.00000E+00   0.00000E+00   0.00000E+00   0.00000E+00   0.00000E+00   0.66376E+01   0.00000E+00   0.00000E+00
   0.99999E+03   0.99999E+03   0.99999E+03   0.99999E+03   0.99999E+03   0.99999E+03   0.99999E+03   0.99999E+03   0.99999E+03
   0.99999E+03   0.99999E+03   0.99999E+03   0.99999E+03   0.99999E+03   0.99999E+03   0.99999E+03   0.99999E+03   0.99999E+03
   0.99999E+03   0.99999E+03   0.99999E+03   0.99999E+03   0.99999E+03   0.99999E+03   0.99999E+03   0.99999E+03   0.99999E+03
   0.00000E+00   0.00000E+00   0.00000E+00   0.75823E+01   0.00000E+00   0.00000E+00   0.00000E+00   0.00000E+00   0.00000E+00
   0.99999E+03   0.99999E+03   0.99999E+03   0.99999E+03   0.99999E+03   0.99999E+03   0.99999E+03   0.99999E+03   0.99999E+03
   0.13339E+03   0.00000E+00   0.00000E+00   0.00000E+00   0.00000E+00   0.00000E+00   0.00000E+00   0.00000E+00   0.00000E+00
   0.99999E+03   0.99999E+03   0.99999E+03   0.99999E+03   0.99999E+03   0.99999E+03   0.99999E+03   0.99999E+03   0.99999E+03
   0.99999E+03   0.99999E+03   0.99999E+03   0.99999E+03   0.99999E+03   0.99999E+03   0.99999E+03   0.99999E+03   0.99999E+03
   0.99999E+03   0.99999E+03   0.99999E+03   0.99999E+03   0.99999E+03   0.99999E+03   0.99999E+03   0.99999E+03   0.99999E+03
   0.00000E+00   0.00000E+00   0.00000E+00   0.00000E+00   0.00000E+00   0.00000E+00   0.51858E+01   0.00000E+00   0.00000E+00
   0.99999E+03   0.99999E+03   0.99999E+03   0.99999E+03   0.99999E+03   0.99999E+03   0.99999E+03   0.99999E+03   0.99999E+03
   0.00000E+00   0.00000E+00   0.00000E+00   0.00000E+00   0.00000E+00   0.00000E+00   0.00000E+00   0.00000E+00   0.00000E+00
   0.00000E+00   0.00000E+00   0.00000E+00   0.00000E+00   0.00000E+00   0.00000E+00   0.00000E+00   0.00000E+00   0.00000E+00
   0.99999E+03   0.99999E+03   0.99999E+03   0.99999E+03   0.99999E+03   0.99999E+03   0.99999E+03   0.99999E+03   0.99999E+03
   0.99999E+03   0.99999E+03   0.99999E+03   0.99999E+03   0.99999E+03   0.99999E+03   0.99999E+03   0.99999E+03   0.99999E+03
   0.99999E+03   0.99999E+03   0.99999E+03   0.99999E+03   0.99999E+03   0.99999E+03   0.99999E+03   0.99999E+03   0.99999E+03
   0.99999E+03   0.99999E+03   0.99999E+03   0.99999E+03   0.99999E+03   0.99999E+03   0.99999E+03   0.99999E+03   0.99999E+03
   0.99999E+03   0.99999E+03   0.99999E+03   0.99999E+03   0.99999E+03   0.99999E+03   0.99999E+03   0.99999E+03   0.99999E+03
   0.99999E+03   0.99999E+03   0.99999E+03   0.99999E+03   0.99999E+03   0.99999E+03   0.99999E+03   0.99999E+03   0.99999E+03
   0.99999E+03   0.99999E+03   0.99999E+03   0.99999E+03   0.99999E+03   0.99999E+03   0.99999E+03   0.99999E+03   0.99999E+03
   0.99999E+03   0.99999E+03   0.99999E+03   0.99999E+03   0.99999E+03   0.99999E+03   0.99999E+03   0.99999E+03   0.99999E+03
   0.99999E+03   0.99999E+03   0.99999E+03   0.99999E+03   0.99999E+03   0.99999E+03   0.99999E+03   0.99999E+03   0.99999E+03
   0.99999E+03   0.99999E+03   0.99999E+03   0.99999E+03   0.99999E+03   0.99999E+03   0.99999E+03   0.99999E+03   0.99999E+03
   0.00000E+00   0.16206E+00   0.00000E+00   0.00000E+00   0.00000E+00   0.00000E+00   0.00000E+00   0.00000E+00   0.00000E+00
   0.00000E+00   0.00000E+00   0.00000E+00   0.00000E+00   0.00000E+00   0.93059E+01   0.00000E+00   0.00000E+00   0.00000E+00
   0.00000E+00   0.00000E+00   0.00000E+00   0.00000E+00   0.00000E+00   0.00000E+00   0.00000E+00   0.62056E+02   0.00000E+00
   0.00000E+00   0.00000E+00   0.00000E+00   0.00000E+00   0.00000E+00   0.00000E+00   0.00000E+00   0.00000E+00   0.21395E+02
   0.99999E+03   0.99999E+03   0.99999E+03   0.99999E+03   0.99999E+03   0.99999E+03   0.99999E+03   0.99999E+03   0.99999E+03
   0.99999E+03   0.99999E+03   0.99999E+03   0.99999E+03   0.99999E+03   0.99999E+03   0.99999E+03   0.99999E+03   0.99999E+03
   0.00000E+00   0.00000E+00   0.00000E+00   0.00000E+00   0.38443E+02   0.00000E+00   0.00000E+00   0.00000E+00   0.00000E+00
   0.99999E+03   0.99999E+03   0.99999E+03   0.99999E+03   0.99999E+03   0.99999E+03   0.99999E+03   0.99999E+03   0.99999E+03
   0.99999E+03   0.99999E+03   0.99999E+03   0.99999E+03   0.99999E+03   0.99999E+03   0.99999E+03   0.99999E+03   0.99999E+03
   0.10000E+01   0.10000E+01   0.10000E+01   0.10000E+01   0.10000E+01   0.10000E+01   0.10000E+01   0.10000E+01   0.10000E+01

   0.47219E+01   0.39258E+01   0.14946E+02   0.13804E+02   0.63337E+01   0.66046E+01   0.26515E+02   0.87282E+01   0.76410E+01
  -0.99999E+03  -0.99999E+03  -0.99999E+03  -0.99999E+03  -0.99999E+03  -0.99999E+03  -0.99999E+03  -0.99999E+03  -0.99999E+03
  -0.99999E+03  -0.99999E+03  -0.99999E+03  -0.99999E+03  -0.99999E+03  -0.99999E+03  -0.99999E+03  -0.99999E+03  -0.99999E+03
  -0.99999E+03  -0.99999E+03  -0.99999E+03  -0.99999E+03  -0.99999E+03  -0.99999E+03  -0.99999E+03  -0.99999E+03  -0.99999E+03
   0.42804E+01   0.71749E+01   0.18769E+02   0.32714E+02   0.12750E+02   0.54790E+01   0.18885E+02   0.53250E+01   0.82049E+01
  -0.99999E+03  -0.99999E+03  -0.99999E+03  -0.99999E+03  -0.99999E+03  -0.99999E+03  -0.99999E+03  -0.99999E+03  -0.99999E+03
   0.21802E+03   0.12584E+02   0.97463E+02   0.44213E+02   0.12419E+03   0.83531E+01   0.21470E+02   0.14175E+02   0.23104E+02
  -0.99999E+03  -0.99999E+03  -0.99999E+03  -0.99999E+03  -0.99999E+03  -0.99999E+03  -0.99999E+03  -0.99999E+03  -0.99999E+03
  -0.99999E+03  -0.99999E+03  -0.99999E+03  -0.99999E+03  -0.99999E+03  -0.99999E+03  -0.99999E+03  -0.99999E+03  -0.99999E+03
  -0.99999E+03  -0.99999E+03  -0.99999E+03  -0.99999E+03  -0.99999E+03  -0.99999E+03  -0.99999E+03  -0.99999E+03  -0.99999E+03
   0.17020E+01   0.18348E+01   0.93821E+01   0.92346E+01   0.54153E+01   0.23147E+01   0.18003E+02   0.35551E+01   0.33957E+01
  -0.99999E+03  -0.99999E+03  -0.99999E+03  -0.99999E+03  -0.99999E+03  -0.99999E+03  -0.99999E+03  -0.99999E+03  -0.99999E+03
   0.32913E+01   0.17365E+01   0.19489E+02   0.12301E+02   0.12718E+02   0.47954E+01   0.12102E+02   0.42464E+01   0.74947E+01
   0.98311E+01   0.47708E+01   0.43843E+02   0.18924E+02   0.41241E+02   0.11055E+02   0.15372E+02   0.11225E+02   0.15041E+02
  -0.99999E+03  -0.99999E+03  -0.99999E+03  -0.99999E+03  -0.99999E+03  -0.99999E+03  -0.99999E+03  -0.99999E+03  -0.99999E+03
  -0.99999E+03  -0.99999E+03  -0.99999E+03  -0.99999E+03  -0.99999E+03  -0.99999E+03  -0.99999E+03  -0.99999E+03  -0.99999E+03
  -0.99999E+03  -0.99999E+03  -0.99999E+03  -0.99999E+03  -0.99999E+03  -0.99999E+03  -0.99999E+03  -0.99999E+03  -0.99999E+03
  -0.99999E+03  -0.99999E+03  -0.99999E+03  -0.99999E+03  -0.99999E+03  -0.99999E+03  -0.99999E+03  -0.99999E+03  -0.99999E+03
  -0.99999E+03  -0.99999E+03  -0.99999E+03  -0.99999E+03  -0.99999E+03  -0.99999E+03  -0.99999E+03  -0.99999E+03  -0.99999E+03
  -0.99999E+03  -0.99999E+03  -0.99999E+03  -0.99999E+03  -0.99999E+03  -0.99999E+03  -0.99999E+03  -0.99999E+03  -0.99999E+03
  -0.99999E+03  -0.99999E+03  -0.99999E+03  -0.99999E+03  -0.99999E+03  -0.99999E+03  -0.99999E+03  -0.99999E+03  -0.99999E+03
  -0.99999E+03  -0.99999E+03  -0.99999E+03  -0.99999E+03  -0.99999E+03  -0.99999E+03  -0.99999E+03  -0.99999E+03  -0.99999E+03
  -0.99999E+03  -0.99999E+03  -0.99999E+03  -0.99999E+03  -0.99999E+03  -0.99999E+03  -0.99999E+03  -0.99999E+03  -0.99999E+03
  -0.99999E+03  -0.99999E+03  -0.99999E+03  -0.99999E+03  -0.99999E+03  -0.99999E+03  -0.99999E+03  -0.99999E+03  -0.99999E+03
   0.12206E+00   0.79188E+00   0.45936E+00   0.27533E+00   0.33229E+00   0.27367E+00   0.19308E+00   0.28945E+00   0.33196E+00
   0.14084E+01   0.13509E+01   0.10939E+02   0.30304E+01   0.96501E+01   0.16589E+02   0.16141E+01   0.20080E+01   0.62403E+01
   0.38101E+02   0.29358E+02   0.93000E+02   0.66858E+02   0.80150E+02   0.45022E+02   0.43748E+02   0.16231E+03   0.51519E+02
   0.44195E+02   0.13727E+02   0.11809E+03   0.66697E+02   0.49938E+02   0.79781E+02   0.34787E+02   0.78732E+02   0.16975E+03
  -0.99999E+03  -0.99999E+03  -0.99999E+03  -0.99999E+03  -0.99999E+03  -0.99999E+03  -0.99999E+03  -0.99999E+03  -0.99999E+03
  -0.99999E+03  -0.99999E+03  -0.99999E+03  -0.99999E+03  -0.99999E+03  -0.99999E+03  -0.99999E+03  -0.99999E+03  -0.99999E+03
   0.85103E+02   0.35616E+02   0.17288E+03   0.12246E+03   0.22374E+03   0.77180E+02   0.65499E+02   0.88267E+02   0.10076E+03
  -0.99999E+03  -0.99999E+03  -0.99999E+03  -0.99999E+03  -0.99999E+03  -0.99999E+03  -0.99999E+03  -0.99999E+03  -0.99999E+03
  -0.99999E+03  -0.99999E+03  -0.99999E+03  -0.99999E+03  -0.99999E+03  -0.99999E+03  -0.99999E+03  -0.99999E+03  -0.99999E+03
   0.10000E+01   0.10000E+01   0.10000E+01   0.10000E+01   0.10000E+01   0.10000E+01   0.10000E+01   0.10000E+01   0.10000E+01


     27.00     27.00     27.00     27.00     27.00     27.00      5.58     27.00     27.00
   -990.00   -990.00   -990.00   -990.00   -990.00   -990.00   -990.00   -990.00   -990.00
   -990.00   -990.00   -990.00   -990.00   -990.00   -990.00   -990.00   -990.00   -990.00
   -990.00   -990.00   -990.00   -990.00   -990.00   -990.00   -990.00   -990.00   -990.00
     27.00     27.00     27.00      4.41     27.00     27.00     27.00     27.00     27.00
   -990.00   -990.00   -990.00   -990.00   -990.00   -990.00   -990.00   -990.00   -990.00
     39.00     27.00     27.00     27.00     27.00     27.00     27.00     27.00     27.00
   -990.00   -990.00   -990.00   -990.00   -990.00   -990.00   -990.00   -990.00   -990.00
   -990.00   -990.00   -990.00   -990.00   -990.00   -990.00   -990.00   -990.00   -990.00
   -990.00   -990.00   -990.00   -990.00   -990.00   -990.00   -990.00   -990.00   -990.00
     27.00     27.00     27.00     27.00     27.00     27.00      7.04     27.00     27.00
   -990.00   -990.00   -990.00   -990.00   -990.00   -990.00   -990.00   -990.00   -990.00
     27.00     27.00     27.00     27.00     27.00     27.00     27.00     27.00     27.00
     27.00     27.00     27.00     27.00     27.00     27.00     27.00     27.00     27.00
   -990.00   -990.00   -990.00   -990.00   -990.00   -990.00   -990.00   -990.00   -990.00
   -990.00   -990.00   -990.00   -990.00   -990.00   -990.00   -990.00   -990.00   -990.00
   -990.00   -990.00   -990.00   -990.00   -990.00   -990.00   -990.00   -990.00   -990.00
   -990.00   -990.00   -990.00   -990.00   -990.00   -990.00   -990.00   -990.00   -990.00
   -990.00   -990.00   -990.00   -990.00   -990.00   -990.00   -990.00   -990.00   -990.00
   -990.00   -990.00   -990.00   -990.00   -990.00   -990.00   -990.00   -990.00   -990.00
   -990.00   -990.00   -990.00   -990.00   -990.00   -990.00   -990.00   -990.00   -990.00
   -990.00   -990.00   -990.00   -990.00   -990.00   -990.00   -990.00   -990.00   -990.00
   -990.00   -990.00   -990.00   -990.00   -990.00   -990.00   -990.00   -990.00   -990.00
   -990.00   -990.00   -990.00   -990.00   -990.00   -990.00   -990.00   -990.00   -990.00
     27.00     28.26     27.00     27.00     27.00     27.00     27.00     27.00     27.00
     27.00     27.00     27.00     27.00     27.00      7.89     27.00     27.00     27.00
     27.00     27.00     27.00     27.00     27.00     27.00     27.00     10.95     27.00
     27.00     27.00     27.00     27.00     27.00     27.00     27.00     27.00      9.84
   -990.00   -990.00   -990.00   -990.00   -990.00   -990.00   -990.00   -990.00   -990.00
   -990.00   -990.00   -990.00   -990.00   -990.00   -990.00   -990.00   -990.00   -990.00
     27.00     27.00     27.00     27.00      2.67     27.00     27.00     27.00     27.00
   -990.00   -990.00   -990.00   -990.00   -990.00   -990.00   -990.00   -990.00   -990.00
   -990.00   -990.00   -990.00   -990.00   -990.00   -990.00   -990.00   -990.00   -990.00
   -990.00   -990.00   -990.00   -990.00   -990.00   -990.00   -990.00   -990.00   -990.00

     37.52     30.83      4.96      6.69      6.63     26.24     41.99     28.15     33.17
   -990.00   -990.00   -990.00   -990.00   -990.00   -990.00   -990.00   -990.00   -990.00
   -990.00   -990.00   -990.00   -990.00   -990.00   -990.00   -990.00   -990.00   -990.00
   -990.00   -990.00   -990.00   -990.00   -990.00   -990.00   -990.00   -990.00   -990.00
     39.97     27.99      3.16     26.79      2.87     28.83     36.10     29.58     46.58
   -990.00   -990.00   -990.00   -990.00   -990.00   -990.00   -990.00   -990.00   -990.00
     31.10     30.47      5.98     14.47      5.53     28.18     16.88     35.80     27.91
   -990.00   -990.00   -990.00   -990.00   -990.00   -990.00   -990.00   -990.00   -990.00
   -990.00   -990.00   -990.00   -990.00   -990.00   -990.00   -990.00   -990.00   -990.00
   -990.00   -990.00   -990.00   -990.00   -990.00   -990.00   -990.00   -990.00   -990.00
     36.92     29.10      3.56      6.65      6.51     46.40     25.28     40.64     35.89
   -990.00   -990.00   -990.00   -990.00   -990.00   -990.00   -990.00   -990.00   -990.00
     25.59     21.83     34.19     29.52     25.62     37.41     37.58     27.94     48.75
     31.92     23.79     27.26     12.34     28.34     33.78     26.23     33.97     26.40
   -990.00   -990.00   -990.00   -990.00   -990.00   -990.00   -990.00   -990.00   -990.00
   -990.00   -990.00   -990.00   -990.00   -990.00   -990.00   -990.00   -990.00   -990.00
   -990.00   -990.00   -990.00   -990.00   -990.00   -990.00   -990.00   -990.00   -990.00
   -990.00   -990.00   -990.00   -990.00   -990.00   -990.00   -990.00   -990.00   -990.00
   -990.00   -990.00   -990.00   -990.00   -990.00   -990.00   -990.00   -990.00   -990.00
   -990.00   -990.00   -990.00   -990.00   -990.00   -990.00   -990.00   -990.00   -990.00
   -990.00   -990.00   -990.00   -990.00   -990.00   -990.00   -990.00   -990.00   -990.00
   -990.00   -990.00   -990.00   -990.00   -990.00   -990.00   -990.00   -990.00   -990.00
   -990.00   -990.00   -990.00   -990.00   -990.00   -990.00   -990.00   -990.00   -990.00
   -990.00   -990.00   -990.00   -990.00   -990.00   -990.00   -990.00   -990.00   -990.00
     43.99     25.32     31.48     20.36     23.28     30.09     27.58     37.75     32.03
     17.21     29.18     11.06     10.24     12.09     34.72      8.69     39.31      7.91
     20.17     32.43      6.05      4.51      4.84     42.03      8.44     31.25      6.43
     25.54     26.54     10.31     26.86      4.83     28.95     13.18     26.74     38.88
   -990.00   -990.00   -990.00   -990.00   -990.00   -990.00   -990.00   -990.00   -990.00
   -990.00   -990.00   -990.00   -990.00   -990.00   -990.00   -990.00   -990.00   -990.00
     46.22     32.41      7.01     32.64     26.40     38.13     33.84     25.53     44.16
   -990.00   -990.00   -990.00   -990.00   -990.00   -990.00   -990.00   -990.00   -990.00
   -990.00   -990.00   -990.00   -990.00   -990.00   -990.00   -990.00   -990.00   -990.00
   -990.00   -990.00   -990.00   -990.00   -990.00   -990.00   -990.00   -990.00   -990.00

   13    3  140   46   72    8   37    8   29

    0    0    4    3    3    0    1    0    0
    2    0   22    7   12    0    5    1    3
    2    0   33   13   18    1   10    1    5
    3    2   40   15   22    1   11    1    5

    4   22   33   40


   0.00000E+00   0.00000E+00   0.00000E+00   0.13182E-02   0.00000E+00   0.00000E+00   0.16440E+02   0.00000E+00   0.00000E+00
   0.00000E+00   0.74437E-02   0.30507E-01   0.00000E+00   0.00000E+00   0.37886E-02   0.00000E+00   0.00000E+00   0.12319E+00
   0.00000E+00   0.49652E-03   0.12089E-02   0.14497E-01   0.00000E+00   0.25641E-01   0.91630E-01   0.14223E-01   0.51769E-02
   0.19208E+00   0.00000E+00   0.95275E-01   0.00000E+00   0.00000E+00   0.42564E-01   0.00000E+00   0.00000E+00   0.67057E-01
   0.00000E+00   0.00000E+00   0.00000E+00   0.15479E+02   0.00000E+00   0.00000E+00   0.00000E+00   0.00000E+00   0.00000E+00
   0.00000E+00   0.33907E-03   0.00000E+00   0.00000E+00   0.00000E+00   0.10146E-02   0.00000E+00   0.00000E+00   0.14638E-02
   0.15101E+03   0.10142E+01   0.00000E+00   0.00000E+00   0.00000E+00   0.00000E+00   0.00000E+00   0.00000E+00   0.00000E+00
   0.00000E+00   0.28657E-05   0.39106E-06   0.38459E-03   0.00000E+00   0.24965E-03   0.52886E-02   0.00000E+00   0.26965E-03
   0.13925E-02   0.00000E+00   0.00000E+00   0.20466E-01   0.00000E+00   0.79095E-02   0.46746E-03   0.49124E-01   0.32032E-02
   0.00000E+00   0.47123E-01   0.00000E+00   0.54677E-02   0.00000E+00   0.00000E+00   0.88064E-02   0.97902E-03   0.26779E-01
   0.00000E+00   0.00000E+00   0.00000E+00   0.00000E+00   0.00000E+00   0.00000E+00   0.12317E+02   0.00000E+00   0.00000E+00
   0.00000E+00   0.27319E-05   0.40507E-04   0.10508E-03   0.00000E+00   0.72768E-03   0.26282E-02   0.63176E-05   0.10928E-04
   0.00000E+00   0.00000E+00   0.12680E+01   0.00000E+00   0.00000E+00   0.00000E+00   0.00000E+00   0.00000E+00   0.00000E+00
   0.00000E+00   0.00000E+00   0.74605E+00   0.00000E+00   0.00000E+00   0.00000E+00   0.00000E+00   0.00000E+00   0.00000E+00
   0.00000E+00   0.00000E+00   0.12303E-01   0.82339E-02   0.00000E+00   0.10887E-01   0.16285E+00   0.00000E+00   0.17599E-01
   0.00000E+00   0.00000E+00   0.00000E+00   0.25852E-02   0.00000E+00   0.10643E-02   0.00000E+00   0.00000E+00   0.83476E-03
   0.00000E+00   0.18947E-02   0.00000E+00   0.13540E-01   0.00000E+00   0.14251E-01   0.00000E+00   0.00000E+00   0.11300E-02
   0.00000E+00   0.87773E-02   0.13424E-01   0.00000E+00   0.00000E+00   0.43482E-01   0.00000E+00   0.00000E+00   0.55063E-01
   0.00000E+00   0.00000E+00   0.79767E-03   0.00000E+00   0.00000E+00   0.99695E-03   0.21893E-01   0.00000E+00   0.21567E-02
   0.85197E-03   0.85568E-03   0.12165E-15   0.00000E+00  -0.11307E-21   0.53251E-02   0.00000E+00   0.34339E-03   0.25334E-02
   0.00000E+00   0.55347E-03   0.18672E-02  -0.38372E-23   0.00000E+00   0.51037E-03   0.00000E+00   0.43603E-02   0.58447E-02
   0.37091E-02   0.93423E-03   0.22691E-01   0.16809E-01   0.00000E+00   0.14828E-01   0.00000E+00   0.00000E+00   0.10685E-01
   0.00000E+00   0.11575E-03   0.00000E+00   0.20531E-01   0.00000E+00   0.00000E+00   0.41865E+00   0.20962E-01   0.00000E+00
   0.00000E+00   0.89776E-03   0.14519E-02   0.00000E+00   0.00000E+00   0.39094E-02   0.34384E-01   0.00000E+00   0.24027E-02
  -0.54073E-28   0.36474E+00   0.00000E+00   0.00000E+00   0.00000E+00   0.00000E+00   0.00000E+00   0.00000E+00   0.00000E+00
   0.00000E+00   0.00000E+00  -0.14906E-27   0.00000E+00   0.00000E+00   0.13538E+02   0.00000E+00   0.00000E+00   0.00000E+00
   0.00000E+00  -0.17277E-15   0.00000E+00   0.00000E+00   0.00000E+00  -0.35389E-15  -0.17321E-25   0.10623E+03   0.00000E+00
   0.00000E+00   0.00000E+00   0.00000E+00   0.00000E+00   0.00000E+00   0.00000E+00   0.00000E+00   0.00000E+00   0.96377E+02
   0.00000E+00   0.00000E+00   0.00000E+00   0.00000E+00   0.00000E+00   0.52846E+01   0.26163E+01   0.41597E+01   0.85360E+01
   0.00000E+00   0.00000E+00   0.00000E+00   0.27082E+01   0.00000E+00   0.00000E+00   0.00000E+00   0.62168E+01   0.34199E+01
   0.00000E+00   0.00000E+00   0.00000E+00   0.00000E+00   0.73221E+02   0.00000E+00   0.00000E+00   0.00000E+00   0.00000E+00
   0.00000E+00   0.00000E+00   0.33101E+00   0.14001E+01   0.00000E+00   0.00000E+00   0.31230E+02   0.32128E+01   0.15069E-11
   0.28466E+03   0.70911E+01   0.25561E+02   0.58548E+02   0.11724E+03   0.19256E+02   0.12952E+03   0.14394E+03   0.12858E+03
   0.10000E+01   0.10000E+01   0.10000E+01   0.10000E+01   0.10000E+01   0.10000E+01   0.10000E+01   0.10000E+01   0.10000E+01

   0.22508E+01   0.13172E+01   0.41015E+01   0.41774E+01   0.19785E+01   0.30442E+01   0.23793E+02   0.41948E+01   0.41104E+01
   0.00000E+00   0.23543E-01   0.14692E+00   0.50149E-01   0.29950E-01   0.80335E-01   0.18094E-01   0.37802E-01   0.22452E+00
   0.63822E-02   0.62965E-02   0.32522E-01   0.48882E-01   0.16114E-01   0.41271E-01   0.13589E+00   0.37833E-01   0.24418E-01
   0.28886E+00   0.30781E-02   0.34456E+00   0.00000E+00   0.21048E-01   0.15074E+00   0.16505E-01   0.00000E+00   0.26529E+00
   0.25161E+01   0.27033E+01   0.70290E+01   0.30493E+02   0.71503E+01   0.36628E+01   0.13991E+02   0.32559E+01   0.40024E+01
   0.00000E+00   0.71865E-03   0.36294E-02   0.00000E+00   0.11652E-02   0.25218E-02   0.00000E+00   0.00000E+00   0.38459E-02
   0.20426E+03   0.35513E+01   0.31708E+02   0.20136E+01   0.27092E+02   0.65192E+01   0.12688E+01   0.11181E+02   0.12829E+02
   0.41992E-03   0.28857E-03   0.89105E-03   0.18647E-02   0.47657E-03   0.90932E-03   0.74165E-02   0.52801E-03   0.14835E-02
   0.63517E-02   0.35334E-02   0.24689E-02   0.38845E-01   0.57667E-02   0.29163E-01   0.23398E-01   0.76096E-01   0.11700E-01
   0.17159E-02   0.95634E-01   0.33404E-02   0.21159E-01   0.69750E-02   0.11855E-01   0.28354E-01   0.22602E-01   0.64427E-01
   0.11272E+01   0.62498E+00   0.21420E+01   0.21350E+01   0.15627E+01   0.13403E+01   0.16717E+02   0.23268E+01   0.20151E+01
   0.19335E-03   0.18119E-03   0.12049E-02   0.16875E-02   0.94233E-03   0.14735E-02   0.42869E-02   0.91789E-03   0.10757E-02
   0.18893E+01   0.29821E+00   0.17915E+02   0.80759E+01   0.90304E+01   0.29899E+01   0.10026E+02   0.24224E+01   0.34407E+01
   0.54092E+01   0.49574E+00   0.39158E+02   0.85674E+01   0.32429E+02   0.64296E+01   0.10320E+02   0.50613E+01   0.71624E+01
   0.20151E-02   0.53525E-02   0.73912E-01   0.74108E-01   0.24089E-01   0.35788E-01   0.25195E+00   0.26993E-01   0.62121E-01
   0.17740E-03   0.19909E-04   0.25065E-03   0.32985E-02   0.34786E-03   0.17159E-02   0.85466E-03   0.49762E-09   0.17177E-02
   0.00000E+00   0.49632E-02   0.00000E+00   0.33415E-01   0.00000E+00   0.18632E-01   0.21222E-01   0.44505E-03   0.56654E-02
   0.93392E-03   0.19496E-01   0.10220E+00   0.00000E+00   0.30890E-01   0.87978E-01   0.00000E+00   0.00000E+00   0.12491E+00
   0.19922E-02   0.11232E-02   0.13859E-01   0.78472E-02   0.67439E-02   0.40428E-02   0.33663E-01   0.36070E-02   0.70502E-02
   0.14316E-02   0.17552E-02   0.27283E-02   0.39332E-17   0.11847E-02   0.71590E-02   0.00000E+00   0.13970E-02   0.51162E-02
   0.00000E+00   0.14456E-02   0.87516E-02   0.22289E-02   0.33458E-02   0.45754E-02   0.30703E-02   0.85797E-02   0.11671E-01
   0.28520E-01   0.76408E-02   0.19407E+00   0.71534E-01   0.15663E+00   0.46155E-01   0.37813E-01   0.89249E-02   0.50253E-01
   0.16165E-01   0.24097E-01   0.12479E+00   0.20852E+00   0.28684E-01   0.00000E+00   0.66933E+00   0.10382E+00   0.16530E-01
   0.11106E-02   0.32138E-02   0.11372E-01   0.79217E-03   0.62317E-02   0.81757E-02   0.46425E-01   0.26918E-02   0.95778E-02
   0.61055E-01   0.68669E+00   0.21357E+00   0.48683E-02   0.77301E-02   0.16162E+00   0.11649E+00   0.17799E+00   0.16550E+00
   0.60490E+00   0.47678E+00   0.49048E+00   0.27538E+00   0.52229E+00   0.16375E+02   0.14918E+00   0.16063E+01   0.55343E+00
   0.34940E+01   0.12230E+02   0.81127E+00   0.40420E+01   0.84113E+01   0.37095E+02   0.80952E+01   0.16035E+03   0.10693E+02
   0.25785E+02   0.52862E+01   0.60931E+01   0.39642E+02   0.75938E+01   0.41154E+02   0.41573E+01   0.40825E+02   0.14991E+03
   0.79853E+00   0.23723E+00   0.18116E+01   0.37612E+01   0.00000E+00   0.10525E+02   0.61214E+01   0.84613E+01   0.13824E+02
   0.11014E+01   0.19428E+00   0.74241E+00   0.56158E+01   0.85993E-01   0.26466E+01   0.11653E+01   0.97223E+01   0.62376E+01
   0.45111E+02   0.13684E+02   0.72679E+02   0.57769E+02   0.19375E+03   0.42438E+02   0.34322E+02   0.46967E+02   0.58768E+02
   0.25515E+01   0.11953E+01   0.78515E+01   0.11331E+02   0.28751E+01   0.22760E+01   0.44118E+02   0.87007E+01   0.51707E+01
   0.36074E+03   0.24730E+02   0.19411E+03   0.16240E+03   0.30623E+03   0.93304E+02   0.24575E+03   0.25041E+03   0.22536E+03
   0.10000E+01   0.10000E+01   0.10000E+01   0.10000E+01   0.10000E+01   0.10000E+01   0.10000E+01   0.10000E+01   0.10000E+01


   0.00000E+00   0.00000E+00   0.00000E+00  -0.30462E-15   0.00000E+00   0.00000E+00   0.16440E+02  -0.37233E-15  -0.24190E-16
   0.00000E+00   0.43341E-02   0.22524E-01   0.00000E+00   0.00000E+00   0.82715E-04   0.00000E+00  -0.46748E-17   0.98833E-01
   0.00000E+00   0.47012E-03   0.11786E-03   0.12178E-01   0.00000E+00   0.25641E-01   0.91630E-01   0.13884E-01   0.33743E-02
   0.18550E+00   0.00000E+00   0.87875E-01   0.00000E+00   0.00000E+00   0.33366E-01   0.00000E+00   0.00000E+00   0.49858E-01
   0.00000E+00   0.00000E+00   0.00000E+00   0.14087E+02   0.00000E+00   0.00000E+00   0.00000E+00   0.00000E+00   0.00000E+00
   0.00000E+00   0.24710E-03   0.00000E+00   0.00000E+00   0.00000E+00   0.91833E-03   0.00000E+00   0.00000E+00   0.11649E-02
   0.14498E+03   0.77998E+00   0.00000E+00   0.00000E+00  -0.66575E-14   0.00000E+00   0.00000E+00   0.00000E+00   0.00000E+00
   0.00000E+00   0.81062E-09   0.39106E-06   0.31085E-03  -0.38458E-19   0.22421E-03   0.52886E-02  -0.30418E-19   0.17773E-03
   0.11625E-02   0.00000E+00   0.00000E+00   0.18922E-01  -0.10955E-17   0.74046E-02   0.00000E+00   0.48930E-01   0.20499E-02
   0.00000E+00   0.42669E-01   0.00000E+00   0.94232E-03  -0.12343E-17   0.00000E+00   0.26187E-02   0.00000E+00   0.22477E-01
   0.00000E+00  -0.48244E-17   0.00000E+00   0.00000E+00  -0.39119E-15   0.00000E+00   0.12317E+02   0.00000E+00   0.00000E+00
  -0.46818E-23   0.62309E-08   0.40507E-04   0.10508E-03  -0.46667E-21   0.72768E-03   0.26282E-02   0.20202E-05   0.32359E-06
  -0.19296E-15   0.00000E+00   0.49927E+00   0.00000E+00   0.00000E+00   0.00000E+00   0.00000E+00   0.00000E+00   0.00000E+00
   0.00000E+00   0.00000E+00   0.00000E+00   0.00000E+00   0.00000E+00   0.00000E+00   0.00000E+00   0.00000E+00  -0.22538E-15
  -0.14318E-17   0.00000E+00   0.10839E-01   0.47275E-02   0.00000E+00   0.83084E-02   0.16285E+00  -0.24843E-17   0.14209E-01
   0.00000E+00   0.00000E+00   0.00000E+00   0.24788E-02  -0.39303E-19   0.96552E-03   0.00000E+00   0.00000E+00   0.67810E-03
   0.00000E+00   0.18125E-02   0.00000E+00   0.12242E-01   0.00000E+00   0.14251E-01   0.00000E+00  -0.61032E-19   0.97805E-03
   0.00000E+00   0.62559E-02   0.13424E-01   0.00000E+00   0.00000E+00   0.41072E-01   0.00000E+00   0.00000E+00   0.42725E-01
   0.00000E+00   0.00000E+00   0.40868E-03   0.00000E+00   0.00000E+00   0.99695E-03   0.21877E-01  -0.48104E-18   0.18115E-02
   0.65141E-03   0.71522E-03   0.77050E-16   0.00000E+00  -0.11307E-21   0.53251E-02   0.00000E+00   0.31232E-03   0.20349E-02
   0.00000E+00   0.43785E-03   0.67033E-03  -0.31770E-18   0.00000E+00   0.23577E-03   0.00000E+00   0.43603E-02   0.50556E-02
   0.37091E-02   0.91304E-03   0.22691E-01   0.13477E-01   0.00000E+00   0.14642E-01   0.00000E+00   0.00000E+00   0.10672E-01
   0.00000E+00   0.00000E+00   0.00000E+00   0.10281E-01   0.00000E+00   0.00000E+00   0.41865E+00   0.18571E-01   0.00000E+00
   0.00000E+00   0.87732E-03   0.64873E-03   0.00000E+00  -0.32625E-18   0.38726E-02   0.34377E-01   0.00000E+00   0.18427E-02
  -0.54073E-28   0.31849E+00  -0.40728E-19   0.00000E+00   0.00000E+00   0.00000E+00   0.00000E+00   0.00000E+00   0.00000E+00
   0.00000E+00   0.00000E+00  -0.14906E-27   0.00000E+00   0.00000E+00   0.13474E+02   0.00000E+00   0.00000E+00   0.00000E+00
   0.00000E+00  -0.17277E-15  -0.22713E-26   0.00000E+00   0.00000E+00  -0.35389E-15  -0.17321E-25   0.10614E+03   0.00000E+00
  -0.36402E-14   0.00000E+00   0.00000E+00  -0.33330E-14  -0.11995E-14  -0.37851E-14   0.00000E+00  -0.30802E-14   0.87873E+02
   0.00000E+00   0.00000E+00  -0.21490E-15   0.00000E+00   0.00000E+00   0.52432E+01   0.25579E+01   0.39636E+01   0.73409E+01
   0.00000E+00   0.00000E+00   0.00000E+00   0.24615E+01   0.00000E+00   0.00000E+00   0.00000E+00   0.60094E+01   0.31056E+01
   0.00000E+00   0.00000E+00  -0.10405E-14   0.00000E+00   0.73221E+02  -0.30883E-15   0.00000E+00   0.00000E+00   0.00000E+00
   0.00000E+00   0.00000E+00   0.21123E-01   0.79062E+00  -0.96966E-16   0.00000E+00   0.31230E+02   0.31631E+01   0.15069E-11
   0.28387E+03   0.60615E+01   0.22661E+02   0.51464E+02   0.11724E+03   0.19256E+02   0.12952E+03   0.14184E+03   0.11691E+03
   0.10000E+01   0.10000E+01   0.10000E+01   0.10000E+01   0.10000E+01   0.10000E+01   0.10000E+01   0.10000E+01   0.10000E+01

   0.28784E+01   0.19045E+01   0.41015E+01   0.41774E+01   0.19824E+01   0.40929E+01   0.24627E+02   0.56029E+01   0.52131E+01
   0.00000E+00   0.29266E-01   0.18061E+00   0.67468E-01   0.36956E-01   0.91095E-01   0.18094E-01   0.44847E-01   0.23072E+00
   0.71629E-02   0.80707E-02   0.32522E-01   0.48882E-01   0.16114E-01   0.44024E-01   0.13754E+00   0.39404E-01   0.26818E-01
   0.28944E+00   0.39504E-02   0.35561E+00   0.00000E+00   0.35521E-01   0.16003E+00   0.21035E-01   0.00000E+00   0.28853E+00
   0.29513E+01   0.35561E+01   0.70472E+01   0.31159E+02   0.71503E+01   0.42257E+01   0.15505E+02   0.38661E+01   0.52071E+01
   0.00000E+00   0.82611E-03   0.45179E-02   0.00000E+00   0.13011E-02   0.26759E-02   0.00000E+00   0.00000E+00   0.39038E-02
   0.20836E+03   0.48927E+01   0.33720E+02   0.20136E+01   0.27092E+02   0.70035E+01   0.18256E+01   0.11991E+02   0.15930E+02
   0.44948E-03   0.38794E-03   0.89105E-03   0.18647E-02   0.51735E-03   0.94145E-03   0.74745E-02   0.63579E-03   0.16588E-02
   0.63517E-02   0.54465E-02   0.30644E-02   0.38958E-01   0.82463E-02   0.30572E-01   0.25027E-01   0.78964E-01   0.11700E-01
   0.23911E-02   0.10073E+00   0.13246E-01   0.22637E-01   0.69750E-02   0.14272E-01   0.30731E-01   0.25049E-01   0.70460E-01
   0.12804E+01   0.84134E+00   0.21420E+01   0.23069E+01   0.15627E+01   0.16059E+01   0.17098E+02   0.26905E+01   0.23750E+01
   0.19335E-03   0.23107E-03   0.12049E-02   0.16875E-02   0.94233E-03   0.14735E-02   0.42869E-02   0.94361E-03   0.11186E-02
   0.22568E+01   0.34479E+00   0.18419E+02   0.96795E+01   0.10126E+02   0.35535E+01   0.10738E+02   0.29519E+01   0.44849E+01
   0.65628E+01   0.59203E+00   0.40949E+02   0.97734E+01   0.35118E+02   0.79314E+01   0.12015E+02   0.68403E+01   0.93007E+01
   0.20151E-02   0.71912E-02   0.73912E-01   0.74108E-01   0.28186E-01   0.37384E-01   0.25388E+00   0.27516E-01   0.63064E-01
   0.20900E-03   0.58139E-04   0.32591E-03   0.33162E-02   0.40409E-03   0.17816E-02   0.10258E-02   0.56548E-09   0.17317E-02
   0.00000E+00   0.63619E-02   0.00000E+00   0.33616E-01   0.00000E+00   0.19140E-01   0.22452E-01   0.72685E-03   0.56712E-02
   0.29574E-02   0.23053E-01   0.12839E+00   0.00000E+00   0.35079E-01   0.94628E-01   0.37456E-03   0.00000E+00   0.13163E+00
   0.21478E-02   0.14889E-02   0.13859E-01   0.78472E-02   0.71572E-02   0.44264E-02   0.33990E-01   0.40641E-02   0.79123E-02
   0.14316E-02   0.23201E-02   0.32369E-02   0.23794E-04   0.13184E-02   0.76632E-02   0.78873E-13   0.15582E-02   0.51900E-02
   0.00000E+00   0.16602E-02   0.87516E-02   0.30846E-02   0.39208E-02   0.50856E-02   0.31991E-02   0.91802E-02   0.12092E-01
   0.32207E-01   0.95439E-02   0.19407E+00   0.74402E-01   0.15663E+00   0.51061E-01   0.39662E-01   0.12012E-01   0.60876E-01
   0.19454E-01   0.32287E-01   0.13608E+00   0.20852E+00   0.45231E-01   0.00000E+00   0.67676E+00   0.11317E+00   0.16530E-01
   0.11106E-02   0.41385E-02   0.11372E-01   0.79217E-03   0.69524E-02   0.86184E-02   0.46596E-01   0.32969E-02   0.10723E-01
   0.77919E-01   0.71674E+00   0.27847E+00   0.12560E-01   0.11138E-01   0.19873E+00   0.13937E+00   0.21334E+00   0.21592E+00
   0.66531E+00   0.63113E+00   0.52119E+00   0.27538E+00   0.56612E+00   0.16435E+02   0.17017E+00   0.17176E+01   0.55343E+00
   0.34940E+01   0.15314E+02   0.14079E+01   0.53014E+01   0.84113E+01   0.39385E+02   0.82693E+01   0.16098E+03   0.11685E+02
   0.31205E+02   0.69488E+01   0.70968E+01   0.47410E+02   0.75938E+01   0.53027E+02   0.43056E+01   0.53230E+02   0.15555E+03
   0.89569E+00   0.37293E+00   0.20026E+01   0.44953E+01   0.00000E+00   0.11692E+02   0.62382E+01   0.90468E+01   0.14362E+02
   0.12268E+01   0.19428E+00   0.12191E+01   0.62746E+01   0.85993E-01   0.30658E+01   0.14005E+01   0.10177E+02   0.67097E+01
   0.55573E+02   0.18884E+02   0.72679E+02   0.75891E+02   0.20232E+03   0.53718E+02   0.43614E+02   0.59728E+02   0.72108E+02
   0.26752E+01   0.16370E+01   0.78515E+01   0.11331E+02   0.30854E+01   0.27224E+01   0.44569E+02   0.93428E+01   0.59683E+01
   0.37275E+03   0.29143E+02   0.19411E+03   0.16504E+03   0.30955E+03   0.10503E+03   0.25040E+03   0.25495E+03   0.24033E+03
   0.10000E+01   0.10000E+01   0.10000E+01   0.10000E+01   0.10000E+01   0.10000E+01   0.10000E+01   0.10000E+01   0.10000E+01


   0.00000E+00   0.00000E+00   0.00000E+00  -0.30462E-15   0.00000E+00  -0.18632E-15   0.16196E+02  -0.37233E-15  -0.24190E-16
   0.00000E+00   0.11908E-02   0.11122E-01  -0.21435E-17   0.00000E+00  -0.54419E-19   0.00000E+00  -0.46748E-17   0.91657E-01
   0.00000E+00   0.23396E-03   0.00000E+00   0.98924E-02   0.00000E+00   0.25641E-01   0.91381E-01   0.13658E-01   0.20529E-02
   0.17891E+00   0.00000E+00   0.42917E-01   0.00000E+00   0.00000E+00   0.32017E-01   0.00000E+00   0.00000E+00   0.49858E-01
  -0.12930E-15   0.00000E+00   0.00000E+00   0.12567E+02   0.00000E+00   0.00000E+00   0.00000E+00   0.00000E+00   0.00000E+00
   0.00000E+00   0.10117E-03   0.00000E+00   0.00000E+00   0.00000E+00   0.77998E-03   0.00000E+00   0.00000E+00   0.92420E-03
   0.13885E+03   0.34295E+00   0.00000E+00   0.00000E+00  -0.66575E-14   0.00000E+00   0.00000E+00   0.00000E+00   0.00000E+00
   0.00000E+00   0.34737E-09   0.75619E-09   0.20780E-03  -0.38458E-19   0.14794E-03   0.51397E-02  -0.30418E-19   0.17773E-03
   0.29947E-03   0.00000E+00   0.00000E+00   0.16856E-01  -0.10955E-17   0.66196E-02   0.00000E+00   0.48633E-01   0.21546E-03
   0.00000E+00   0.33308E-01   0.00000E+00   0.94232E-03  -0.12343E-17   0.00000E+00   0.00000E+00  -0.39333E-18   0.18410E-01
   0.00000E+00  -0.48244E-17   0.00000E+00   0.00000E+00  -0.39119E-15   0.00000E+00   0.12089E+02   0.00000E+00   0.00000E+00
  -0.46818E-23   0.71895E-09   0.40507E-04   0.10508E-03  -0.46667E-21   0.72608E-03   0.24036E-02   0.20202E-05   0.32359E-06
  -0.19296E-15   0.00000E+00   0.00000E+00   0.00000E+00   0.00000E+00   0.00000E+00   0.00000E+00   0.00000E+00   0.00000E+00
   0.00000E+00   0.00000E+00   0.00000E+00   0.00000E+00   0.00000E+00   0.00000E+00   0.00000E+00   0.00000E+00  -0.22538E-15
  -0.14318E-17   0.00000E+00   0.99399E-02   0.18499E-02   0.00000E+00   0.45992E-02   0.14857E+00  -0.24843E-17   0.10973E-01
   0.00000E+00   0.00000E+00  -0.21055E-19   0.21104E-02  -0.39303E-19   0.91548E-03   0.00000E+00   0.00000E+00   0.53983E-03
   0.00000E+00   0.12476E-02   0.00000E+00   0.10743E-01   0.00000E+00   0.13923E-01   0.00000E+00  -0.61032E-19   0.00000E+00
   0.00000E+00   0.24452E-02   0.00000E+00   0.00000E+00   0.00000E+00   0.35632E-01   0.00000E+00   0.00000E+00   0.37080E-01
   0.00000E+00   0.00000E+00   0.31832E-03   0.00000E+00   0.00000E+00   0.94743E-03   0.21469E-01  -0.48104E-18   0.14965E-02
   0.65141E-03   0.49118E-03   0.00000E+00   0.00000E+00  -0.11307E-21   0.51669E-02   0.00000E+00   0.23366E-03   0.16013E-02
   0.00000E+00   0.18269E-03   0.00000E+00  -0.31770E-18   0.00000E+00   0.23577E-03   0.00000E+00   0.41468E-02   0.43742E-02
   0.22715E-02   0.91304E-03   0.19916E-01   0.13477E-01   0.00000E+00   0.13684E-01   0.00000E+00   0.00000E+00   0.80213E-02
   0.00000E+00   0.00000E+00   0.00000E+00   0.36483E-02   0.00000E+00   0.00000E+00   0.41865E+00   0.17234E-01   0.00000E+00
   0.00000E+00   0.64363E-03   0.19865E-08   0.00000E+00  -0.32625E-18   0.37683E-02   0.33371E-01  -0.29150E-18   0.14302E-02
  -0.54073E-28   0.25489E+00  -0.24814E-17   0.00000E+00   0.00000E+00   0.00000E+00   0.00000E+00   0.00000E+00   0.00000E+00
   0.00000E+00   0.00000E+00  -0.14906E-27   0.00000E+00   0.00000E+00   0.13375E+02   0.00000E+00   0.00000E+00  -0.11936E-15
   0.00000E+00  -0.17277E-15  -0.22713E-26   0.00000E+00   0.00000E+00  -0.35389E-15  -0.17321E-25   0.10587E+03   0.00000E+00
  -0.36402E-14   0.00000E+00   0.00000E+00  -0.33330E-14  -0.11995E-14  -0.37851E-14   0.00000E+00  -0.30802E-14   0.76528E+02
   0.00000E+00   0.00000E+00  -0.21490E-15   0.00000E+00   0.00000E+00   0.51712E+01   0.20663E+01   0.37730E+01   0.61066E+01
   0.00000E+00   0.00000E+00   0.00000E+00   0.22682E+01   0.00000E+00   0.00000E+00   0.00000E+00   0.59222E+01   0.27409E+01
   0.00000E+00   0.00000E+00  -0.10405E-14   0.00000E+00   0.73221E+02  -0.30883E-15   0.00000E+00   0.00000E+00   0.00000E+00
   0.00000E+00   0.00000E+00   0.00000E+00   0.28054E+00  -0.96966E-16   0.00000E+00   0.30592E+02   0.30355E+01   0.15069E-11
   0.28247E+03   0.56736E+01   0.22661E+02   0.44080E+02   0.10601E+03   0.17539E+02   0.12952E+03   0.14030E+03   0.10303E+03
   0.10000E+01   0.10000E+01   0.10000E+01   0.10000E+01   0.10000E+01   0.10000E+01   0.10000E+01   0.10000E+01   0.10000E+01

   0.37256E+01   0.27515E+01   0.41015E+01   0.41774E+01   0.20820E+01   0.53671E+01   0.25568E+02   0.72050E+01   0.64218E+01
   0.00000E+00   0.42748E-01   0.19349E+00   0.81540E-01   0.38038E-01   0.10062E+00   0.25719E-01   0.51767E-01   0.24057E+00
   0.76297E-02   0.10350E-01   0.32522E-01   0.48882E-01   0.16114E-01   0.46606E-01   0.13820E+00   0.41540E-01   0.30377E-01
   0.29063E+00   0.81200E-02   0.35561E+00   0.00000E+00   0.36394E-01   0.16701E+00   0.24916E-01   0.00000E+00   0.31168E+00
   0.35447E+01   0.49072E+01   0.70626E+01   0.31914E+02   0.71503E+01   0.48414E+01   0.17205E+02   0.46067E+01   0.67317E+01
   0.00000E+00   0.10537E-02   0.45335E-02   0.00000E+00   0.13423E-02   0.27738E-02   0.00000E+00   0.00000E+00   0.40694E-02
   0.21311E+03   0.75772E+01   0.36015E+02   0.20136E+01   0.29374E+02   0.76386E+01   0.30191E+01   0.13016E+02   0.18965E+02
   0.57009E-03   0.54580E-03   0.89105E-03   0.18647E-02   0.68500E-03   0.10471E-02   0.74861E-02   0.74865E-03   0.20791E-02
   0.66627E-02   0.10396E-01   0.12867E-01   0.39118E-01   0.84806E-02   0.32322E-01   0.26996E-01   0.80797E-01   0.13571E-01
   0.34221E-02   0.10132E+00   0.33851E-01   0.24555E-01   0.69750E-02   0.16414E-01   0.33280E-01   0.26688E-01   0.77379E-01
   0.14774E+01   0.11813E+01   0.21420E+01   0.23069E+01   0.15627E+01   0.19379E+01   0.17527E+02   0.31270E+01   0.28583E+01
   0.20615E-03   0.29833E-03   0.12049E-02   0.21797E-02   0.94233E-03   0.14735E-02   0.42869E-02   0.95720E-03   0.13365E-02
   0.27121E+01   0.43441E+00   0.18968E+02   0.11038E+02   0.11388E+02   0.41984E+01   0.11444E+02   0.35894E+01   0.60712E+01
   0.81145E+01   0.73270E+00   0.42465E+02   0.11109E+02   0.38479E+02   0.95844E+01   0.13803E+02   0.89855E+01   0.12081E+02
   0.44951E-02   0.10364E-01   0.73912E-01   0.74108E-01   0.33870E-01   0.40376E-01   0.25620E+00   0.27516E-01   0.71333E-01
   0.33208E-03   0.14869E-03   0.10148E-02   0.33162E-02   0.43218E-03   0.19785E-02   0.13472E-02   0.56548E-09   0.19488E-02
   0.00000E+00   0.90663E-02   0.40332E-02   0.34389E-01   0.00000E+00   0.19624E-01   0.23779E-01   0.73676E-03   0.70060E-02
   0.29574E-02   0.30737E-01   0.13434E+00   0.00000E+00   0.36557E-01   0.99854E-01   0.96762E-03   0.00000E+00   0.13168E+00
   0.22792E-02   0.21030E-02   0.13859E-01   0.78472E-02   0.77132E-02   0.48341E-02   0.34291E-01   0.44787E-02   0.89348E-02
   0.14316E-02   0.30274E-02   0.41437E-02   0.13087E-03   0.13184E-02   0.80362E-02   0.10415E-04   0.17419E-02   0.56109E-02
   0.00000E+00   0.22209E-02   0.87516E-02   0.44314E-02   0.42591E-02   0.55543E-02   0.33779E-02   0.91802E-02   0.13121E-01
   0.37352E-01   0.12953E-01   0.19407E+00   0.80257E-01   0.15744E+00   0.55320E-01   0.42140E-01   0.15525E-01   0.75075E-01
   0.29187E-01   0.45654E-01   0.16878E+00   0.20852E+00   0.45231E-01   0.00000E+00   0.67822E+00   0.11870E+00   0.16530E-01
   0.17192E-02   0.57724E-02   0.11372E-01   0.79217E-03   0.74101E-02   0.93049E-02   0.46768E-01   0.40121E-02   0.12186E-01
   0.99161E-01   0.75346E+00   0.36148E+00   0.18765E-01   0.11138E-01   0.23679E+00   0.16623E+00   0.25263E+00   0.27513E+00
   0.71592E+00   0.87389E+00   0.52119E+00   0.27538E+00   0.56612E+00   0.16509E+02   0.17017E+00   0.18608E+01   0.55343E+00
   0.37047E+01   0.21099E+02   0.19613E+01   0.62894E+01   0.91059E+01   0.42150E+02   0.83918E+01   0.16165E+03   0.12446E+02
   0.37573E+02   0.94907E+01   0.70968E+01   0.56943E+02   0.75938E+01   0.66656E+02   0.49085E+01   0.66588E+02   0.16254E+03
   0.10710E+01   0.62038E+00   0.26222E+01   0.44953E+01   0.00000E+00   0.12791E+02   0.65746E+01   0.96030E+01   0.15019E+02
   0.13914E+01   0.19428E+00   0.16674E+01   0.69019E+01   0.20507E+00   0.35302E+01   0.16693E+01   0.10591E+02   0.72939E+01
   0.69279E+02   0.25922E+02   0.72679E+02   0.98144E+02   0.21252E+03   0.65901E+02   0.54368E+02   0.74160E+02   0.86699E+02
   0.32763E+01   0.23885E+01   0.78515E+01   0.11331E+02   0.37034E+01   0.32840E+01   0.44700E+02   0.10069E+02   0.70642E+01
   0.39419E+03   0.36042E+02   0.19411E+03   0.16873E+03   0.31160E+03   0.11549E+03   0.25551E+03   0.26058E+03   0.25695E+03
   0.10000E+01   0.10000E+01   0.10000E+01   0.10000E+01   0.10000E+01   0.10000E+01   0.10000E+01   0.10000E+01   0.10000E+01


   0.00000E+00   0.00000E+00   0.00000E+00  -0.30462E-15   0.00000E+00  -0.18632E-15   0.15116E+02  -0.37233E-15  -0.24190E-16
   0.00000E+00   0.00000E+00   0.11122E-01  -0.21435E-17   0.00000E+00  -0.54419E-19   0.00000E+00  -0.46748E-17   0.77190E-01
   0.00000E+00   0.00000E+00   0.00000E+00   0.78996E-02   0.00000E+00   0.25641E-01   0.86420E-01   0.13388E-01   0.20529E-02
   0.17067E+00   0.00000E+00   0.29186E-01   0.00000E+00   0.00000E+00   0.29866E-01   0.00000E+00   0.00000E+00   0.44830E-01
  -0.12930E-15   0.00000E+00   0.00000E+00   0.11149E+02   0.00000E+00   0.00000E+00   0.00000E+00   0.00000E+00   0.00000E+00
   0.00000E+00   0.37489E-04   0.00000E+00   0.00000E+00   0.00000E+00   0.77998E-03   0.00000E+00   0.00000E+00   0.71397E-03
   0.13339E+03   0.00000E+00   0.00000E+00   0.00000E+00  -0.66575E-14   0.00000E+00  -0.20599E-18   0.00000E+00   0.00000E+00
   0.00000E+00  -0.12521E-20   0.75619E-09   0.98468E-04  -0.38458E-19   0.83477E-04   0.47402E-02  -0.30418E-19   0.17773E-03
   0.00000E+00  -0.10297E-19   0.00000E+00   0.14819E-01  -0.10955E-17   0.57940E-02   0.00000E+00   0.48007E-01   0.22289E-04
   0.00000E+00   0.20863E-01   0.00000E+00   0.00000E+00  -0.12343E-17   0.00000E+00   0.00000E+00  -0.39333E-18   0.11882E-01
   0.00000E+00  -0.48244E-17   0.00000E+00   0.00000E+00  -0.39119E-15   0.00000E+00   0.11205E+02   0.00000E+00   0.00000E+00
  -0.46818E-23   0.71895E-09   0.40507E-04   0.10508E-03  -0.46667E-21   0.72608E-03   0.24036E-02   0.20202E-05   0.32359E-06
  -0.19296E-15   0.00000E+00   0.00000E+00   0.00000E+00   0.00000E+00   0.00000E+00   0.00000E+00   0.00000E+00   0.00000E+00
   0.00000E+00   0.00000E+00   0.00000E+00   0.00000E+00   0.00000E+00   0.00000E+00   0.00000E+00   0.00000E+00  -0.22538E-15
  -0.14318E-17   0.00000E+00   0.91647E-02   0.17375E-03   0.00000E+00   0.45992E-02   0.13033E+00  -0.24843E-17   0.86052E-02
   0.00000E+00   0.00000E+00  -0.21055E-19   0.18737E-02  -0.39303E-19   0.89808E-03   0.00000E+00   0.00000E+00   0.53983E-03
   0.00000E+00   0.61190E-03   0.00000E+00   0.91750E-02   0.00000E+00   0.11392E-01   0.00000E+00  -0.61032E-19   0.00000E+00
   0.00000E+00   0.61541E-03   0.00000E+00   0.00000E+00   0.00000E+00   0.35632E-01   0.00000E+00   0.00000E+00   0.30122E-01
   0.00000E+00   0.00000E+00   0.31832E-03   0.00000E+00   0.00000E+00   0.79703E-03   0.20978E-01  -0.48104E-18   0.12610E-02
   0.63769E-03   0.26830E-03   0.00000E+00   0.00000E+00  -0.11307E-21   0.51669E-02   0.00000E+00   0.12267E-03   0.12884E-02
   0.00000E+00   0.62626E-04   0.00000E+00  -0.31770E-18   0.00000E+00   0.23577E-03  -0.18239E-18   0.31482E-02   0.38912E-02
   0.11720E-02   0.69208E-03   0.77962E-02   0.13477E-01   0.00000E+00   0.13684E-01   0.00000E+00   0.00000E+00   0.63322E-02
   0.00000E+00   0.00000E+00   0.00000E+00   0.00000E+00   0.00000E+00   0.00000E+00   0.39253E+00   0.16751E-01   0.00000E+00
   0.00000E+00   0.34100E-03   0.19865E-08   0.00000E+00  -0.32625E-18   0.36010E-02   0.30050E-01  -0.29150E-18   0.11085E-02
  -0.54073E-28   0.16206E+00  -0.24814E-17   0.00000E+00   0.00000E+00   0.00000E+00   0.00000E+00   0.00000E+00   0.00000E+00
   0.00000E+00   0.00000E+00  -0.14906E-27   0.00000E+00   0.00000E+00   0.13269E+02   0.00000E+00   0.00000E+00  -0.11936E-15
   0.00000E+00  -0.17277E-15  -0.22713E-26   0.00000E+00   0.00000E+00  -0.35389E-15  -0.17321E-25   0.10484E+03   0.00000E+00
  -0.36402E-14   0.00000E+00   0.00000E+00  -0.33330E-14  -0.11995E-14  -0.37851E-14   0.00000E+00  -0.30802E-14   0.66638E+02
   0.00000E+00   0.00000E+00  -0.21490E-15   0.00000E+00   0.00000E+00   0.50995E+01   0.81566E+00   0.29040E+01   0.49984E+01
   0.00000E+00   0.00000E+00   0.00000E+00   0.19785E+01   0.00000E+00   0.00000E+00   0.00000E+00   0.57303E+01   0.24862E+01
   0.00000E+00   0.00000E+00  -0.10405E-14   0.00000E+00   0.54430E+02  -0.30883E-15   0.00000E+00   0.00000E+00   0.00000E+00
   0.00000E+00   0.00000E+00   0.00000E+00   0.00000E+00  -0.96966E-16   0.00000E+00   0.28376E+02   0.29009E+01   0.00000E+00
   0.27329E+03   0.48604E+01   0.22661E+02   0.38124E+02   0.53268E+02   0.15147E+02   0.12952E+03   0.13878E+03   0.90130E+02
   0.10000E+01   0.10000E+01   0.10000E+01   0.10000E+01   0.10000E+01   0.10000E+01   0.10000E+01   0.10000E+01   0.10000E+01

   0.47219E+01   0.39258E+01   0.41015E+01   0.41774E+01   0.21887E+01   0.66046E+01   0.26515E+02   0.87282E+01   0.76410E+01
   0.00000E+00   0.70330E-01   0.19349E+00   0.99648E-01   0.38038E-01   0.10962E+00   0.33722E-01   0.57260E-01   0.25350E+00
   0.86072E-02   0.15360E-01   0.32522E-01   0.48882E-01   0.16202E-01   0.48912E-01   0.13845E+00   0.43465E-01   0.34606E-01
   0.29063E+00   0.17079E-01   0.35561E+00   0.41493E-02   0.36394E-01   0.17175E+00   0.28089E-01   0.00000E+00   0.33253E+00
   0.42804E+01   0.71749E+01   0.70767E+01   0.32714E+02   0.71503E+01   0.54790E+01   0.18885E+02   0.53250E+01   0.82049E+01
   0.00000E+00   0.13473E-02   0.45335E-02   0.00000E+00   0.13423E-02   0.28410E-02   0.00000E+00   0.00000E+00   0.41476E-02
   0.21802E+03   0.12584E+02   0.40061E+02   0.20136E+01   0.30168E+02   0.83531E+01   0.39500E+01   0.14175E+02   0.23104E+02
   0.72130E-03   0.91980E-03   0.12526E-02   0.18647E-02   0.11511E-02   0.11690E-02   0.74966E-02   0.89541E-03   0.21949E-02
   0.74096E-02   0.19354E-01   0.13704E-01   0.39698E-01   0.84806E-02   0.34119E-01   0.28742E-01   0.83003E-01   0.16165E-01
   0.42151E-02   0.10918E+00   0.45153E-01   0.26612E-01   0.89315E-02   0.19718E-01   0.35116E-01   0.27883E-01   0.84115E-01
   0.17020E+01   0.18348E+01   0.26669E+01   0.23069E+01   0.27384E+01   0.23147E+01   0.18003E+02   0.35551E+01   0.33957E+01
   0.31638E-03   0.44363E-03   0.12049E-02   0.21797E-02   0.94233E-03   0.14735E-02   0.42869E-02   0.10134E-02   0.15369E-02
   0.32913E+01   0.72005E+00   0.19489E+02   0.12301E+02   0.12718E+02   0.47954E+01   0.12102E+02   0.42464E+01   0.74947E+01
   0.98311E+01   0.14535E+01   0.43843E+02   0.13292E+02   0.41241E+02   0.11055E+02   0.15372E+02   0.11225E+02   0.15041E+02
   0.98010E-02   0.19392E-01   0.87810E-01   0.74108E-01   0.39809E-01   0.43870E-01   0.25831E+00   0.28663E-01   0.80598E-01
   0.39402E-03   0.39132E-03   0.10148E-02   0.33162E-02   0.43218E-03   0.20502E-02   0.14931E-02   0.56548E-09   0.22144E-02
   0.00000E+00   0.14032E-01   0.74426E-02   0.36203E-01   0.13786E-02   0.20077E-01   0.25003E-01   0.73676E-03   0.83165E-02
   0.29574E-02   0.41877E-01   0.13434E+00   0.00000E+00   0.36557E-01   0.10327E+00   0.16969E-02   0.00000E+00   0.13805E+00
   0.29313E-02   0.34793E-02   0.13859E-01   0.78472E-02   0.83005E-02   0.53079E-02   0.34550E-01   0.48626E-02   0.10152E-01
   0.15095E-02   0.39613E-02   0.41437E-02   0.42151E-03   0.13184E-02   0.82337E-02   0.21987E-04   0.19103E-02   0.56327E-02
   0.00000E+00   0.30671E-02   0.87516E-02   0.53924E-02   0.42803E-02   0.59261E-02   0.35063E-02   0.91802E-02   0.14144E-01
   0.44479E-01   0.18238E-01   0.19407E+00   0.89225E-01   0.16298E+00   0.57742E-01   0.44437E-01   0.18542E-01   0.89079E-01
   0.50358E-01   0.74700E-01   0.17304E+00   0.20852E+00   0.45231E-01   0.00000E+00   0.67822E+00   0.11973E+00   0.16599E-01
   0.29919E-02   0.86930E-02   0.12746E-01   0.79217E-03   0.75523E-02   0.10116E-01   0.46951E-01   0.46157E-02   0.13718E-01
   0.12206E+00   0.79188E+00   0.45936E+00   0.27859E-01   0.11138E-01   0.27367E+00   0.19308E+00   0.28945E+00   0.33196E+00
   0.74083E+00   0.13509E+01   0.52119E+00   0.27538E+00   0.56612E+00   0.16589E+02   0.17017E+00   0.20080E+01   0.55343E+00
   0.40570E+01   0.29358E+02   0.26738E+01   0.11805E+02   0.95712E+01   0.45022E+02   0.88012E+01   0.16231E+03   0.12446E+02
   0.44195E+02   0.13727E+02   0.70968E+01   0.66697E+02   0.75938E+01   0.79781E+02   0.54197E+01   0.78732E+02   0.16975E+03
   0.13263E+01   0.11913E+01   0.60657E+01   0.49685E+01   0.00000E+00   0.13591E+02   0.68383E+01   0.98990E+01   0.15584E+02
   0.15823E+01   0.36770E+00   0.21009E+01   0.73241E+01   0.47837E+00   0.39290E+01   0.18407E+01   0.10824E+02   0.78566E+01
   0.85103E+02   0.35616E+02   0.11583E+03   0.12246E+03   0.22374E+03   0.77180E+02   0.65499E+02   0.88267E+02   0.10076E+03
   0.39992E+01   0.41672E+01   0.78515E+01   0.11331E+02   0.44130E+01   0.38968E+01   0.44700E+02   0.10774E+02   0.82496E+01
   0.40676E+03   0.46168E+02   0.20124E+03   0.18736E+03   0.31209E+03   0.12288E+03   0.25899E+03   0.26479E+03   0.26270E+03
   0.10000E+01   0.10000E+01   0.10000E+01   0.10000E+01   0.10000E+01   0.10000E+01   0.10000E+01   0.10000E+01   0.10000E+01


     27.00     27.00     27.00     27.00     27.00     27.00      5.58     27.00     27.00
   -990.00   -990.00   -990.00   -990.00   -990.00   -990.00   -990.00   -990.00   -990.00
   -990.00   -990.00   -990.00   -990.00   -990.00   -990.00   -990.00   -990.00   -990.00
   -990.00   -990.00   -990.00   -990.00   -990.00   -990.00   -990.00   -990.00   -990.00
     27.00     27.00     27.00      4.41     27.00     27.00     27.00     27.00     27.00
   -990.00   -990.00   -990.00   -990.00   -990.00   -990.00   -990.00   -990.00   -990.00
     39.00     27.00     27.00     27.00     27.00     27.00     27.00     27.00     27.00
   -990.00   -990.00   -990.00   -990.00   -990.00   -990.00   -990.00   -990.00   -990.00
   -990.00   -990.00   -990.00   -990.00   -990.00   -990.00   -990.00   -990.00   -990.00
   -990.00   -990.00   -990.00   -990.00   -990.00   -990.00   -990.00   -990.00   -990.00
     27.00     27.00     27.00     27.00     27.00     27.00      7.04     27.00     27.00
   -990.00   -990.00   -990.00   -990.00   -990.00   -990.00   -990.00   -990.00   -990.00
     27.00     27.00     27.00     27.00     27.00     27.00     27.00     27.00     27.00
     27.00     27.00     27.00     27.00     27.00     27.00     27.00     27.00     27.00
   -990.00   -990.00   -990.00   -990.00   -990.00   -990.00   -990.00   -990.00   -990.00
   -990.00   -990.00   -990.00   -990.00   -990.00   -990.00   -990.00   -990.00   -990.00
   -990.00   -990.00   -990.00   -990.00   -990.00   -990.00   -990.00   -990.00   -990.00
   -990.00   -990.00   -990.00   -990.00   -990.00   -990.00   -990.00   -990.00   -990.00
   -990.00   -990.00   -990.00   -990.00   -990.00   -990.00   -990.00   -990.00   -990.00
   -990.00   -990.00   -990.00   -990.00   -990.00   -990.00   -990.00   -990.00   -990.00
   -990.00   -990.00   -990.00   -990.00   -990.00   -990.00   -990.00   -990.00   -990.00
   -990.00   -990.00   -990.00   -990.00   -990.00   -990.00   -990.00   -990.00   -990.00
   -990.00   -990.00   -990.00   -990.00   -990.00   -990.00   -990.00   -990.00   -990.00
   -990.00   -990.00   -990.00   -990.00   -990.00   -990.00   -990.00   -990.00   -990.00
     27.00     28.26     27.00     27.00     27.00     27.00     27.00     27.00     27.00
     27.00     27.00     27.00     27.00     27.00      7.89     27.00     27.00     27.00
     27.00     27.00     27.00     27.00     27.00     27.00     27.00     10.95     27.00
     27.00     27.00     27.00     27.00     27.00     27.00     27.00     27.00      9.84
   -990.00   -990.00   -990.00   -990.00   -990.00   -990.00   -990.00   -990.00   -990.00
   -990.00   -990.00   -990.00   -990.00   -990.00   -990.00   -990.00   -990.00   -990.00
     27.00     27.00     27.00     27.00      2.67     27.00     27.00     27.00     27.00
   -990.00   -990.00   -990.00   -990.00   -990.00   -990.00   -990.00   -990.00   -990.00
   -990.00   -990.00   -990.00   -990.00   -990.00   -990.00   -990.00   -990.00   -990.00
   -990.00   -990.00   -990.00   -990.00   -990.00   -990.00   -990.00   -990.00   -990.00

     37.52     30.83      4.96      6.69      6.63     26.24     41.99     28.15     33.17
   -990.00   -990.00   -990.00   -990.00   -990.00   -990.00   -990.00   -990.00   -990.00
   -990.00   -990.00   -990.00   -990.00   -990.00   -990.00   -990.00   -990.00   -990.00
   -990.00   -990.00   -990.00   -990.00   -990.00   -990.00   -990.00   -990.00   -990.00
     39.97     27.99      3.16     26.79      2.87     28.83     36.10     29.58     46.58
   -990.00   -990.00   -990.00   -990.00   -990.00   -990.00   -990.00   -990.00   -990.00
     31.10     30.47      5.98     14.47      5.53     28.18     16.88     35.80     27.91
   -990.00   -990.00   -990.00   -990.00   -990.00   -990.00   -990.00   -990.00   -990.00
   -990.00   -990.00   -990.00   -990.00   -990.00   -990.00   -990.00   -990.00   -990.00
   -990.00   -990.00   -990.00   -990.00   -990.00   -990.00   -990.00   -990.00   -990.00
     36.92     29.10      3.56      6.65      6.51     46.40     25.28     40.64     35.89
   -990.00   -990.00   -990.00   -990.00   -990.00   -990.00   -990.00   -990.00   -990.00
     25.59     21.83     34.19     29.52     25.62     37.41     37.58     27.94     48.75
     31.92     23.79     27.26     12.34     28.34     33.78     26.23     33.97     26.40
   -990.00   -990.00   -990.00   -990.00   -990.00   -990.00   -990.00   -990.00   -990.00
   -990.00   -990.00   -990.00   -990.00   -990.00   -990.00   -990.00   -990.00   -990.00
   -990.00   -990.00   -990.00   -990.00   -990.00   -990.00   -990.00   -990.00   -990.00
   -990.00   -990.00   -990.00   -990.00   -990.00   -990.00   -990.00   -990.00   -990.00
   -990.00   -990.00   -990.00   -990.00   -990.00   -990.00   -990.00   -990.00   -990.00
   -990.00   -990.00   -990.00   -990.00   -990.00   -990.00   -990.00   -990.00   -990.00
   -990.00   -990.00   -990.00   -990.00   -990.00   -990.00   -990.00   -990.00   -990.00
   -990.00   -990.00   -990.00   -990.00   -990.00   -990.00   -990.00   -990.00   -990.00
   -990.00   -990.00   -990.00   -990.00   -990.00   -990.00   -990.00   -990.00   -990.00
   -990.00   -990.00   -990.00   -990.00   -990.00   -990.00   -990.00   -990.00   -990.00
     43.99     25.32     31.48     20.36     23.28     30.09     27.58     37.75     32.03
     17.21     29.18     11.06     10.24     12.09     34.72      8.69     39.31      7.91
     20.17     32.43      6.05      4.51      4.84     42.03      8.44     31.25      6.43
     25.54     26.54     10.31     26.86      4.83     28.95     13.18     26.74     38.88
   -990.00   -990.00   -990.00   -990.00   -990.00   -990.00   -990.00   -990.00   -990.00
   -990.00   -990.00   -990.00   -990.00   -990.00   -990.00   -990.00   -990.00   -990.00
     46.22     32.41      7.01     32.64     26.40     38.13     33.84     25.53     44.16
   -990.00   -990.00   -990.00   -990.00   -990.00   -990.00   -990.00   -990.00   -990.00
   -990.00   -990.00   -990.00   -990.00   -990.00   -990.00   -990.00   -990.00   -990.00
   -990.00   -990.00   -990.00   -990.00   -990.00   -990.00   -990.00   -990.00   -990.00

   13    3  140   46   72    8   37    8   29

    0    0    4    3    3    0    1    0    0
    2    0   22    7   12    0    5    1    3
    2    0   33   13   18    1   10    1    5
    3    2   40   15   22    1   11    1    5

    4   22   33   40

