
       0      -0.011
    0    0    0    0    0
    0    0    0    0    0
    0    0    0    0    0
    0    0    0    0    0


   0.00000E+00   0.00000E+00  -0.23474E-15   0.72012E+01  -0.95318E-24
   0.00000E+00   0.00000E+00   0.00000E+00   0.00000E+00   0.31069E-01
   0.00000E+00   0.19193E-02   0.89211E-02   0.76437E-01   0.16525E-01
   0.00000E+00   0.68494E+00  -0.63983E-19   0.68351E+01   0.00000E+00
   0.00000E+00   0.00000E+00   0.00000E+00   0.00000E+00   0.37848E-02
   0.00000E+00   0.10870E+03   0.00000E+00   0.00000E+00   0.00000E+00
   0.00000E+00  -0.15096E-18  -0.13322E-18   0.34362E-02   0.13989E-03
   0.45198E-03   0.00000E+00   0.43352E-02   0.40818E-02   0.31264E-02
  -0.53239E-18  -0.56363E-20  -0.11934E-18   0.40700E-02   0.34077E-01
  -0.10254E-15  -0.87781E-17  -0.67214E-16   0.75284E+01   0.00000E+00
   0.14262E-05   0.00000E+00  -0.38277E-22   0.20016E-02   0.15804E-02
   0.00000E+00   0.00000E+00   0.00000E+00   0.23519E+01   0.38310E+00
   0.00000E+00   0.25239E+01   0.00000E+00   0.00000E+00   0.63309E+00
   0.00000E+00   0.00000E+00   0.00000E+00   0.17673E+00   0.28871E-01
   0.36248E-03   0.00000E+00   0.00000E+00   0.76606E-03   0.51788E-06
   0.94473E-03   0.00000E+00   0.00000E+00   0.52467E-02   0.28053E-01
   0.57005E-02   0.00000E+00   0.00000E+00   0.00000E+00   0.13886E+00
   0.00000E+00   0.00000E+00   0.12119E-03   0.18428E-01   0.38571E-02
   0.00000E+00   0.00000E+00   0.10920E-03  -0.29943E-26   0.85122E-06
   0.00000E+00   0.00000E+00   0.24194E-02   0.10491E-02   0.11096E-01
  -0.29017E-17   0.55900E-01   0.57943E-02   0.79429E-02   0.41553E-01
   0.00000E+00   0.00000E+00   0.55255E-02   0.28876E+00   0.11023E-01
   0.00000E+00   0.00000E+00   0.51956E-03   0.22958E-01   0.73333E-02
   0.57860E-02   0.00000E+00  -0.42943E-18   0.62140E-02   0.12847E+00
   0.18483E+02   0.00000E+00  -0.63503E-15   0.00000E+00  -0.14399E-17
   0.00000E+00  -0.41757E-15   0.75540E+02   0.00000E+00  -0.21061E-14
  -0.93176E-14   0.00000E+00   0.00000E+00   0.00000E+00   0.63309E+02
   0.11604E+01   0.00000E+00   0.26363E+01   0.42247E+01   0.71555E+01
   0.00000E+00  -0.15927E-15   0.44133E+01   0.42097E+01   0.17471E+01
  -0.16233E-14   0.42516E+02   0.49627E-01   0.00000E+00   0.29268E+02
   0.00000E+00   0.00000E+00   0.00000E+00   0.30973E+02  -0.59924E-15
   0.11811E+02   0.27726E+03   0.84956E+02   0.12951E+03   0.15774E+03
   0.10000E+01   0.10000E+01   0.10000E+01   0.10000E+01   0.10000E+01

   0.10801E+02   0.43004E+01   0.11767E+02   0.23174E+02   0.89258E+01
   0.23144E-01   0.84880E-02   0.42434E-02   0.11920E-01   0.61075E-01
   0.35165E-01   0.25113E-01   0.48404E-01   0.13949E+00   0.73288E-01
   0.58721E+01   0.70188E+01   0.49258E+01   0.18124E+02   0.75130E+01
   0.27813E-02   0.14720E-02   0.13587E-02   0.19186E-02   0.76542E-02
   0.15424E+02   0.15791E+03   0.12733E+02   0.14048E+02   0.15341E+02
   0.21351E-02   0.11334E-02   0.44878E-03   0.79691E-02   0.47171E-02
   0.39053E-01   0.00000E+00   0.35931E-01   0.14697E-01   0.33143E-01
   0.16069E-01   0.15273E-01   0.15582E-01   0.36934E-01   0.71743E-01
   0.50596E+01   0.19699E+01   0.45329E+01   0.16324E+02   0.45396E+01
   0.34719E-02   0.11773E-02   0.10629E-02   0.62933E-02   0.62131E-02
   0.57954E+01   0.56974E+01   0.59585E+01   0.11411E+02   0.10493E+02
   0.14839E+02   0.17541E+02   0.15625E+02   0.16889E+02   0.24478E+02
   0.74348E-01   0.27390E-01   0.42525E-01   0.30366E+00   0.14913E+00
   0.84963E-02   0.16149E-02   0.43847E-04   0.52398E-02   0.67645E-02
   0.25114E-01   0.42934E-02   0.73207E-02   0.33520E-01   0.60565E-01
   0.13239E+00   0.58262E-01   0.33749E-01   0.79227E-01   0.29078E+00
   0.10714E-01   0.53825E-02   0.85192E-02   0.34309E-01   0.20037E-01
   0.22090E-02   0.51024E-04   0.40871E-02   0.35343E-03   0.37477E-02
   0.10043E-01   0.57895E-02   0.14343E-01   0.12223E-01   0.28112E-01
   0.25244E-01   0.10292E+00   0.64579E-01   0.67843E-01   0.13827E+00
   0.90455E-01   0.55063E-01   0.12283E+00   0.48055E+00   0.17618E+00
   0.11463E-01   0.77619E-02   0.12314E-01   0.46031E-01   0.31087E-01
   0.12431E+00   0.52633E-01   0.65599E-01   0.12916E+00   0.29109E+00
   0.30998E+02   0.59396E+01   0.87896E+01   0.39356E+01   0.11487E+02
   0.11001E+03   0.41713E+02   0.20399E+03   0.41190E+02   0.76509E+02
   0.98400E+02   0.53684E+02   0.97607E+02   0.80873E+02   0.20537E+03
   0.11221E+02   0.13203E+01   0.11122E+02   0.13809E+02   0.18553E+02
   0.52752E+01   0.13286E+01   0.11751E+02   0.97153E+01   0.70556E+01
   0.17927E+02   0.75867E+02   0.39692E+02   0.28434E+02   0.92711E+02
   0.99842E+01   0.60604E+01   0.13120E+02   0.48959E+02   0.12977E+02
   0.22567E+03   0.43681E+03   0.30985E+03   0.34000E+03   0.43500E+03
   0.10000E+01   0.10000E+01   0.10000E+01   0.10000E+01   0.10000E+01

   0.00000   0.00000   0.00000   0.42569  -0.00000
   0.00124   0.00000   0.00000   0.00000   0.56182
   0.00000   0.01109   0.05134   0.44383   0.09544
   0.00000   0.03903  -0.00000   0.41349   0.00000
   0.00000   0.00000   0.00000   0.00000   0.54450
   0.00000   0.88713   0.00000   0.00000   0.00000
   0.00000   0.00000   0.00000   0.47016   0.01447
   0.00876   0.00000   0.06324   0.05915   0.04524
   0.00000   0.00000   0.00000   0.05405   0.46058
   0.00000   0.00000   0.00000   0.61140   0.00000
   0.00035   0.00000   0.00000   0.26005   0.19843
   0.00000   0.00000   0.00000   0.16028   0.02654
   0.00000   0.08839   0.00000   0.00000   0.02182
   0.00000   0.00000   0.00000   0.53982   0.08837
   0.03601   0.00000   0.00000   0.10715   0.00005
   0.01273   0.00000   0.00000   0.07001   0.37828
   0.02000   0.00000   0.00000   0.00000   0.48183
   0.00000   0.00000   0.00294   0.44285   0.09375
   0.00000   0.00000   0.05755   0.00000   0.00021
   0.00000   0.00000   0.07411   0.03279   0.34029
   0.00000   0.24844   0.02589   0.03527   0.18480
   0.00000   0.00000   0.01111   0.58916   0.02216
   0.00000   0.00000   0.00910   0.40647   0.12939
   0.01822   0.00000   0.00000   0.01971   0.40687
   0.61672   0.00000   0.00000   0.00000   0.00000
   0.00000   0.00000   0.38387   0.00000   0.00000
   0.00000   0.00000   0.00000   0.00000   0.40742
   0.03431   0.00000   0.07821   0.12530   0.21359
   0.00000   0.00000   0.22259   0.21274   0.08845
   0.00000   0.30545   0.00036   0.00000   0.20853
   0.00000   0.00000   0.00000   0.64673   0.00000
   0.01091   0.25657   0.07851   0.11994   0.14591
   1.00000   1.00000   1.00000   1.00000   1.00000

   0.51099   0.22409   0.54243   1.00000   0.45043
   0.40658   0.14880   0.07383   0.20704   0.99415
   0.20329   0.14546   0.27944   0.80285   0.42319
   0.31425   0.36523   0.26401   0.88337   0.40730
   0.39143   0.20727   0.19108   0.26838   1.00000
   0.10322   1.00000   0.08964   0.09831   0.10640
   0.21844   0.11843   0.01725   0.92400   0.52206
   0.58016   0.00000   0.51330   0.21164   0.48090
   0.21464   0.19937   0.20648   0.47621   0.94595
   0.34643   0.13751   0.31267   1.00000   0.31276
   0.43589   0.12974   0.09848   0.71095   0.67625
   0.37803   0.36007   0.38462   0.72072   0.66507
   0.47161   0.54751   0.48183   0.54516   0.76922
   0.22607   0.08391   0.12999   0.91116   0.44757
   0.74815   0.16400   0.00513   0.47795   0.67207
   0.33650   0.05820   0.09454   0.43842   0.78092
   0.45537   0.19885   0.11649   0.26869   0.94571
   0.26053   0.13112   0.20690   0.83306   0.48560
   0.46005   0.01103   0.82001   0.02377   0.84670
   0.30531   0.17605   0.42246   0.37060   0.85188
   0.11222   0.45802   0.28617   0.30062   0.61073
   0.18378   0.11151   0.24931   0.96625   0.35515
   0.20218   0.13717   0.21605   0.80564   0.54457
   0.38791   0.16415   0.20191   0.39946   0.89528
   1.00000   0.19773   0.29273   0.13133   0.38328
   0.55530   0.21078   1.00000   0.20859   0.38700
   0.53818   0.31484   0.52395   0.45190   1.00000
   0.33318   0.03929   0.32130   0.40589   0.55191
   0.26647   0.06695   0.59381   0.49187   0.35676
   0.12794   0.54335   0.28397   0.20255   0.65949
   0.20835   0.12504   0.26968   0.98351   0.26689
   0.20292   0.40390   0.28478   0.31296   0.40273
   1.00000   1.00000   1.00000   1.00000   1.00000
