
       0      -0.011
    0    0    0    0    0
    0    0    0    0    0
    0    0    0    0    0
    0    0    0    0    0


   0.00000E+00   0.00000E+00   0.00000E+00   0.11159E+02   0.00000E+00
   0.00000E+00   0.00000E+00   0.00000E+00   0.00000E+00   0.37813E-01
   0.00000E+00   0.45359E-02   0.12130E-01   0.86541E-01   0.20716E-01
   0.00000E+00   0.22177E+01   0.00000E+00   0.94402E+01   0.00000E+00
   0.00000E+00   0.00000E+00   0.00000E+00   0.00000E+00   0.47261E-02
   0.00000E+00   0.11914E+03   0.00000E+00   0.00000E+00   0.00000E+00
   0.75357E-10   0.00000E+00   0.00000E+00   0.34362E-02   0.16317E-02
   0.48799E-02   0.00000E+00   0.51061E-02   0.48734E-02   0.16576E-01
   0.00000E+00  -0.56363E-20   0.00000E+00   0.11276E-01   0.41599E-01
  -0.10254E-15  -0.87781E-17   0.00000E+00   0.92163E+01   0.00000E+00
   0.14262E-05   0.00000E+00   0.00000E+00   0.20016E-02   0.26309E-02
   0.00000E+00   0.14295E+01   0.00000E+00   0.43823E+01   0.23544E+01
   0.00000E+00   0.65993E+01   0.00000E+00   0.31330E+01   0.51831E+01
   0.00000E+00   0.00000E+00   0.00000E+00   0.19935E+00   0.42962E-01
   0.35946E-02   0.00000E+00   0.00000E+00   0.24716E-02   0.51788E-06
   0.29467E-02   0.00000E+00   0.00000E+00   0.10358E-01   0.34780E-01
   0.20351E-01   0.00000E+00   0.00000E+00   0.00000E+00   0.17560E+00
   0.33303E-03   0.36475E-03   0.37195E-03   0.20643E-01   0.58703E-02
   0.00000E+00   0.00000E+00   0.10920E-03   0.00000E+00   0.80314E-03
   0.00000E+00   0.00000E+00   0.27539E-02   0.29180E-02   0.13832E-01
   0.00000E+00   0.64991E-01   0.21658E-01   0.21897E-01   0.59659E-01
   0.00000E+00   0.00000E+00   0.18918E-01   0.31972E+00   0.25336E-01
   0.00000E+00   0.00000E+00   0.22635E-02   0.26457E-01   0.10727E-01
   0.21191E-01   0.00000E+00   0.00000E+00   0.26725E-01   0.16411E+00
   0.21782E+02   0.00000E+00  -0.63503E-15   0.00000E+00  -0.14399E-17
   0.00000E+00   0.00000E+00   0.94467E+02   0.00000E+00   0.00000E+00
   0.00000E+00   0.00000E+00   0.00000E+00   0.00000E+00   0.96950E+02
   0.22403E+01   0.00000E+00   0.35126E+01   0.59846E+01   0.93580E+01
   0.00000E+00   0.00000E+00   0.57506E+01   0.48993E+01   0.21011E+01
   0.00000E+00   0.49782E+02   0.10688E+02   0.18759E+01   0.40184E+02
   0.00000E+00   0.33570E+00   0.30754E+00   0.34603E+02  -0.45184E-15
   0.22409E+02   0.30363E+03   0.11578E+03   0.16761E+03   0.19627E+03
   0.10000E+01   0.10000E+01   0.10000E+01   0.10000E+01   0.10000E+01

   0.61101E+01   0.23324E+01   0.66838E+01   0.19627E+02   0.45873E+01
   0.18204E-01   0.44857E-02   0.14130E-02   0.67694E-02   0.57092E-01
   0.29793E-01   0.20876E-01   0.41189E-01   0.12730E+00   0.55663E-01
   0.32738E+01   0.52624E+01   0.25347E+01   0.15306E+02   0.46107E+01
   0.21583E-02   0.95050E-03   0.73500E-03   0.11665E-02   0.73000E-02
   0.12773E+02   0.14459E+03   0.83485E+01   0.57777E+01   0.74041E+01
   0.18822E-02   0.83591E-03   0.29999E-03   0.66752E-02   0.40811E-02
   0.34684E-01   0.00000E+00   0.35126E-01   0.13054E-01   0.31144E-01
   0.11174E-01   0.10558E-01   0.10060E-01   0.29513E-01   0.65773E-01
   0.36329E+01   0.12765E+01   0.31867E+01   0.14417E+02   0.25536E+01
   0.19441E-02   0.83798E-03   0.71874E-03   0.57065E-02   0.54437E-02
   0.32691E+01   0.40942E+01   0.39109E+01   0.88305E+01   0.72259E+01
   0.80765E+01   0.12957E+02   0.89912E+01   0.11379E+02   0.16108E+02
   0.53755E-01   0.19866E-01   0.25406E-01   0.28238E+00   0.11363E+00
   0.65348E-02   0.96483E-03   0.00000E+00   0.42919E-02   0.41701E-02
   0.21613E-01   0.10561E-02   0.70044E-02   0.26558E-01   0.55717E-01
   0.10750E+00   0.37556E-01   0.94733E-02   0.51398E-01   0.27115E+00
   0.83069E-02   0.43744E-02   0.80029E-02   0.30837E-01   0.15046E-01
   0.12753E-02   0.51024E-04   0.34285E-02   0.28523E-03   0.37477E-02
   0.81870E-02   0.41361E-02   0.12587E-01   0.93562E-02   0.23541E-01
   0.21198E-01   0.90029E-01   0.54100E-01   0.54669E-01   0.11261E+00
   0.60242E-01   0.42157E-01   0.93934E-01   0.44539E+00   0.11755E+00
   0.87635E-02   0.57749E-02   0.11159E-01   0.41267E-01   0.24459E-01
   0.10251E+00   0.33142E-01   0.35743E-01   0.99889E-01   0.26584E+00
   0.30217E+02   0.44325E+01   0.56656E+01   0.19781E+01   0.40545E+01
   0.87674E+02   0.25913E+02   0.19993E+03   0.21972E+02   0.31578E+02
   0.58073E+02   0.30847E+02   0.52652E+02   0.44158E+02   0.17593E+03
   0.99945E+01   0.70487E+00   0.10917E+02   0.11630E+02   0.16055E+02
   0.49178E+01   0.81265E+00   0.11263E+02   0.81760E+01   0.48395E+01
   0.11865E+02   0.66276E+02   0.31161E+02   0.20922E+02   0.74852E+02
   0.65154E+01   0.46682E+01   0.91586E+01   0.47819E+02   0.68210E+01
   0.21728E+03   0.39720E+03   0.29219E+03   0.30055E+03   0.37510E+03
   0.10000E+01   0.10000E+01   0.10000E+01   0.10000E+01   0.10000E+01

   0.00000   0.00000   0.00000   0.62774   0.00000
   0.00000   0.00000   0.00000   0.00000   0.67619
   0.00000   0.02622   0.07009   0.50097   0.11979
   0.00000   0.12418   0.00000   0.53812   0.00000
   0.00000   0.00000   0.00000   0.00000   0.67886
   0.00000   0.88920   0.00000   0.00000   0.00000
   0.00009   0.00000   0.00000   0.50812   0.18925
   0.07003   0.00000   0.07578   0.07000   0.24216
   0.00000  -0.00000   0.00000   0.14959   0.56040
  -0.00000  -0.00000   0.00000   0.68810   0.00000
   0.00016   0.00000   0.00000   0.32916   0.29341
   0.00000   0.09661   0.00000   0.29636   0.15966
   0.00000   0.22770   0.00000   0.10628   0.17704
   0.00000   0.00000   0.00000   0.60980   0.13163
   0.33106   0.00000   0.00000   0.21970   0.00005
   0.03962   0.00000   0.00000   0.13705   0.46375
   0.07085   0.00000   0.00000   0.00000   0.61327
   0.00806   0.00905   0.00920   0.49692   0.14269
   0.00000   0.00000   0.03292   0.00000   0.28404
   0.00000   0.00000   0.08701   0.09053   0.42364
   0.00000   0.28897   0.09577   0.09767   0.26580
   0.00000   0.00000   0.03821   0.65058   0.05113
   0.00000   0.00000   0.03990   0.46524   0.18950
   0.06664   0.00000   0.00000   0.08424   0.51817
   0.72943   0.00000  -0.00000   0.00000  -0.00000
   0.00000   0.00000   0.47913   0.00000   0.00000
   0.00000   0.00000   0.00000   0.00000   0.61767
   0.06669   0.00000   0.10465   0.17726   0.27885
   0.00000   0.00000   0.29031   0.24719   0.10633
   0.00000   0.35699   0.07646   0.01346   0.28763
   0.00000   0.00683   0.00627   0.72269  -0.00000
   0.02070   0.28048   0.10693   0.15494   0.18112
   1.00000   1.00000   1.00000   1.00000   1.00000

   0.32159   0.12656   0.34603   0.99717   0.24778
   0.31876   0.07882   0.02496   0.11865   1.00000
   0.17224   0.12078   0.23810   0.73513   0.32154
   0.17932   0.28376   0.13877   0.80966   0.25309
   0.30336   0.13417   0.10435   0.16471   1.00000
   0.09014   0.99821   0.05863   0.04103   0.05235
   0.20702   0.09492   0.02925   0.75608   0.42563
   0.50713   0.00000   0.50405   0.19285   0.45226
   0.14957   0.13807   0.13479   0.38455   0.85041
   0.25741   0.09085   0.22647   0.98961   0.18118
   0.23070   0.09273   0.07934   0.65449   0.65274
   0.21770   0.26858   0.25882   0.57979   0.47319
   0.27041   0.42580   0.29442   0.38143   0.53352
   0.16379   0.06085   0.07780   0.85770   0.34629
   0.62905   0.08533   0.00000   0.37962   0.37311
   0.28838   0.01431   0.09337   0.34925   0.74917
   0.37015   0.12932   0.03338   0.17691   0.92915
   0.20184   0.10645   0.19276   0.74611   0.36737
   0.38688   0.01954   0.71596   0.10924   0.95571
   0.24924   0.12655   0.38499   0.28491   0.71854
   0.09443   0.39995   0.24051   0.24254   0.49796
   0.12246   0.08541   0.19080   0.89874   0.23702
   0.15461   0.10188   0.19712   0.72350   0.43112
   0.31986   0.10411   0.11191   0.31119   0.82648
   1.00000   0.14783   0.18893   0.06604   0.13536
   0.44361   0.13118   1.00000   0.11131   0.15998
   0.34973   0.19076   0.31635   0.26896   1.00000
   0.29782   0.02098   0.32167   0.34566   0.47832
   0.24804   0.04105   0.56952   0.41345   0.24477
   0.08506   0.47455   0.22430   0.14957   0.53546
   0.13593   0.09613   0.18998   0.97544   0.14007
   0.20055   0.36713   0.26943   0.27728   0.34658
   1.00000   1.00000   1.00000   1.00000   1.00000
