
       0      -0.011
    0    0    0    0    0
    0    0    0    0    0
    0    0    0    0    0
    0    0    0    0    0


   0.00000E+00   0.00000E+00  -0.23474E-15   0.85853E+01   0.00000E+00
   0.00000E+00   0.00000E+00   0.00000E+00   0.00000E+00   0.33019E-01
   0.00000E+00   0.28761E-02   0.98442E-02   0.79666E-01   0.17924E-01
   0.00000E+00   0.12695E+01  -0.85920E-25   0.77746E+01   0.00000E+00
   0.00000E+00   0.00000E+00   0.00000E+00   0.00000E+00   0.39950E-02
   0.00000E+00   0.11238E+03   0.00000E+00   0.00000E+00   0.00000E+00
   0.00000E+00  -0.15096E-18  -0.13322E-18   0.34362E-02   0.96630E-03
   0.45198E-03   0.00000E+00   0.45256E-02   0.42144E-02   0.63421E-02
  -0.53239E-18  -0.56363E-20  -0.11934E-18   0.69212E-02   0.36275E-01
  -0.10254E-15  -0.87781E-17  -0.67214E-16   0.81322E+01   0.00000E+00
   0.14262E-05   0.00000E+00  -0.38277E-22   0.20016E-02   0.21952E-02
   0.00000E+00   0.50053E+00   0.00000E+00   0.31196E+01   0.10540E+01
   0.00000E+00   0.41048E+01   0.00000E+00   0.26734E+00   0.22383E+01
   0.00000E+00   0.00000E+00   0.00000E+00   0.18496E+00   0.33550E-01
   0.35946E-02   0.00000E+00   0.00000E+00   0.76606E-03   0.51788E-06
   0.23576E-02   0.00000E+00   0.00000E+00   0.72714E-02   0.30091E-01
   0.19897E-01   0.00000E+00   0.00000E+00   0.00000E+00   0.14899E+00
   0.24736E-03   0.99812E-04   0.21228E-03   0.19345E-01   0.43617E-02
   0.00000E+00   0.00000E+00   0.10920E-03  -0.29943E-26   0.20191E-03
   0.00000E+00   0.00000E+00   0.27539E-02   0.10936E-02   0.11857E-01
  -0.29017E-17   0.60279E-01   0.14615E-01   0.13802E-01   0.46656E-01
   0.00000E+00   0.00000E+00   0.92364E-02   0.29823E+00   0.16808E-01
   0.00000E+00   0.00000E+00   0.72537E-03   0.24399E-01   0.84605E-02
   0.20457E-01   0.00000E+00  -0.42943E-18   0.13202E-01   0.13867E+00
   0.20275E+02   0.00000E+00  -0.63503E-15   0.00000E+00  -0.14399E-17
   0.00000E+00  -0.41757E-15   0.83087E+02   0.00000E+00  -0.21061E-14
  -0.93176E-14   0.00000E+00   0.00000E+00   0.00000E+00   0.74199E+02
   0.20850E+01   0.00000E+00   0.29768E+01   0.49036E+01   0.78237E+01
   0.00000E+00  -0.15927E-15   0.47936E+01   0.44730E+01   0.19045E+01
  -0.16233E-14   0.45911E+02   0.35164E+01   0.00000E+00   0.31785E+02
   0.00000E+00   0.81900E-01   0.00000E+00   0.32212E+02  -0.59924E-15
   0.15089E+02   0.28850E+03   0.97502E+02   0.14479E+03   0.16907E+03
   0.10000E+01   0.10000E+01   0.10000E+01   0.10000E+01   0.10000E+01

   0.91411E+01   0.35533E+01   0.10017E+02   0.21876E+02   0.73502E+01
   0.21474E-01   0.73444E-02   0.26989E-02   0.10297E-01   0.59519E-01
   0.33170E-01   0.23602E-01   0.46070E-01   0.13576E+00   0.67044E-01
   0.49509E+01   0.63380E+01   0.40599E+01   0.17151E+02   0.63636E+01
   0.25825E-02   0.13118E-02   0.10524E-02   0.16779E-02   0.75418E-02
   0.14598E+02   0.15344E+03   0.10256E+02   0.10650E+02   0.12258E+02
   0.21351E-02   0.11334E-02   0.44878E-03   0.70415E-02   0.47171E-02
   0.36222E-01   0.00000E+00   0.35931E-01   0.14190E-01   0.32852E-01
   0.14089E-01   0.13661E-01   0.13729E-01   0.34517E-01   0.69643E-01
   0.45945E+01   0.16886E+01   0.40807E+01   0.15702E+02   0.37947E+01
   0.20713E-02   0.10397E-02   0.10629E-02   0.60728E-02   0.59673E-02
   0.49838E+01   0.51141E+01   0.52200E+01   0.10490E+02   0.91976E+01
   0.12471E+02   0.15843E+02   0.13274E+02   0.14904E+02   0.21217E+02
   0.67669E-01   0.24541E-01   0.37328E-01   0.29777E+00   0.13589E+00
   0.84963E-02   0.10283E-02   0.38586E-04   0.50574E-02   0.50700E-02
   0.23820E-01   0.32605E-02   0.70044E-02   0.31151E-01   0.59072E-01
   0.12445E+00   0.51769E-01   0.25074E-01   0.70291E-01   0.28435E+00
   0.98867E-02   0.49843E-02   0.81149E-02   0.33395E-01   0.18350E-01
   0.22090E-02   0.51024E-04   0.40570E-02   0.35343E-03   0.37477E-02
   0.94258E-02   0.51694E-02   0.14343E-01   0.11069E-01   0.28112E-01
   0.23518E-01   0.98706E-01   0.61131E-01   0.63408E-01   0.12855E+00
   0.83412E-01   0.49501E-01   0.11369E+00   0.47046E+00   0.15464E+00
   0.10449E-01   0.70738E-02   0.12314E-01   0.44555E-01   0.28870E-01
   0.11667E+00   0.46441E-01   0.54539E-01   0.11953E+00   0.28335E+00
   0.30732E+02   0.53946E+01   0.75368E+01   0.30119E+01   0.73089E+01
   0.10210E+03   0.36502E+02   0.20253E+03   0.32552E+02   0.58308E+02
   0.84683E+02   0.46031E+02   0.82110E+02   0.68133E+02   0.19422E+03
   0.10591E+02   0.10706E+01   0.11122E+02   0.13066E+02   0.17506E+02
   0.49516E+01   0.91230E+00   0.11594E+02   0.91504E+01   0.60951E+01
   0.15977E+02   0.72686E+02   0.36949E+02   0.26024E+02   0.86136E+02
   0.93030E+01   0.54734E+01   0.11812E+02   0.48532E+02   0.10696E+02
   0.22567E+03   0.42450E+03   0.30390E+03   0.32403E+03   0.41923E+03
   0.10000E+01   0.10000E+01   0.10000E+01   0.10000E+01   0.10000E+01

   0.00000   0.00000   0.00000   0.49797   0.00000
   0.01498   0.00000   0.00000   0.00000   0.59602
   0.00000   0.01662   0.05670   0.46211   0.10356
   0.00000   0.07194  -0.00000   0.46070   0.00000
   0.00000   0.00000   0.00000   0.00000   0.58096
   0.00000   0.88783   0.00000   0.00000   0.00000
   0.00000  -0.00000  -0.00000   0.46239   0.12511
   0.00648   0.00000   0.06691   0.06399   0.09236
   0.00000   0.00000   0.00000   0.09232   0.49025
   0.00000   0.00000  -0.00000   0.63904   0.00000
   0.00035   0.00000  -0.00000   0.32568   0.24349
   0.00000   0.03404   0.00000   0.21263   0.07261
   0.00000   0.14365   0.00000   0.00904   0.07694
   0.00000   0.00000   0.00000   0.56527   0.10287
   0.35879   0.00000   0.00000   0.06922   0.00005
   0.04007   0.00000   0.00000   0.09636   0.40488
   0.06668   0.00000   0.00000   0.00000   0.51787
   0.00601   0.00243   0.00979   0.46491   0.10598
   0.00000   0.00000   0.05408   0.00000   0.05185
   0.00000   0.00000   0.08971   0.03273   0.36410
   0.00000   0.26738   0.06459   0.06138   0.20764
   0.00000   0.00000   0.01858   0.60791   0.03384
   0.00000   0.00000   0.01281   0.43183   0.14922
   0.06459   0.00000  -0.00000   0.04177   0.43850
   0.68019   0.00000   0.00000   0.00000  -0.00000
   0.00000  -0.00000   0.42198   0.00000   0.00000
   0.00000   0.00000   0.00000   0.00000   0.47547
   0.06206   0.00000   0.08854   0.14532   0.23346
   0.00000   0.00000   0.24184   0.22601   0.09640
   0.00000   0.32933   0.02550   0.00000   0.22703
   0.00000   0.00166   0.00000   0.67224   0.00000
   0.01395   0.26670   0.09006   0.13398   0.15633
   1.00000   1.00000   1.00000   1.00000   1.00000

   0.45033   0.18868   0.48106   1.00000   0.38279
   0.37742   0.12886   0.04871   0.17946   0.98035
   0.19173   0.13665   0.26608   0.78202   0.38716
   0.26779   0.33501   0.21972   0.86248   0.34677
   0.36368   0.18487   0.14872   0.23560   1.00000
   0.09993   1.00000   0.07195   0.07520   0.08590
   0.22077   0.11965   0.05545   0.85890   0.53671
   0.53777   0.00000   0.51515   0.20631   0.48296
   0.18855   0.17841   0.18276   0.44710   0.90700
   0.31936   0.11879   0.28485   1.00000   0.26462
   0.23847   0.11475   0.11666   0.66461   0.65127
   0.32808   0.32795   0.34041   0.67568   0.59027
   0.40440   0.50496   0.41861   0.49088   0.68140
   0.20574   0.07520   0.11418   0.89447   0.40970
   0.69659   0.09090   0.00444   0.44346   0.45812
   0.31874   0.04423   0.08643   0.40854   0.76564
   0.42845   0.17721   0.08723   0.23988   0.93332
   0.24056   0.12136   0.19740   0.81099   0.44487
   0.56722   0.01103   0.81142   0.09637   0.93915
   0.28681   0.15730   0.42213   0.33695   0.84121
   0.10103   0.43886   0.27122   0.28115   0.56818
   0.16945   0.10026   0.23084   0.94634   0.31163
   0.18425   0.12491   0.21745   0.78001   0.51002
   0.36433   0.14521   0.16897   0.37085   0.87281
   1.00000   0.17975   0.25108   0.10044   0.24397
   0.51608   0.18468   1.00000   0.16481   0.29527
   0.48018   0.27519   0.46007   0.39366   1.00000
   0.31464   0.03186   0.32734   0.38551   0.52073
   0.25016   0.04608   0.58604   0.46301   0.30819
   0.11411   0.52038   0.26483   0.18568   0.61493
   0.19382   0.11280   0.24310   0.97221   0.21975
   0.20187   0.39241   0.27964   0.29853   0.38768
   1.00000   1.00000   1.00000   1.00000   1.00000
