
       0      -0.011
    0    0    0    0    0
    0    0    0    0    0
    0    0    0    0    0
    0    0    0    0    0


   0.00000E+00   0.00000E+00  -0.23474E-15   0.99694E+01   0.00000E+00
   0.00000E+00   0.00000E+00   0.00000E+00   0.00000E+00   0.35466E-01
   0.00000E+00   0.38274E-02   0.12130E-01   0.83216E-01   0.19448E-01
   0.00000E+00   0.18044E+01   0.00000E+00   0.86819E+01   0.00000E+00
   0.00000E+00   0.00000E+00   0.00000E+00   0.00000E+00   0.43622E-02
   0.00000E+00   0.11601E+03   0.00000E+00   0.00000E+00   0.00000E+00
   0.75357E-10   0.00000E+00  -0.67331E-21   0.34362E-02   0.14448E-02
   0.36062E-02   0.00000E+00   0.45915E-02   0.42144E-02   0.11545E-01
  -0.53239E-18  -0.56363E-20  -0.11934E-18   0.95212E-02   0.38974E-01
  -0.10254E-15  -0.87781E-17   0.00000E+00   0.87231E+01   0.00000E+00
   0.14262E-05   0.00000E+00  -0.38277E-22   0.20016E-02   0.24241E-02
   0.00000E+00   0.10166E+01   0.00000E+00   0.38320E+01   0.17737E+01
   0.00000E+00   0.54750E+01   0.00000E+00   0.18877E+01   0.37747E+01
   0.00000E+00   0.00000E+00   0.00000E+00   0.19256E+00   0.38277E-01
   0.35946E-02   0.00000E+00   0.00000E+00   0.22797E-02   0.51788E-06
   0.23576E-02   0.00000E+00   0.00000E+00   0.89801E-02   0.32500E-01
   0.19897E-01   0.00000E+00   0.00000E+00   0.00000E+00   0.16246E+00
   0.28420E-03   0.15319E-03   0.21228E-03   0.20098E-01   0.51240E-02
   0.00000E+00   0.00000E+00   0.10920E-03  -0.29943E-26   0.80314E-03
   0.00000E+00   0.00000E+00   0.27539E-02   0.24876E-02   0.12858E-01
  -0.29017E-17   0.62939E-01   0.18313E-01   0.18593E-01   0.53410E-01
   0.00000E+00   0.00000E+00   0.16375E-01   0.30922E+00   0.21103E-01
   0.00000E+00   0.00000E+00   0.20969E-02   0.25802E-01   0.97023E-02
   0.20842E-01   0.00000E+00   0.00000E+00   0.20903E-01   0.15161E+00
   0.21134E+02   0.00000E+00  -0.63503E-15   0.00000E+00  -0.14399E-17
   0.00000E+00   0.00000E+00   0.89637E+02   0.00000E+00  -0.21061E-14
  -0.93176E-14   0.00000E+00   0.00000E+00   0.00000E+00   0.85898E+02
   0.21574E+01   0.00000E+00   0.31448E+01   0.55033E+01   0.86063E+01
   0.00000E+00  -0.15927E-15   0.54668E+01   0.47077E+01   0.19998E+01
  -0.16233E-14   0.48104E+02   0.80110E+01   0.33589E+00   0.35923E+02
   0.00000E+00   0.19338E+00   0.00000E+00   0.33421E+02  -0.59924E-15
   0.21637E+02   0.29695E+03   0.10988E+03   0.15790E+03   0.18198E+03
   0.10000E+01   0.10000E+01   0.10000E+01   0.10000E+01   0.10000E+01

   0.75109E+01   0.28637E+01   0.82361E+01   0.20665E+02   0.58377E+01
   0.19792E-01   0.61398E-02   0.14130E-02   0.87309E-02   0.57962E-01
   0.31910E-01   0.22034E-01   0.43483E-01   0.13133E+00   0.60973E-01
   0.40519E+01   0.57253E+01   0.32449E+01   0.16152E+02   0.53803E+01
   0.23786E-02   0.11591E-02   0.92161E-03   0.14257E-02   0.74241E-02
   0.13693E+02   0.14892E+03   0.89990E+01   0.76409E+01   0.93602E+01
   0.21351E-02   0.11312E-02   0.29999E-03   0.68377E-02   0.44743E-02
   0.36046E-01   0.00000E+00   0.35126E-01   0.14003E-01   0.32580E-01
   0.12792E-01   0.12346E-01   0.12153E-01   0.32042E-01   0.67535E-01
   0.40928E+01   0.14553E+01   0.36094E+01   0.15059E+02   0.31136E+01
   0.20713E-02   0.89085E-03   0.83391E-03   0.57465E-02   0.56292E-02
   0.40876E+01   0.45402E+01   0.45285E+01   0.95614E+01   0.80615E+01
   0.10152E+02   0.14203E+02   0.10934E+02   0.12959E+02   0.18336E+02
   0.60454E-01   0.21607E-01   0.31190E-01   0.28984E+00   0.12388E+00
   0.71980E-02   0.96483E-03   0.29815E-08   0.46101E-02   0.41755E-02
   0.22680E-01   0.22095E-02   0.70044E-02   0.28891E-01   0.57208E-01
   0.11640E+00   0.45748E-01   0.18023E-01   0.61931E-01   0.27769E+00
   0.91417E-02   0.45883E-02   0.80029E-02   0.31953E-01   0.16565E-01
   0.12753E-02   0.51024E-04   0.34285E-02   0.28523E-03   0.37477E-02
   0.88812E-02   0.44914E-02   0.13207E-01   0.10217E-01   0.24546E-01
   0.23518E-01   0.94331E-01   0.57703E-01   0.59001E-01   0.11927E+00
   0.71705E-01   0.45320E-01   0.10403E+00   0.45693E+00   0.13438E+00
   0.96585E-02   0.63558E-02   0.11920E-01   0.42765E-01   0.26343E-01
   0.11015E+00   0.40727E-01   0.44972E-01   0.11023E+00   0.27407E+00
   0.30463E+02   0.48667E+01   0.64786E+01   0.24071E+01   0.50846E+01
   0.94089E+02   0.30221E+02   0.20110E+03   0.26197E+02   0.40094E+02
   0.70468E+02   0.38684E+02   0.66756E+02   0.55514E+02   0.18434E+03
   0.10151E+02   0.85887E+00   0.10917E+02   0.12367E+02   0.16745E+02
   0.49178E+01   0.86355E+00   0.11422E+02   0.85996E+01   0.53379E+01
   0.13996E+02   0.69383E+02   0.33973E+02   0.23576E+02   0.79675E+02
   0.79014E+01   0.50050E+01   0.10388E+02   0.48532E+02   0.85659E+01
   0.22567E+03   0.40925E+03   0.29845E+03   0.31017E+03   0.39468E+03
   0.10000E+01   0.10000E+01   0.10000E+01   0.10000E+01   0.10000E+01

   0.00000   0.00000  -0.00000   0.56834   0.00000
   0.00013   0.00000   0.00000   0.00000   0.63734
   0.00000   0.02212   0.07009   0.48223   0.11242
   0.00000   0.10164   0.00000   0.50338   0.00000
   0.00000   0.00000   0.00000   0.00000   0.63069
   0.00000   0.88855   0.00000   0.00000   0.00000
   0.00000   0.00000  -0.00000   0.45605   0.16859
   0.05174   0.00000   0.06804   0.05973   0.16882
  -0.00000   0.00000  -0.00000   0.12854   0.52590
   0.00000   0.00000   0.00000   0.66500   0.00000
   0.00035   0.00000  -0.00000   0.34430   0.26869
   0.00000   0.06897   0.00000   0.26034   0.12121
   0.00000   0.19026   0.00000   0.06398   0.12934
   0.00000   0.00000   0.00000   0.58878   0.11733
   0.33610   0.00000   0.00000   0.20397   0.00005
   0.03172   0.00000   0.00000   0.11894   0.43529
   0.06941   0.00000   0.00000   0.00000   0.56612
   0.00693   0.00378   0.00524   0.48866   0.12451
   0.00000   0.00000   0.05755  -0.00000   0.22962
   0.00000   0.00000   0.10896   0.07682   0.39440
  -0.00000   0.27947   0.08091   0.08293   0.23785
   0.00000   0.00000   0.03355   0.62976   0.04252
   0.00000   0.00000   0.03671   0.45680   0.17122
   0.06564   0.00000   0.00000   0.06601   0.47900
   0.70847   0.00000   0.00000   0.00000   0.00000
   0.00000   0.00000   0.45499   0.00000  -0.00000
  -0.00000   0.00000   0.00000   0.00000   0.54877
   0.06422   0.00000   0.09371   0.16316   0.25664
   0.00000  -0.00000   0.27600   0.23762   0.10121
  -0.00000   0.34490   0.05732   0.00241   0.25691
   0.00000   0.00392   0.00000   0.69763  -0.00000
   0.01999   0.27438   0.10148   0.14601   0.16786
   1.00000   1.00000   1.00000   1.00000   1.00000

   0.38408   0.15452   0.41194   1.00000   0.31089
   0.34735   0.10779   0.02313   0.15263   0.99693
   0.18463   0.12752   0.25124   0.75752   0.35213
   0.22080   0.30579   0.17679   0.83848   0.29445
   0.33456   0.16348   0.13056   0.20094   1.00000
   0.09522   1.00000   0.06296   0.05418   0.06603
   0.24752   0.11987   0.01575   0.78382   0.52281
   0.52945   0.00000   0.50080   0.20633   0.47380
   0.17113   0.16127   0.16236   0.41631   0.86772
   0.28758   0.10303   0.25447   0.99500   0.21934
   0.22884   0.09905   0.09223   0.66563   0.61581
   0.27104   0.29512   0.29773   0.62246   0.52327
   0.33533   0.46096   0.35243   0.43259   0.60098
   0.18394   0.06620   0.09546   0.87669   0.37576
   0.62905   0.08259   0.00000   0.40639   0.38341
   0.30305   0.02998   0.08717   0.37946   0.75044
   0.40050   0.15704   0.06314   0.21228   0.92280
   0.22227   0.11168   0.18523   0.77589   0.40217
   0.30499   0.01103   0.59747   0.06820   0.84670
   0.27019   0.13692   0.39708   0.31100   0.74076
   0.10475   0.41918   0.25630   0.26170   0.52755
   0.14571   0.09184   0.21124   0.92058   0.27080
   0.17033   0.11218   0.21052   0.74861   0.46458
   0.34358   0.12766   0.14015   0.34272   0.84856
   1.00000   0.16225   0.21593   0.08032   0.16974
   0.47583   0.15299   1.00000   0.13267   0.20315
   0.41350   0.23543   0.38864   0.33069   1.00000
   0.30133   0.02556   0.31988   0.36701   0.49898
   0.23015   0.04362   0.57747   0.43488   0.26981
   0.10000   0.49691   0.24393   0.16841   0.57010
   0.16472   0.10310   0.21410   0.98261   0.17583
   0.20818   0.37820   0.27492   0.28600   0.36481
   1.00000   1.00000   1.00000   1.00000   1.00000
