
       0      -0.012
    0    0    0    0    0    0
    0    0    0    0    0    0
    0    0    0    0    0    0
    0    0    0    0    0    0


   0.00000E+00   0.00000E+00   0.00000E+00   0.10234E+02   0.00000E+00   0.00000E+00
   0.00000E+00   0.00000E+00   0.66490E-02   0.00000E+00   0.19958E-01   0.00000E+00
   0.00000E+00   0.54117E-02   0.00000E+00   0.81329E-01   0.17143E-01   0.91185E-02
   0.33058E+01   0.00000E+00   0.00000E+00   0.52532E+01   0.00000E+00   0.00000E+00
   0.78833E-03   0.00000E+00   0.29582E-03   0.00000E+00   0.21803E-02   0.00000E+00
   0.00000E+00   0.12064E+03   0.00000E+00   0.00000E+00   0.00000E+00   0.00000E+00
   0.54096E-04   0.00000E+00   0.96256E-05   0.38091E-02   0.84555E-03   0.00000E+00
   0.00000E+00   0.00000E+00   0.36775E-02   0.57376E-02   0.15388E-01   0.59960E-02
   0.64200E-02   0.00000E+00   0.00000E+00   0.95547E-02   0.23904E-01   0.00000E+00
   0.00000E+00   0.00000E+00   0.00000E+00   0.88739E+01   0.00000E+00   0.00000E+00
   0.99514E-03   0.00000E+00   0.64630E-04   0.28933E-02   0.61855E-03   0.00000E+00
   0.47329E+01   0.00000E+00   0.00000E+00   0.20752E+01   0.00000E+00   0.00000E+00
   0.15290E+02   0.00000E+00   0.00000E+00   0.00000E+00   0.00000E+00   0.00000E+00
   0.15531E-01   0.00000E+00   0.00000E+00   0.16471E+00   0.21680E-01   0.00000E+00
   0.11614E-03   0.00000E+00   0.22992E-02   0.68433E-03   0.00000E+00   0.00000E+00
   0.00000E+00   0.00000E+00   0.83488E-02   0.97445E-02   0.19398E-01   0.00000E+00
   0.29514E-01   0.00000E+00   0.39502E-01   0.00000E+00   0.81303E-01   0.00000E+00
   0.44806E-02   0.00000E+00   0.43069E-03   0.17467E-01   0.29442E-02   0.00000E+00
   0.00000E+00   0.00000E+00   0.00000E+00   0.00000E+00   0.13291E-02   0.66643E-03
   0.49725E-02   0.00000E+00   0.46494E-03   0.16130E-02   0.63480E-02   0.18835E-02
   0.95217E-01   0.24243E-01   0.00000E+00   0.00000E+00   0.11177E-01   0.00000E+00
   0.28364E-02   0.00000E+00   0.00000E+00   0.29213E+00   0.17095E-01   0.29649E-02
   0.82634E-02   0.00000E+00   0.00000E+00   0.22984E-01   0.44999E-02   0.00000E+00
   0.36727E-01   0.00000E+00   0.28746E-01   0.21626E-01   0.73555E-01   0.00000E+00
   0.00000E+00   0.00000E+00   0.19207E+02   0.00000E+00   0.00000E+00   0.00000E+00
   0.00000E+00   0.00000E+00   0.00000E+00   0.00000E+00   0.00000E+00   0.80996E+02
   0.00000E+00   0.00000E+00   0.00000E+00   0.00000E+00   0.77639E+02   0.00000E+00
   0.00000E+00   0.00000E+00   0.23140E+01   0.53667E+01   0.49264E+01   0.36811E+01
   0.00000E+00   0.00000E+00   0.00000E+00   0.43875E+01   0.15183E+01   0.49549E+01
   0.76786E+02   0.18779E+02   0.00000E+00   0.00000E+00   0.50130E+01   0.00000E+00
   0.00000E+00   0.54097E+00   0.00000E+00   0.29582E+02   0.00000E+00   0.60223E+00
   0.16865E+03   0.23939E+03   0.39128E+02   0.11401E+03   0.95864E+02   0.79622E+02
   0.10000E+01   0.10000E+01   0.10000E+01   0.10000E+01   0.10000E+01   0.10000E+01

   0.59170E+01   0.22157E+01   0.63179E+01   0.20140E+02   0.37804E+01   0.66140E+01
   0.23877E-01   0.00000E+00   0.21369E-01   0.97185E-02   0.49115E-01   0.28150E-02
   0.35791E-01   0.18162E-01   0.31205E-01   0.13073E+00   0.48417E-01   0.42557E-01
   0.13418E+02   0.33467E+01   0.31766E+01   0.13356E+02   0.18709E+01   0.26945E+01
   0.40389E-02   0.10297E-03   0.18312E-02   0.98906E-03   0.57239E-02   0.39070E-03
   0.84640E+01   0.14362E+03   0.13200E+02   0.65186E+01   0.47650E+01   0.13634E+02
   0.28449E-02   0.29644E-03   0.15825E-02   0.64977E-02   0.22772E-02   0.68711E-05
   0.00000E+00   0.00000E+00   0.28144E-01   0.15174E-01   0.29823E-01   0.33669E-01
   0.35619E-01   0.31094E-02   0.69021E-02   0.29988E-01   0.56704E-01   0.60603E-02
   0.37673E+01   0.12224E+01   0.37007E+01   0.15135E+02   0.18828E+01   0.32726E+01
   0.31174E-02   0.14904E-03   0.16902E-02   0.52740E-02   0.35021E-02   0.36047E-03
   0.11707E+02   0.23963E+01   0.35064E+01   0.77619E+01   0.35290E+01   0.41532E+01
   0.33258E+02   0.88517E+01   0.87250E+01   0.94240E+01   0.79071E+01   0.89654E+01
   0.11029E+00   0.21346E-02   0.54758E-01   0.27259E+00   0.60640E-01   0.91798E-02
   0.53699E-02   0.66545E-04   0.79507E-02   0.56064E-02   0.13212E-02   0.92877E-08
   0.22781E-01   0.00000E+00   0.23577E-01   0.28562E-01   0.47920E-01   0.52854E-02
   0.15087E+00   0.36956E-02   0.10042E+00   0.40725E-01   0.21830E+00   0.33026E-02
   0.17306E-01   0.19170E-02   0.84310E-02   0.28875E-01   0.87271E-02   0.44827E-02
   0.40040E-04   0.28612E-06   0.20107E-02   0.26349E-03   0.36418E-02   0.26033E-02
   0.16252E-01   0.18048E-02   0.64569E-02   0.85300E-02   0.17971E-01   0.98169E-02
   0.16590E+00   0.67142E-01   0.34320E-01   0.53016E-01   0.57541E-01   0.43564E-01
   0.12439E+00   0.35606E-01   0.84795E-01   0.44863E+00   0.82757E-01   0.99641E-01
   0.22425E-01   0.12101E-02   0.73687E-02   0.39013E-01   0.14116E-01   0.64513E-02
   0.15136E+00   0.14141E-02   0.89999E-01   0.89947E-01   0.20411E+00   0.18167E-01
   0.90824E+01   0.41381E+01   0.30319E+02   0.18459E+01   0.37036E+01   0.55975E+01
   0.72307E+02   0.23836E+02   0.86585E+02   0.20824E+02   0.29016E+02   0.19986E+03
   0.85940E+02   0.34290E+02   0.63573E+02   0.49610E+02   0.18787E+03   0.68402E+02
   0.80112E+01   0.00000E+00   0.92506E+01   0.12162E+02   0.13273E+02   0.12053E+02
   0.37661E+01   0.41518E+00   0.45870E+01   0.85465E+01   0.49243E+01   0.12159E+02
   0.11045E+03   0.49393E+02   0.18519E+02   0.18589E+02   0.34949E+02   0.19425E+02
   0.93667E+01   0.45381E+01   0.89980E+01   0.47433E+02   0.58456E+01   0.11745E+02
   0.37332E+03   0.32113E+03   0.19714E+03   0.27586E+03   0.27676E+03   0.26530E+03
   0.10000E+01   0.10000E+01   0.10000E+01   0.10000E+01   0.10000E+01   0.10000E+01

   0.00000   0.00000   0.00000   0.57011   0.00000   0.00000
   0.00000   0.00000   0.11817   0.00000   0.35881   0.00000
   0.00000   0.03108   0.00000   0.46698   0.09829   0.05230
   0.18131   0.00000   0.00000   0.28477   0.00000   0.00000
   0.11071   0.00000   0.04208   0.00000   0.31043   0.00000
   0.00000   0.88571   0.00000   0.00000   0.00000   0.00000
   0.00741   0.00000   0.00114   0.42969   0.09871   0.00000
   0.00000   0.00000   0.05197   0.08012   0.21844   0.08769
   0.08232   0.00000   0.00000   0.12715   0.32066   0.00000
   0.00000   0.00000   0.00000   0.64081   0.00000   0.00000
   0.11164   0.00000   0.00745   0.31889   0.09807   0.00000
   0.31485   0.00000   0.00000   0.13617   0.00000   0.00000
   0.50215   0.00000   0.00000   0.00000   0.00000   0.00000
   0.04766   0.00000   0.00000   0.49847   0.06638   0.00000
   0.00838   0.00000   0.32197   0.06124   0.00000   0.00000
   0.00000   0.00000   0.11208   0.13209   0.26223   0.00000
   0.10012   0.00000   0.13520   0.00000   0.28201   0.00000
   0.10932   0.00000   0.01057   0.42403   0.07193   0.00000
   0.00000   0.00000   0.00000   0.00000   0.31256   0.15672
   0.15127   0.00000   0.01459   0.04968   0.19583   0.05820
   0.43775   0.11120   0.00000   0.00000   0.05143   0.00000
   0.00571   0.00000   0.00000   0.59061   0.03447   0.00599
   0.14649   0.00000   0.00000   0.40848   0.07993   0.00000
   0.11291   0.00000   0.08903   0.06839   0.23132   0.00000
   0.00000   0.00000   0.64216   0.00000   0.00000   0.00000
   0.00000   0.00000   0.00000   0.00000   0.00000   0.41049
   0.00000   0.00000   0.00000   0.00000   0.46391   0.00000
   0.00000   0.00000   0.06879   0.15953   0.14643   0.10960
   0.00000   0.00000   0.00000   0.22089   0.07644   0.24955
   0.55759   0.13920   0.00000   0.00000   0.03625   0.00000
   0.00000   0.01107   0.00000   0.62083   0.00000   0.01233
   0.15711   0.22283   0.03648   0.10622   0.08946   0.07421
   1.00000   1.00000   1.00000   1.00000   1.00000   1.00000

   0.31587   0.11811   0.32670   0.99888   0.20014   0.33869
   0.41980   0.00000   0.38475   0.17225   0.85542   0.05085
   0.20534   0.10396   0.17864   0.74987   0.27671   0.24380
   0.70485   0.18102   0.17092   0.70817   0.10020   0.14482
   0.56391   0.01481   0.26053   0.14052   0.79987   0.05558
   0.05917   0.98641   0.09133   0.04563   0.03330   0.09526
   0.34685   0.03296   0.18314   0.77356   0.26109   0.00084
   0.00000   0.00000   0.40970   0.22186   0.43750   0.47018
   0.46189   0.04154   0.09224   0.38930   0.72709   0.08141
   0.25888   0.08438   0.25419   0.99662   0.12998   0.22482
   0.38586   0.01647   0.18616   0.58100   0.38114   0.03985
   0.74538   0.15519   0.22797   0.49982   0.23020   0.26869
   1.00000   0.28169   0.27641   0.29847   0.25381   0.28176
   0.33355   0.00657   0.16663   0.81877   0.18459   0.02803
   0.48153   0.00597   0.64916   0.58195   0.11876   0.00000
   0.30326   0.00000   0.32060   0.38215   0.63665   0.07017
   0.51443   0.01296   0.34809   0.13953   0.73793   0.01148
   0.42013   0.04685   0.20530   0.70320   0.21231   0.10954
   0.00942   0.00007   0.47285   0.06129   0.83926   0.56325
   0.49804   0.05569   0.19862   0.26165   0.54673   0.30166
   0.76030   0.30861   0.15766   0.24385   0.26393   0.20041
   0.25169   0.07178   0.17132   0.90393   0.16633   0.20141
   0.39617   0.02159   0.13076   0.69162   0.24941   0.11472
   0.46932   0.00451   0.28216   0.28035   0.62522   0.05627
   0.30318   0.13807   1.00000   0.06162   0.12369   0.18671
   0.36629   0.12068   0.43821   0.10547   0.14698   1.00000
   0.49107   0.19877   0.36212   0.28362   1.00000   0.38613
   0.23651   0.00000   0.27472   0.36059   0.39263   0.35831
   0.18988   0.02094   0.23075   0.43013   0.24816   0.61284
   0.78721   0.35326   0.13379   0.13651   0.25002   0.14110
   0.19697   0.09437   0.18853   0.97100   0.12187   0.24525
   0.34805   0.29933   0.18380   0.25723   0.25756   0.24730
   1.00000   1.00000   1.00000   1.00000   1.00000   1.00000
