
       0      -0.012
    0    0    0    0    0    0
    0    0    0    0    0    0
    0    0    0    0    0    0
    0    0    0    0    0    0


   0.00000E+00   0.00000E+00   0.00000E+00   0.77041E+01   0.00000E+00   0.00000E+00
  -0.84494E-19   0.00000E+00   0.40287E-02   0.00000E+00   0.14025E-01   0.00000E+00
  -0.58829E-18   0.39178E-02  -0.12200E-18   0.77198E-01   0.13034E-01   0.40170E-02
   0.67300E+00   0.00000E+00   0.00000E+00   0.23764E+01   0.00000E+00   0.00000E+00
   0.17168E-03   0.00000E+00   0.17357E-03   0.00000E+00   0.15153E-02   0.00000E+00
   0.00000E+00   0.11394E+03   0.00000E+00   0.00000E+00   0.00000E+00   0.00000E+00
   0.54096E-04  -0.22039E-26   0.00000E+00   0.32872E-02   0.51310E-03   0.00000E+00
   0.00000E+00   0.00000E+00   0.12484E-02   0.50198E-02   0.11676E-01   0.36537E-02
   0.17594E-02   0.00000E+00   0.00000E+00   0.93997E-02   0.18073E-01   0.00000E+00
   0.00000E+00   0.00000E+00   0.00000E+00   0.76200E+01   0.00000E+00  -0.50137E-15
   0.71918E-03   0.00000E+00   0.64630E-04   0.25101E-02   0.61855E-03   0.00000E+00
   0.27784E+01   0.00000E+00   0.00000E+00   0.32824E+00   0.00000E+00  -0.14746E-15
   0.10059E+02   0.00000E+00   0.00000E+00   0.00000E+00   0.00000E+00   0.00000E+00
   0.83535E-02   0.00000E+00   0.00000E+00   0.14285E+00   0.15157E-01   0.00000E+00
   0.11614E-03   0.00000E+00   0.19253E-02   0.00000E+00   0.00000E+00   0.00000E+00
  -0.78607E-18   0.00000E+00   0.59829E-02   0.97204E-02   0.13275E-01   0.00000E+00
   0.48622E-02   0.00000E+00   0.32150E-01   0.00000E+00   0.54849E-01   0.00000E+00
   0.33895E-02   0.00000E+00   0.30868E-04   0.15829E-01   0.20237E-02  -0.44545E-18
   0.00000E+00   0.00000E+00   0.00000E+00   0.00000E+00   0.12471E-02   0.33106E-03
   0.35619E-02   0.00000E+00   0.55288E-04   0.82865E-03   0.43714E-02   0.18474E-02
   0.76344E-01   0.23498E-01   0.00000E+00   0.00000E+00   0.60732E-02   0.00000E+00
   0.00000E+00  -0.24254E-19   0.00000E+00   0.26764E+00   0.13318E-01   0.00000E+00
   0.70826E-02   0.00000E+00  -0.23496E-18   0.20990E-01   0.31168E-02  -0.25741E-18
   0.11987E-01   0.00000E+00   0.26826E-01   0.21626E-01   0.49579E-01  -0.97944E-18
   0.00000E+00   0.00000E+00   0.16434E+02   0.00000E+00   0.00000E+00   0.00000E+00
  -0.30704E-16  -0.11806E-16  -0.14415E-15   0.00000E+00  -0.68337E-15   0.63568E+02
   0.00000E+00   0.00000E+00   0.00000E+00   0.00000E+00   0.54515E+02   0.00000E+00
   0.00000E+00   0.00000E+00   0.20481E+01   0.51083E+01   0.32048E+01   0.32081E+01
   0.00000E+00   0.00000E+00   0.00000E+00   0.39523E+01   0.10760E+01   0.39766E+01
   0.59982E+02   0.14499E+02   0.00000E+00   0.00000E+00   0.25854E+01  -0.16707E-15
   0.00000E+00   0.00000E+00   0.00000E+00   0.27746E+02   0.00000E+00   0.00000E+00
   0.14055E+03   0.23838E+03   0.31160E+02   0.10460E+03   0.67396E+02   0.66363E+02
   0.10000E+01   0.10000E+01   0.10000E+01   0.10000E+01   0.10000E+01   0.10000E+01

   0.91158E+01   0.34659E+01   0.95766E+01   0.22426E+02   0.64215E+01   0.10232E+02
   0.31583E-01   0.24735E-03   0.23427E-01   0.12256E-01   0.55420E-01   0.48716E-02
   0.51795E-01   0.21334E-01   0.37397E-01   0.14088E+00   0.61956E-01   0.48802E-01
   0.16877E+02   0.48188E+01   0.49844E+01   0.15507E+02   0.32262E+01   0.45387E+01
   0.49427E-02   0.34457E-03   0.20310E-02   0.13513E-02   0.68358E-02   0.56057E-03
   0.23166E+02   0.15427E+03   0.14957E+02   0.13331E+02   0.81872E+01   0.17186E+02
   0.38477E-02   0.44484E-03   0.18513E-02   0.69364E-02   0.31421E-02   0.90823E-05
   0.00000E+00   0.00000E+00   0.33447E-01   0.20182E-01   0.33802E-01   0.35020E-01
   0.42971E-01   0.48499E-02   0.84245E-02   0.35409E-01   0.65287E-01   0.87238E-02
   0.57402E+01   0.16983E+01   0.47194E+01   0.16291E+02   0.30226E+01   0.41903E+01
   0.37690E-02   0.63045E-03   0.20188E-02   0.64357E-02   0.44776E-02   0.53480E-03
   0.14391E+02   0.36847E+01   0.55480E+01   0.96799E+01   0.56229E+01   0.57761E+01
   0.36396E+02   0.12445E+02   0.14020E+02   0.13512E+02   0.12114E+02   0.13998E+02
   0.15680E+00   0.89380E-02   0.68060E-01   0.28179E+00   0.88453E-01   0.21185E-01
   0.67531E-02   0.50719E-03   0.79507E-02   0.56064E-02   0.17981E-02   0.74863E-05
   0.32977E-01   0.00000E+00   0.25091E-01   0.33133E-01   0.56232E-01   0.11857E-01
   0.18434E+00   0.13908E-01   0.10886E+00   0.53513E-01   0.26254E+00   0.69139E-02
   0.18480E-01   0.28794E-02   0.96269E-02   0.31248E-01   0.12209E-01   0.57007E-02
   0.40040E-04   0.28612E-06   0.20107E-02   0.72289E-03   0.39753E-02   0.40354E-02
   0.20025E-01   0.26682E-02   0.71886E-02   0.10161E-01   0.21197E-01   0.10414E-01
   0.16991E+00   0.81927E-01   0.48042E-01   0.67799E-01   0.76115E-01   0.53905E-01
   0.18140E+00   0.42190E-01   0.10642E+00   0.47410E+00   0.12079E+00   0.12180E+00
   0.26978E-01   0.36707E-02   0.90954E-02   0.42388E-01   0.18941E-01   0.71017E-02
   0.19007E+00   0.10670E-01   0.97718E-01   0.10500E+00   0.25582E+00   0.24023E-01
   0.12623E+02   0.52032E+01   0.30767E+02   0.30735E+01   0.65494E+01   0.74872E+01
   0.10104E+03   0.34802E+02   0.10121E+03   0.33145E+02   0.44410E+02   0.20248E+03
   0.11488E+03   0.48434E+02   0.90019E+02   0.74670E+02   0.20701E+03   0.99727E+02
   0.10804E+02   0.00000E+00   0.94415E+01   0.13773E+02   0.15842E+02   0.12403E+02
   0.56629E+01   0.70186E+00   0.51396E+01   0.95507E+01   0.58090E+01   0.12556E+02
   0.11142E+03   0.59798E+02   0.28068E+02   0.29788E+02   0.47682E+02   0.26538E+02
   0.14438E+02   0.50895E+01   0.10944E+02   0.48256E+02   0.93781E+01   0.14317E+02
   0.39239E+03   0.35231E+03   0.21479E+03   0.31518E+03   0.32367E+03   0.28504E+03
   0.10000E+01   0.10000E+01   0.10000E+01   0.10000E+01   0.10000E+01   0.10000E+01

   0.00000   0.00000   0.00000   0.44276   0.00000   0.00000
   0.00000   0.00000   0.06777   0.00000   0.25113   0.00000
   0.00000   0.02230   0.00000   0.44332   0.07491   0.02326
   0.03711   0.00000   0.00000   0.12680   0.00000   0.00000
   0.02354   0.00000   0.02472   0.00000   0.21482   0.00000
   0.00000   0.83785   0.00000   0.00000   0.00000   0.00000
   0.01808   0.00000   0.00000   0.37848   0.06773   0.00000
   0.00000   0.00000   0.01782   0.07037   0.16719   0.05336
   0.02210   0.00000   0.00000   0.12383   0.24336   0.00000
   0.00000   0.00000   0.00000   0.56189   0.00000   0.00000
   0.07809   0.00000   0.02691   0.28824   0.09727   0.00000
   0.18764   0.00000   0.00000   0.02148   0.00000   0.00000
   0.33671   0.00000   0.00000   0.00000   0.00000   0.00000
   0.02562   0.00000   0.00000   0.43221   0.04639   0.00000
   0.03487   0.00000   0.19050   0.00000   0.00000   0.00000
   0.00000   0.00000   0.08127   0.13077   0.17896   0.00000
   0.01609   0.00000   0.11138   0.00000   0.18969   0.00000
   0.08274   0.00000   0.00077   0.38532   0.04944   0.00000
   0.00000   0.00000   0.00000   0.00000   0.30464   0.07688
   0.10795   0.00000   0.01441   0.02591   0.13514   0.05758
   0.34932   0.10802   0.00000   0.00000   0.02781   0.00000
   0.00000   0.00000   0.00000   0.54193   0.02686   0.00000
   0.12385   0.00000   0.00000   0.36982   0.05530   0.00000
   0.03612   0.00000   0.08049   0.06925   0.15611   0.00000
   0.00000   0.00000   0.54941   0.00000   0.00000   0.00000
   0.00000   0.00000   0.00000   0.00000   0.00000   0.32244
   0.00000   0.00000   0.00000   0.00000   0.33209   0.00000
   0.00000   0.00000   0.06088   0.15091   0.09535   0.09551
   0.00000   0.00000   0.00000   0.19998   0.05427   0.20042
   0.42301   0.10438   0.00000   0.00000   0.01867   0.00000
   0.00000   0.00000   0.00000   0.58368   0.00000   0.00000
   0.13076   0.22126   0.02918   0.09739   0.06288   0.06183
   1.00000   1.00000   1.00000   1.00000   1.00000   1.00000

   0.47200   0.18051   0.46260   1.00000   0.33056   0.48582
   0.54708   0.00447   0.42201   0.21664   0.93223   0.08652
   0.29745   0.12228   0.21429   0.80382   0.35317   0.27958
   0.85975   0.25791   0.26323   0.79117   0.17026   0.23956
   0.68338   0.04941   0.29012   0.19136   0.93710   0.07915
   0.16215   1.00000   0.10037   0.09274   0.05688   0.11757
   0.44339   0.05228   0.21302   0.79975   0.35819   0.00104
   0.00000   0.00000   0.48774   0.29032   0.49363   0.49054
   0.55537   0.06497   0.11292   0.45873   0.81935   0.11737
   0.38900   0.11617   0.31773   1.00000   0.20742   0.28249
   0.42086   0.07211   0.22286   0.69505   0.48373   0.05470
   0.89536   0.23480   0.35472   0.60664   0.36376   0.36593
   1.00000   0.38797   0.42629   0.41401   0.38212   0.41912
   0.47521   0.02751   0.20726   0.85849   0.26649   0.06411
   0.73631   0.04552   0.58446   0.42991   0.16135   0.00083
   0.43643   0.00000   0.34130   0.43922   0.73739   0.15617
   0.62472   0.04855   0.37850   0.18394   0.86879   0.02396
   0.45025   0.07044   0.23462   0.77830   0.29537   0.13899
   0.00000   0.00000   0.26979   0.16743   0.92312   0.69528
   0.61274   0.08237   0.21552   0.31199   0.64243   0.32104
   0.76969   0.37637   0.21989   0.31166   0.34747   0.24754
   0.36683   0.08508   0.21527   0.95013   0.24242   0.24623
   0.47531   0.06558   0.16116   0.75162   0.33354   0.12616
   0.58998   0.03409   0.30767   0.32657   0.76754   0.07380
   0.42121   0.17336   1.00000   0.10254   0.21862   0.24952
   0.51149   0.17608   0.51160   0.16790   0.22485   1.00000
   0.62692   0.27356   0.48714   0.40709   1.00000   0.52644
   0.31854   0.00000   0.28016   0.40398   0.46804   0.36868
   0.28595   0.03538   0.25890   0.48065   0.29301   0.63259
   0.78715   0.42711   0.20169   0.21862   0.33949   0.19258
   0.30544   0.10641   0.23004   0.96705   0.19564   0.29858
   0.36453   0.32838   0.20010   0.29388   0.30082   0.26544
   1.00000   1.00000   1.00000   1.00000   1.00000   1.00000
