
       0      -0.012
    0    0    0    0    0    0
    0    0    0    0    0    0
    0    0    0    0    0    0
    0    0    0    0    0    0


   0.00000E+00   0.00000E+00   0.00000E+00   0.60567E+01   0.00000E+00   0.00000E+00
  -0.84494E-19   0.00000E+00   0.27396E-02   0.00000E+00   0.11261E-01   0.00000E+00
  -0.58829E-18   0.19939E-02  -0.12200E-18   0.64622E-01   0.10989E-01   0.42632E-03
   0.00000E+00   0.00000E+00   0.00000E+00   0.00000E+00   0.00000E+00   0.00000E+00
   0.00000E+00   0.00000E+00   0.95917E-04   0.00000E+00   0.12155E-02   0.00000E+00
   0.00000E+00   0.97320E+02   0.00000E+00   0.00000E+00   0.00000E+00   0.00000E+00
   0.54096E-04  -0.22039E-26   0.00000E+00   0.18116E-02   0.79947E-04   0.00000E+00
   0.00000E+00   0.00000E+00   0.12130E-02   0.48327E-02   0.82081E-02   0.31320E-02
   0.00000E+00   0.00000E+00   0.00000E+00   0.88013E-02   0.15209E-01   0.00000E+00
   0.00000E+00   0.00000E+00   0.00000E+00   0.66435E+01   0.00000E+00  -0.50137E-15
   0.18581E-03   0.00000E+00   0.46618E-05   0.71254E-03   0.39818E-03   0.00000E+00
   0.12727E+01   0.00000E+00   0.00000E+00   0.00000E+00   0.00000E+00  -0.14746E-15
   0.67291E+01   0.00000E+00  -0.12875E-15   0.00000E+00   0.00000E+00   0.00000E+00
   0.55424E-02   0.00000E+00   0.00000E+00   0.10317E+00   0.12193E-01   0.00000E+00
   0.11614E-03   0.00000E+00   0.20680E-03   0.00000E+00   0.00000E+00   0.00000E+00
  -0.78607E-18   0.00000E+00   0.46548E-02   0.52327E-02   0.10854E-01   0.00000E+00
   0.00000E+00   0.00000E+00   0.26872E-01   0.00000E+00   0.42427E-01   0.00000E+00
   0.26541E-02   0.00000E+00   0.30868E-04   0.12586E-01   0.15934E-02  -0.44545E-18
   0.00000E+00   0.00000E+00   0.00000E+00   0.00000E+00   0.79516E-03   0.24549E-03
   0.12354E-02   0.00000E+00   0.55288E-04   0.59363E-03   0.35038E-02   0.13000E-02
   0.62650E-01   0.22494E-01   0.00000E+00   0.00000E+00   0.38041E-02   0.00000E+00
   0.00000E+00  -0.24254E-19   0.00000E+00   0.21562E+00   0.10844E-01   0.00000E+00
   0.36906E-02   0.00000E+00  -0.23496E-18   0.17511E-01   0.24754E-02  -0.25741E-18
   0.00000E+00   0.00000E+00   0.19426E-01   0.20260E-01   0.38476E-01  -0.97944E-18
   0.00000E+00   0.00000E+00   0.13957E+02   0.00000E+00   0.00000E+00   0.00000E+00
  -0.30704E-16  -0.11806E-16  -0.14415E-15   0.00000E+00  -0.68337E-15   0.54652E+02
   0.00000E+00   0.00000E+00   0.00000E+00   0.00000E+00   0.44108E+02   0.00000E+00
   0.00000E+00   0.00000E+00   0.18099E+01   0.35206E+01   0.24920E+01   0.30357E+01
   0.00000E+00   0.00000E+00   0.00000E+00   0.29333E+01   0.92224E+00   0.35404E+01
   0.42200E+02   0.10149E+02   0.00000E+00   0.00000E+00   0.12264E+01  -0.16707E-15
   0.00000E+00   0.00000E+00   0.00000E+00   0.23225E+02   0.00000E+00   0.00000E+00
   0.12983E+03   0.21008E+03   0.25890E+02   0.91705E+02   0.55394E+02   0.61575E+02
   0.10000E+01   0.10000E+01   0.10000E+01   0.10000E+01   0.10000E+01   0.10000E+01

   0.11278E+02   0.42356E+01   0.11222E+02   0.23716E+02   0.80033E+01   0.12069E+02
   0.36149E-01   0.57776E-03   0.24281E-01   0.13214E-01   0.57898E-01   0.88092E-02
   0.62941E-01   0.23548E-01   0.39155E-01   0.14488E+00   0.69491E-01   0.51738E-01
   0.19602E+02   0.56270E+01   0.58556E+01   0.16650E+02   0.40897E+01   0.54692E+01
   0.54817E-02   0.49995E-03   0.21150E-02   0.15168E-02   0.73156E-02   0.70569E-03
   0.45671E+02   0.15916E+03   0.15727E+02   0.16226E+02   0.10545E+02   0.18916E+02
   0.59475E-02   0.59294E-03   0.19915E-02   0.70971E-02   0.36662E-02   0.90823E-05
   0.37318E-03   0.00000E+00   0.35160E-01   0.20857E-01   0.34380E-01   0.35020E-01
   0.47191E-01   0.60544E-02   0.88802E-02   0.37609E-01   0.69954E-01   0.87238E-02
   0.73132E+01   0.19842E+01   0.51848E+01   0.16910E+02   0.37966E+01   0.46731E+01
   0.54743E-02   0.11498E-02   0.21140E-02   0.67138E-02   0.56434E-02   0.53480E-03
   0.16190E+02   0.44773E+01   0.65028E+01   0.10650E+02   0.69519E+01   0.66147E+01
   0.38158E+02   0.14600E+02   0.16597E+02   0.15745E+02   0.14784E+02   0.16399E+02
   0.19748E+00   0.11711E-01   0.72489E-01   0.29127E+00   0.10135E+00   0.22065E-01
   0.95382E-02   0.84017E-03   0.79507E-02   0.56064E-02   0.22318E-02   0.11978E-04
   0.39102E-01   0.00000E+00   0.25548E-01   0.35200E-01   0.59858E-01   0.13641E-01
   0.20403E+00   0.20893E-01   0.11255E+00   0.59499E-01   0.27743E+00   0.15449E-01
   0.20759E-01   0.30456E-02   0.10005E-01   0.32339E-01   0.14124E-01   0.59445E-02
   0.40040E-04   0.28612E-06   0.20107E-02   0.88740E-03   0.39753E-02   0.43279E-02
   0.22356E-01   0.31785E-02   0.73435E-02   0.10914E-01   0.23159E-01   0.10414E-01
   0.16991E+00   0.90277E-01   0.54224E-01   0.74522E-01   0.88224E-01   0.55365E-01
   0.23550E+00   0.44974E-01   0.11267E+00   0.48333E+00   0.14310E+00   0.13240E+00
   0.28019E-01   0.43478E-02   0.99275E-02   0.43944E-01   0.22181E-01   0.78922E-02
   0.21450E+00   0.17974E-01   0.10106E+00   0.11221E+00   0.28765E+00   0.29169E-01
   0.15427E+02   0.58263E+01   0.31025E+02   0.47721E+01   0.87323E+01   0.87459E+01
   0.12002E+03   0.40347E+02   0.10917E+03   0.47675E+02   0.54968E+02   0.20399E+03
   0.13067E+03   0.56491E+02   0.10416E+03   0.87540E+02   0.21820E+03   0.11491E+03
   0.12689E+02   0.00000E+00   0.95470E+01   0.14591E+02   0.17345E+02   0.12573E+02
   0.66678E+01   0.97984E+00   0.56144E+01   0.95507E+01   0.66084E+01   0.12737E+02
   0.11183E+03   0.65882E+02   0.33299E+02   0.34920E+02   0.55818E+02   0.27908E+02
   0.18528E+02   0.56393E+01   0.11295E+02   0.48256E+02   0.11474E+02   0.15347E+02
   0.40597E+03   0.37195E+03   0.22308E+03   0.33208E+03   0.34620E+03   0.28504E+03
   0.10000E+01   0.10000E+01   0.10000E+01   0.10000E+01   0.10000E+01   0.10000E+01

   0.00000   0.00000   0.00000   0.34871   0.00000   0.00000
   0.00000   0.00000   0.04518   0.00000   0.20080   0.00000
   0.00000   0.01136   0.00000   0.37081   0.06323   0.00247
   0.00000   0.00000   0.00000   0.00000   0.00000   0.00000
   0.00000   0.00000   0.01294   0.00000   0.17149   0.00000
   0.00000   0.68060   0.00000   0.00000   0.00000   0.00000
   0.01324   0.00000   0.00000   0.21628   0.00954   0.00000
   0.00000   0.00000   0.01732   0.06791   0.11980   0.04556
   0.00000   0.00000   0.00000   0.11555   0.20461   0.00000
   0.00000   0.00000   0.00000   0.48516   0.00000   0.00000
   0.02018   0.00000   0.00055   0.08727   0.04877   0.00000
   0.08579   0.00000   0.00000   0.00000   0.00000   0.00000
   0.22926   0.00000  -0.00000   0.00000   0.00000   0.00000
   0.01701   0.00000   0.00000   0.31220   0.03728   0.00000
   0.08101   0.00000   0.02661   0.00000   0.00000   0.00000
   0.00000   0.00000   0.06214   0.07021   0.14582   0.00000
   0.00000   0.00000   0.09126   0.00000   0.14630   0.00000
   0.06437   0.00000   0.00281   0.30613   0.03890   0.00000
   0.00000   0.00000   0.00000   0.00000   0.19562   0.05750
   0.03743   0.00000   0.00472   0.01885   0.10826   0.04089
   0.28508   0.10332   0.00000   0.00000   0.01714   0.00000
   0.00000   0.00000   0.00000   0.43589   0.02165   0.00000
   0.06518   0.00000   0.00000   0.30675   0.04387   0.00000
   0.00000   0.00000   0.05941   0.06373   0.12109   0.00000
   0.00000   0.00000   0.46660   0.00000   0.00000   0.00000
   0.00000   0.00000   0.00000   0.00000   0.00000   0.27735
   0.00000   0.00000   0.00000   0.00000   0.27041   0.00000
   0.00000   0.00000   0.05326   0.10437   0.07407   0.09033
   0.00000   0.00000   0.00000   0.14832   0.04652   0.17844
   0.30445   0.07365   0.00000   0.00000   0.00884   0.00000
   0.00000   0.00000   0.00000   0.49320   0.00000   0.00000
   0.12066   0.19409   0.02404   0.08512   0.05163   0.05736
   1.00000   1.00000   1.00000   1.00000   1.00000   1.00000

   0.57496   0.21653   0.52010   1.00000   0.39834   0.54845
   0.62064   0.01048   0.43810   0.23290   0.95482   0.15100
   0.36117   0.13504   0.22464   0.82533   0.39576   0.29662
   0.95838   0.29795   0.30552   0.82726   0.21322   0.28526
   0.75221   0.07185   0.30244   0.21503   0.98706   0.09974
   0.31940   1.00000   0.10358   0.11162   0.07281   0.12945
   0.71004   0.06908   0.22935   0.83440   0.41775   0.00001
   0.00537   0.00000   0.51320   0.30342   0.50007   0.47383
   0.60805   0.08106   0.11904   0.48615   0.86699   0.09806
   0.49335   0.13489   0.34354   1.00000   0.25923   0.31095
   0.67051   0.14084   0.23328   0.72334   0.77283   0.03582
   0.98294   0.28207   0.40981   0.65534   0.44663   0.41331
   1.00000   0.44827   0.49055   0.47174   0.46016   0.47731
   0.59756   0.03607   0.22104   0.88838   0.30525   0.06678
   0.94698   0.07547   0.61046   0.42358   0.19863   0.00154
   0.51533   0.00000   0.34762   0.46517   0.77704   0.17921
   0.68835   0.07305   0.39158   0.20490   0.90874   0.05308
   0.50489   0.07452   0.24411   0.78850   0.34102   0.14506
   0.00002   0.00000   0.30285   0.19353   0.92272   0.72577
   0.68313   0.09814   0.22582   0.33498   0.70017   0.31713
   0.74388   0.41465   0.24771   0.34227   0.40130   0.25361
   0.47608   0.09082   0.22827   0.96476   0.28710   0.26786
   0.49083   0.07774   0.17588   0.77786   0.38952   0.13934
   0.66595   0.05749   0.31875   0.34939   0.85333   0.08962
   0.51447   0.19401   1.00000   0.15925   0.29136   0.29136
   0.60706   0.20400   0.55134   0.24151   0.27821   1.00000
   0.69132   0.31408   0.54664   0.46329   1.00000   0.58132
   0.37384   0.00000   0.28298   0.42710   0.51143   0.37373
   0.33680   0.04937   0.28275   0.47123   0.33329   0.64193
   0.78649   0.47069   0.23896   0.25615   0.39567   0.20230
   0.39346   0.11811   0.23824   0.98046   0.23945   0.32070
   0.37637   0.34674   0.20766   0.30960   0.32161   0.25970
   1.00000   1.00000   1.00000   1.00000   1.00000   1.00000
