
       0      -0.012
    0    0    0    0    0    0
    0    0    0    0    0    0
    0    0    0    0    0    0
    0    0    0    0    0    0


   0.00000E+00   0.00000E+00   0.00000E+00   0.91036E+01   0.00000E+00   0.00000E+00
  -0.84494E-19   0.00000E+00   0.57762E-02   0.00000E+00   0.17153E-01   0.00000E+00
  -0.58829E-18   0.53121E-02  -0.12200E-18   0.79562E-01   0.15260E-01   0.60403E-02
   0.20518E+01   0.00000E+00   0.00000E+00   0.40809E+01   0.00000E+00   0.00000E+00
   0.48496E-03   0.00000E+00   0.26639E-03   0.00000E+00   0.18614E-02   0.00000E+00
   0.00000E+00   0.11757E+03   0.00000E+00   0.00000E+00   0.00000E+00   0.00000E+00
   0.54096E-04  -0.22039E-26   0.96256E-05   0.36567E-02   0.51310E-03   0.00000E+00
   0.00000E+00   0.00000E+00   0.16801E-02   0.53433E-02   0.13531E-01   0.42801E-02
   0.36442E-02   0.00000E+00   0.00000E+00   0.95547E-02   0.21215E-01   0.00000E+00
   0.00000E+00   0.00000E+00   0.00000E+00   0.83488E+01   0.00000E+00  -0.50137E-15
   0.94811E-03   0.00000E+00   0.64630E-04   0.28107E-02   0.61855E-03   0.00000E+00
   0.39147E+01   0.00000E+00   0.00000E+00   0.13425E+01   0.00000E+00  -0.14746E-15
   0.12823E+02   0.00000E+00   0.00000E+00   0.00000E+00   0.00000E+00   0.00000E+00
   0.11885E-01   0.00000E+00   0.00000E+00   0.15474E+00   0.18562E-01   0.00000E+00
   0.11614E-03   0.00000E+00   0.22992E-02   0.30272E-03   0.00000E+00   0.00000E+00
  -0.78607E-18   0.00000E+00   0.76228E-02   0.97445E-02   0.16306E-01   0.00000E+00
   0.16132E-01   0.00000E+00   0.37997E-01   0.00000E+00   0.68842E-01   0.00000E+00
   0.39976E-02   0.00000E+00   0.43069E-03   0.17013E-01   0.25097E-02  -0.44545E-18
   0.00000E+00   0.00000E+00   0.00000E+00   0.00000E+00   0.13291E-02   0.46360E-03
   0.42600E-02   0.00000E+00   0.55288E-04   0.13310E-02   0.53892E-02   0.18835E-02
   0.87141E-01   0.24243E-01   0.00000E+00   0.00000E+00   0.85447E-02   0.00000E+00
   0.00000E+00  -0.24254E-19   0.00000E+00   0.28002E+00   0.15507E-01   0.00000E+00
   0.78184E-02   0.00000E+00  -0.23496E-18   0.22000E-01   0.38447E-02  -0.25741E-18
   0.23897E-01   0.00000E+00   0.28746E-01   0.21626E-01   0.62190E-01  -0.97944E-18
   0.00000E+00   0.00000E+00   0.18141E+02   0.00000E+00   0.00000E+00   0.00000E+00
  -0.30704E-16  -0.11806E-16  -0.14415E-15   0.00000E+00  -0.68337E-15   0.72413E+02
   0.00000E+00   0.00000E+00   0.00000E+00   0.00000E+00   0.66539E+02   0.00000E+00
   0.00000E+00   0.00000E+00   0.22016E+01   0.53667E+01   0.40717E+01   0.34515E+01
   0.00000E+00   0.00000E+00   0.00000E+00   0.41880E+01   0.12854E+01   0.44577E+01
   0.69991E+02   0.17805E+02   0.00000E+00   0.00000E+00   0.42755E+01  -0.16707E-15
   0.00000E+00   0.46002E-01   0.00000E+00   0.28641E+02   0.00000E+00   0.00000E+00
   0.15484E+03   0.23854E+03   0.34915E+02   0.11011E+03   0.81830E+02   0.72440E+02
   0.10000E+01   0.10000E+01   0.10000E+01   0.10000E+01   0.10000E+01   0.10000E+01

   0.72804E+01   0.27658E+01   0.78260E+01   0.21201E+02   0.49354E+01   0.83642E+01
   0.26971E-01   0.00000E+00   0.22477E-01   0.11422E-01   0.52080E-01   0.32610E-02
   0.43245E-01   0.19562E-01   0.34560E-01   0.13641E+00   0.54276E-01   0.45640E-01
   0.14840E+02   0.40164E+01   0.40478E+01   0.14353E+02   0.24570E+01   0.35782E+01
   0.44081E-02   0.19614E-03   0.19382E-02   0.11662E-02   0.62522E-02   0.47893E-03
   0.12119E+02   0.14914E+03   0.14082E+02   0.96118E+01   0.61704E+01   0.15649E+02
   0.36556E-02   0.34110E-03   0.17049E-02   0.65625E-02   0.26176E-02   0.90823E-05
   0.00000E+00   0.00000E+00   0.30863E-01   0.16807E-01   0.31465E-01   0.33971E-01
   0.38839E-01   0.43699E-02   0.77885E-02   0.33210E-01   0.60957E-01   0.78164E-02
   0.45931E+01   0.14372E+01   0.41971E+01   0.15700E+02   0.23347E+01   0.37213E+01
   0.36634E-02   0.28665E-03   0.18398E-02   0.55385E-02   0.39035E-02   0.53480E-03
   0.12790E+02   0.29539E+01   0.45063E+01   0.86656E+01   0.44162E+01   0.49455E+01
   0.34679E+02   0.10473E+02   0.11336E+02   0.11343E+02   0.97973E+01   0.11444E+02
   0.12876E+00   0.58519E-02   0.61761E-01   0.27890E+00   0.72158E-01   0.14202E-01
   0.61717E-02   0.20056E-03   0.79507E-02   0.56064E-02   0.16896E-02   0.59441E-07
   0.26520E-01   0.00000E+00   0.24390E-01   0.31240E-01   0.51814E-01   0.86100E-02
   0.16470E+00   0.75144E-02   0.10489E+00   0.46814E-01   0.24087E+00   0.46172E-02
   0.17306E-01   0.22978E-02   0.90668E-02   0.30419E-01   0.10013E-01   0.50444E-02
   0.40040E-04   0.28612E-06   0.20107E-02   0.53301E-03   0.37889E-02   0.26596E-02
   0.17568E-01   0.22423E-02   0.71886E-02   0.93571E-02   0.19397E-01   0.10307E-01
   0.16962E+00   0.73862E-01   0.41575E-01   0.60696E-01   0.65742E-01   0.50240E-01
   0.14707E+00   0.38769E-01   0.96478E-01   0.46269E+00   0.98232E-01   0.11066E+00
   0.24535E-01   0.22050E-02   0.84094E-02   0.40670E-01   0.16058E-01   0.66012E-02
   0.16602E+00   0.38426E-02   0.94097E-01   0.97185E-01   0.22676E+00   0.18827E-01
   0.10551E+02   0.46424E+01   0.30526E+02   0.23305E+01   0.48031E+01   0.63975E+01
   0.84208E+02   0.28356E+02   0.93247E+02   0.25736E+02   0.35236E+02   0.20108E+03
   0.99569E+02   0.40974E+02   0.76584E+02   0.61655E+02   0.19647E+03   0.83674E+02
   0.89649E+01   0.00000E+00   0.93269E+01   0.13040E+02   0.14572E+02   0.12204E+02
   0.46189E+01   0.47218E+00   0.48328E+01   0.91392E+01   0.52529E+01   0.12353E+02
   0.11092E+03   0.54042E+02   0.23343E+02   0.24278E+02   0.40622E+02   0.23453E+02
   0.11742E+02   0.47716E+01   0.10117E+02   0.48256E+02   0.73282E+01   0.13057E+02
   0.37877E+03   0.33526E+03   0.21421E+03   0.29561E+03   0.29870E+03   0.27682E+03
   0.10000E+01   0.10000E+01   0.10000E+01   0.10000E+01   0.10000E+01   0.10000E+01

   0.00000   0.00000   0.00000   0.51411   0.00000   0.00000
  -0.00000   0.00000   0.10297   0.00000   0.30813   0.00000
  -0.00000   0.03040  -0.00000   0.45742   0.08760   0.03479
   0.11297   0.00000   0.00000   0.22033   0.00000   0.00000
   0.06736   0.00000   0.03768   0.00000   0.26482   0.00000
   0.00000   0.88560   0.00000   0.00000   0.00000   0.00000
   0.01602  -0.00000   0.00189   0.41950   0.06842   0.00000
   0.00000   0.00000   0.02394   0.07474   0.19303   0.06264
   0.04630   0.00000   0.00000   0.12969   0.28545   0.00000
   0.00000   0.00000   0.00000   0.61504   0.00000  -0.00000
   0.10373   0.00000   0.01700   0.30995   0.12084   0.00000
   0.26250   0.00000   0.00000   0.08805   0.00000  -0.00000
   0.42453   0.00000   0.00000   0.00000   0.00000   0.00000
   0.03645   0.00000   0.00000   0.46764   0.05684   0.00000
   0.03783   0.00000   0.27000   0.02708   0.00000   0.00000
  -0.00000   0.00000   0.10357   0.14025   0.22036   0.00000
   0.05405   0.00000   0.13091   0.00000   0.23863   0.00000
   0.09971   0.00000   0.01371   0.41395   0.06134  -0.00000
   0.00000   0.00000   0.00000   0.00000   0.41131   0.10902
   0.12955   0.00000   0.00173   0.04076   0.16653   0.06455
   0.40029   0.11255   0.00000   0.00000   0.03926   0.00000
   0.00000  -0.00000   0.00000   0.56662   0.03127   0.00000
   0.13888   0.00000  -0.00000   0.39109   0.06827  -0.00000
   0.07266   0.00000   0.10156   0.07135   0.19578  -0.00000
   0.00000   0.00000   0.60677   0.00000   0.00000   0.00000
  -0.00000  -0.00000  -0.00000   0.00000  -0.00000   0.36713
   0.00000   0.00000   0.00000   0.00000   0.40172   0.00000
   0.00000   0.00000   0.06544   0.15919   0.12117   0.10277
   0.00000   0.00000   0.00000   0.21138   0.06478   0.22460
   0.51105   0.13210   0.00000   0.00000   0.03086  -0.00000
   0.00000   0.00093   0.00000   0.60187   0.00000   0.00000
   0.14420   0.22172   0.03253   0.10255   0.07639   0.06751
   1.00000   1.00000   1.00000   1.00000   1.00000   1.00000

   0.38513   0.14625   0.39291   1.00000   0.25819   0.41409
   0.47218   0.00000   0.40457   0.20259   0.89222   0.05893
   0.24840   0.11204   0.19789   0.77959   0.30984   0.26144
   0.76857   0.21663   0.21617   0.74910   0.13084   0.19090
   0.61341   0.02813   0.27643   0.16524   0.86838   0.06795
   0.08478   0.99701   0.09650   0.06719   0.04304   0.10816
   0.42200   0.03951   0.19609   0.80851   0.29814   0.00121
   0.00000   0.00000   0.44961   0.23769   0.46047   0.47626
   0.50300   0.05854   0.10429   0.43085   0.77450   0.10508
   0.31387   0.09881   0.28612   1.00000   0.16082   0.25347
   0.40322   0.03187   0.20223   0.60260   0.42587   0.05887
   0.80566   0.19004   0.29131   0.55204   0.28744   0.31707
   1.00000   0.33038   0.35297   0.35452   0.31221   0.35188
   0.38990   0.01802   0.18795   0.83300   0.21759   0.04309
   0.55705   0.01800   0.61423   0.40904   0.13713   0.00000
   0.35229   0.00000   0.33175   0.41586   0.68465   0.11374
   0.56019   0.02625   0.36426   0.16089   0.80698   0.01605
   0.40094   0.05618   0.22083   0.75876   0.24337   0.12301
   0.00000   0.00000   0.14350   0.12327   0.89098   0.58869
   0.53770   0.06923   0.22082   0.28731   0.58987   0.31688
   0.77466   0.33940   0.19067   0.27909   0.30095   0.23099
   0.29775   0.07815   0.19498   0.92991   0.19731   0.22368
   0.43337   0.03936   0.14904   0.72171   0.28339   0.11719
   0.51467   0.01230   0.29569   0.30229   0.68949   0.05814
   0.35221   0.15477   1.00000   0.07778   0.16037   0.21331
   0.42634   0.14354   0.47169   0.13032   0.17846   1.00000
   0.55849   0.23481   0.42597   0.34620   1.00000   0.45864
   0.26435   0.00000   0.27695   0.38663   0.43123   0.36277
   0.23305   0.02381   0.24319   0.45985   0.26485   0.62246
   0.78729   0.38612   0.16814   0.17820   0.29012   0.17036
   0.24776   0.09946   0.21216   0.97469   0.15284   0.27237
   0.35244   0.31247   0.19965   0.27565   0.27783   0.25793
   1.00000   1.00000   1.00000   1.00000   1.00000   1.00000
