
       0      -0.009
    0    0    0    0    0
    0    0    0    0    0
    0    0    0    0    0
    0    0    0    0    0


   0.00000E+00   0.00000E+00   0.00000E+00   0.00000E+00   0.15627E+02
   0.00000E+00   0.00000E+00   0.00000E+00   0.00000E+00   0.00000E+00
   0.00000E+00   0.00000E+00   0.00000E+00   0.00000E+00   0.00000E+00
   0.00000E+00   0.00000E+00   0.00000E+00   0.00000E+00   0.00000E+00
   0.14601E+01  -0.61698E-16   0.00000E+00   0.44414E+01   0.13115E+02
   0.00000E+00   0.00000E+00   0.00000E+00   0.00000E+00   0.00000E+00
   0.18045E+03   0.00000E+00   0.00000E+00   0.00000E+00  -0.47141E-18
   0.00000E+00   0.00000E+00   0.00000E+00   0.00000E+00   0.00000E+00
   0.00000E+00   0.00000E+00   0.00000E+00   0.00000E+00   0.00000E+00
   0.00000E+00   0.00000E+00   0.00000E+00   0.22476E-01   0.00000E+00
   0.00000E+00   0.00000E+00   0.00000E+00   0.00000E+00   0.11614E+02
   0.00000E+00   0.00000E+00   0.00000E+00   0.00000E+00   0.00000E+00
   0.21222E+01   0.00000E+00   0.00000E+00   0.36466E+01   0.57347E+01
   0.95166E+01   0.00000E+00  -0.26074E-16   0.10290E+02   0.44470E+01
   0.00000E+00   0.00000E+00   0.00000E+00   0.00000E+00   0.00000E+00
   0.00000E+00  -0.36681E-19   0.00000E+00   0.00000E+00   0.00000E+00
   0.00000E+00   0.00000E+00   0.00000E+00   0.00000E+00   0.00000E+00
   0.00000E+00   0.00000E+00   0.19650E-01   0.95109E-01   0.00000E+00
   0.00000E+00   0.00000E+00   0.00000E+00   0.00000E+00   0.00000E+00
   0.00000E+00   0.00000E+00   0.00000E+00   0.00000E+00   0.00000E+00
   0.00000E+00   0.00000E+00   0.00000E+00   0.00000E+00   0.00000E+00
   0.00000E+00   0.00000E+00   0.00000E+00   0.00000E+00   0.00000E+00
   0.00000E+00   0.00000E+00   0.00000E+00   0.00000E+00   0.00000E+00
   0.00000E+00   0.00000E+00   0.00000E+00   0.00000E+00   0.00000E+00
   0.00000E+00   0.00000E+00   0.00000E+00   0.17478E+00   0.00000E+00
   0.00000E+00  -0.42987E-15   0.13533E+02   0.00000E+00   0.00000E+00
   0.00000E+00   0.10345E+03   0.00000E+00  -0.90156E-20   0.00000E+00
   0.00000E+00  -0.63013E-15   0.62555E+01   0.75071E+02   0.00000E+00
   0.00000E+00   0.00000E+00   0.00000E+00   0.00000E+00   0.00000E+00
   0.00000E+00   0.00000E+00   0.00000E+00   0.00000E+00   0.00000E+00
   0.68482E+02   0.00000E+00   0.00000E+00   0.40672E+02   0.00000E+00
   0.00000E+00   0.00000E+00   0.00000E+00   0.00000E+00   0.00000E+00
   0.43480E+03   0.16113E+03   0.14077E+02   0.20801E+03   0.19680E+03
   0.10000E+01   0.10000E+01   0.10000E+01   0.10000E+01   0.10000E+01

   0.25007E+01   0.46147E+01   0.32088E+01   0.41067E+01   0.22231E+02
   0.11356E+01   0.16866E+01   0.13546E+01   0.15295E+01   0.12844E+01
   0.11259E+01   0.16299E+01   0.12796E+01   0.13333E+01   0.13463E+01
   0.14682E+01   0.18297E+01   0.15721E+01   0.17438E+01   0.13387E+01
   0.52407E+01   0.17608E+01   0.14907E+01   0.10251E+02   0.18513E+02
   0.55701E-01   0.78647E-01   0.64209E-01   0.69351E-01   0.61303E-01
   0.20473E+03   0.10887E+02   0.66001E+01   0.19266E+02   0.10241E+02
   0.10811E+01   0.15102E+01   0.12152E+01   0.12708E+01   0.11930E+01
   0.47184E-01   0.12603E+00   0.62718E-01   0.71873E-01   0.63466E-01
   0.25845E-01   0.90767E-01   0.59867E-01   0.12093E+00   0.71962E-01
   0.13615E+01   0.23368E+01   0.14981E+01   0.19803E+01   0.15584E+02
   0.10838E+01   0.15025E+01   0.12178E+01   0.12654E+01   0.11794E+01
   0.49055E+01   0.15457E+01   0.16710E+01   0.74600E+01   0.85673E+01
   0.18057E+02   0.20672E+01   0.32491E+01   0.21086E+02   0.97586E+01
   0.11398E+01   0.16733E+01   0.13209E+01   0.14033E+01   0.14463E+01
   0.10834E+01   0.15074E+01   0.12142E+01   0.12609E+01   0.11747E+01
   0.31124E-01   0.67915E-01   0.53140E-01   0.54952E-01   0.57697E-01
   0.31202E-01   0.43394E-01   0.12383E+00   0.20514E+00   0.29048E-01
   0.10943E+01   0.15306E+01   0.12140E+01   0.12863E+01   0.12236E+01
   0.10917E+01   0.15156E+01   0.12104E+01   0.12743E+01   0.11919E+01
   0.10974E+01   0.15343E+01   0.12214E+01   0.12770E+01   0.12061E+01
   0.12169E+01   0.16033E+01   0.12976E+01   0.14372E+01   0.12953E+01
   0.12025E+01   0.19483E+01   0.13128E+01   0.14246E+01   0.18588E+01
   0.10955E+01   0.15395E+01   0.12230E+01   0.12934E+01   0.12393E+01
   0.15470E-01   0.15665E+00   0.15712E+00   0.35894E+00   0.66650E-01
   0.11164E+01   0.16071E+01   0.16267E+02   0.11744E+01   0.48721E+00
   0.22508E+02   0.16006E+03   0.35499E+02   0.14269E+02   0.14813E+02
   0.12576E+02   0.26448E+02   0.56144E+02   0.12710E+03   0.12903E+02
   0.59839E+01   0.20803E+02   0.19074E+02   0.19759E+02   0.12676E+02
   0.89510E+01   0.21399E+02   0.13184E+02   0.17217E+02   0.78273E+01
   0.11335E+03   0.25765E+02   0.17429E+02   0.94294E+02   0.25856E+02
   0.35940E+02   0.61248E+02   0.36520E+02   0.43868E+02   0.77380E+02
   0.53797E+03   0.25492E+03   0.11372E+03   0.31902E+03   0.27887E+03
   0.10000E+01   0.10000E+01   0.10000E+01   0.10000E+01   0.10000E+01

   0.00000   0.00000   0.00000   0.00000   0.72294
   0.00000   0.00000   0.00000   0.00000   0.00000
   0.00000   0.00000   0.00000   0.00000   0.00000
   0.00000   0.00000   0.00000   0.00000   0.00000
   0.05548  -0.00000   0.00000   0.17072   0.51096
   0.00000   0.00000   0.00000   0.00000   0.00000
   0.89412   0.00000   0.00000   0.00000  -0.00000
   0.00000   0.00000   0.00000   0.00000   0.00000
   0.00000   0.00000   0.00000   0.00000   0.00000
   0.00000   0.00000   0.00000   0.16356   0.00000
   0.00000   0.00000   0.00000   0.00000   0.75643
   0.00000   0.00000   0.00000   0.00000   0.00000
   0.12601   0.00000   0.00000   0.21950   0.34594
   0.26069   0.00000  -0.00000   0.28689   0.12298
   0.00000   0.00000   0.00000   0.00000   0.00000
   0.00000  -0.00000   0.00000   0.00000   0.00000
   0.00000   0.00000   0.00000   0.00000   0.00000
   0.00000   0.00000   0.09198   0.44718   0.00000
   0.00000   0.00000   0.00000   0.00000   0.00000
   0.00000   0.00000   0.00000   0.00000   0.00000
   0.00000   0.00000   0.00000   0.00000   0.00000
   0.00000   0.00000   0.00000   0.00000   0.00000
   0.00000   0.00000   0.00000   0.00000   0.00000
   0.00000   0.00000   0.00000   0.00000   0.00000
   0.00000   0.00000   0.00000   0.42582   0.00000
   0.00000  -0.00000   0.83684   0.00000   0.00000
   0.00000   0.64885   0.00000  -0.00000   0.00000
   0.00000  -0.00000   0.04648   0.56083   0.00000
   0.00000   0.00000   0.00000   0.00000   0.00000
   0.00000   0.00000   0.00000   0.00000   0.00000
   0.40637   0.00000   0.00000   0.24063   0.00000
   0.00000   0.00000   0.00000   0.00000   0.00000
   0.34801   0.12945   0.01133   0.16749   0.15791
   1.00000   1.00000   1.00000   1.00000   1.00000

   0.11106   0.20372   0.14365   0.18381   0.97623
   1.00000   1.00000   1.00000   1.00000   1.00000
   1.00000   1.00000   1.00000   1.00000   1.00000
   1.00000   0.97310   1.00000   1.00000   0.93609
   0.19961   0.06734   0.05693   0.38824   0.69594
   1.00000   1.00000   1.00000   1.00000   1.00000
   0.97852   0.05320   0.03229   0.09306   0.05005
   1.00000   1.00000   1.00000   1.00000   1.00000
   0.34358   0.87504   0.48512   0.54808   0.47682
   0.17395   0.57671   0.41599   0.79928   0.47715
   0.08615   0.14801   0.09472   0.12507   0.96646
   1.00000   1.00000   1.00000   1.00000   1.00000
   0.29062   0.09209   0.09946   0.43951   0.50506
   0.49036   0.05674   0.08904   0.57072   0.26652
   1.00000   1.00000   1.00000   1.00000   1.00000
   1.00000   1.00000   1.00000   1.00000   1.00000
   0.49943   0.95304   0.77930   0.81184   0.83500
   0.13494   0.18621   0.53303   0.90802   0.12443
   1.00000   1.00000   1.00000   1.00000   1.00000
   1.00000   1.00000   1.00000   1.00000   1.00000
   1.00000   1.00000   1.00000   1.00000   1.00000
   1.00000   1.00000   1.00000   1.00000   1.00000
   0.81925   1.00000   0.85789   0.89943   1.00000
   1.00000   1.00000   1.00000   1.00000   1.00000
   0.03674   0.36329   0.37395   0.84398   0.15620
   0.06878   0.09909   1.00000   0.07240   0.03003
   0.14104   1.00000   0.22242   0.08941   0.09285
   0.09260   0.19137   0.41209   0.92481   0.09467
   0.19025   0.64139   0.65003   0.64215   0.40375
   0.46451   0.97543   0.70087   0.85261   0.44708
   0.65200   0.14742   0.10171   0.54908   0.14823
   0.53834   0.78887   0.55405   0.60965   1.00000
   0.43328   0.20488   0.09135   0.25572   0.22426
   1.00000   1.00000   1.00000   1.00000   1.00000
