
       0      -0.009
    0    0    0    0    0
    0    0    0    0    0
    0    0    0    0    0
    0    0    0    0    0


  -0.11020E-15   0.00000E+00   0.00000E+00   0.00000E+00   0.14673E+02
   0.00000E+00   0.00000E+00   0.00000E+00   0.00000E+00   0.00000E+00
   0.00000E+00   0.00000E+00   0.00000E+00   0.00000E+00   0.00000E+00
   0.00000E+00   0.00000E+00   0.00000E+00   0.00000E+00   0.00000E+00
   0.58734E+00  -0.61698E-16   0.00000E+00   0.36146E+01   0.12297E+02
   0.00000E+00   0.00000E+00   0.00000E+00   0.00000E+00   0.00000E+00
   0.17759E+03   0.00000E+00   0.00000E+00  -0.46389E-16  -0.47141E-18
  -0.17313E-19   0.00000E+00   0.00000E+00   0.00000E+00   0.00000E+00
   0.00000E+00   0.00000E+00   0.00000E+00   0.00000E+00   0.00000E+00
   0.00000E+00   0.00000E+00  -0.75567E-18  -0.92173E-17   0.00000E+00
   0.00000E+00   0.00000E+00   0.00000E+00   0.00000E+00   0.11126E+02
   0.00000E+00   0.00000E+00   0.00000E+00   0.00000E+00   0.00000E+00
   0.13032E+01   0.00000E+00   0.00000E+00   0.30700E+01   0.53020E+01
   0.62985E+01   0.00000E+00  -0.26074E-16   0.85267E+01   0.34593E+01
   0.00000E+00   0.00000E+00   0.00000E+00   0.00000E+00   0.00000E+00
   0.00000E+00  -0.36681E-19   0.00000E+00   0.00000E+00   0.00000E+00
   0.00000E+00   0.00000E+00   0.00000E+00   0.00000E+00   0.00000E+00
   0.00000E+00   0.00000E+00   0.00000E+00   0.72799E-01   0.00000E+00
   0.00000E+00   0.00000E+00   0.00000E+00   0.00000E+00   0.00000E+00
   0.00000E+00   0.00000E+00   0.00000E+00   0.00000E+00   0.00000E+00
   0.00000E+00   0.00000E+00   0.00000E+00   0.00000E+00   0.00000E+00
   0.00000E+00   0.00000E+00   0.00000E+00   0.00000E+00   0.00000E+00
   0.00000E+00   0.00000E+00   0.00000E+00   0.00000E+00   0.00000E+00
   0.00000E+00   0.00000E+00   0.00000E+00   0.00000E+00   0.00000E+00
   0.00000E+00   0.00000E+00  -0.91134E-17   0.13304E+00  -0.83976E-18
   0.00000E+00  -0.42987E-15   0.13396E+02   0.00000E+00   0.00000E+00
   0.00000E+00   0.10099E+03   0.00000E+00  -0.61489E-16   0.00000E+00
   0.00000E+00  -0.63013E-15   0.00000E+00   0.60003E+02   0.00000E+00
   0.00000E+00   0.00000E+00   0.00000E+00   0.00000E+00   0.00000E+00
   0.00000E+00   0.00000E+00   0.00000E+00   0.00000E+00   0.00000E+00
   0.49680E+02   0.00000E+00   0.00000E+00   0.30694E+02   0.00000E+00
   0.00000E+00   0.00000E+00   0.00000E+00   0.00000E+00   0.00000E+00
   0.39745E+03   0.15631E+03   0.91945E+01   0.19140E+03   0.18813E+03
   0.10000E+01   0.10000E+01   0.10000E+01   0.10000E+01   0.10000E+01

   0.31104E+01   0.56933E+01   0.41086E+01   0.51000E+01   0.23441E+02
   0.15993E+01   0.23580E+01   0.18938E+01   0.20667E+01   0.17857E+01
   0.15894E+01   0.22729E+01   0.17962E+01   0.18703E+01   0.18473E+01
   0.19528E+01   0.25298E+01   0.21347E+01   0.23052E+01   0.18843E+01
   0.58263E+01   0.22914E+01   0.20662E+01   0.11801E+02   0.19503E+02
   0.78854E-01   0.11075E+00   0.90013E-01   0.95005E-01   0.86333E-01
   0.20954E+03   0.11790E+02   0.71126E+01   0.26398E+02   0.12366E+02
   0.15290E+01   0.21532E+01   0.17218E+01   0.17922E+01   0.16880E+01
   0.60382E-01   0.15126E+00   0.81599E-01   0.91527E-01   0.80556E-01
   0.39448E-01   0.11630E+00   0.81964E-01   0.13857E+00   0.88186E-01
   0.16017E+01   0.27157E+01   0.17420E+01   0.24340E+01   0.16283E+02
   0.15316E+01   0.21389E+01   0.17297E+01   0.17943E+01   0.16771E+01
   0.53609E+01   0.19981E+01   0.21316E+01   0.85263E+01   0.91505E+01
   0.19412E+02   0.34545E+01   0.45053E+01   0.25709E+02   0.10787E+02
   0.16035E+01   0.23447E+01   0.18377E+01   0.19405E+01   0.19695E+01
   0.15243E+01   0.21394E+01   0.17433E+01   0.17845E+01   0.16897E+01
   0.43810E-01   0.88807E-01   0.68552E-01   0.71397E-01   0.72505E-01
   0.45447E-01   0.68857E-01   0.14506E+00   0.23082E+00   0.43758E-01
   0.15387E+01   0.21660E+01   0.17265E+01   0.17955E+01   0.17209E+01
   0.15368E+01   0.21385E+01   0.17235E+01   0.18055E+01   0.16909E+01
   0.15336E+01   0.21583E+01   0.17278E+01   0.18027E+01   0.16978E+01
   0.16603E+01   0.22744E+01   0.18367E+01   0.19743E+01   0.17965E+01
   0.16670E+01   0.26205E+01   0.18755E+01   0.20094E+01   0.23609E+01
   0.15412E+01   0.21787E+01   0.17374E+01   0.18047E+01   0.17384E+01
   0.28838E-01   0.18863E+00   0.19310E+00   0.39964E+00   0.87700E-01
   0.12818E+01   0.17266E+01   0.16370E+02   0.14424E+01   0.59476E+00
   0.24371E+02   0.16074E+03   0.38608E+02   0.17980E+02   0.19713E+02
   0.18501E+02   0.36314E+02   0.70411E+02   0.13838E+03   0.17701E+02
   0.87537E+01   0.26690E+02   0.23316E+02   0.24414E+02   0.15907E+02
   0.11923E+02   0.25574E+02   0.17546E+02   0.21985E+02   0.10809E+02
   0.12142E+03   0.35627E+02   0.25877E+02   0.11893E+03   0.32605E+02
   0.49004E+02   0.83349E+02   0.50745E+02   0.61354E+02   0.93446E+02
   0.55110E+03   0.26488E+03   0.12431E+03   0.36518E+03   0.29163E+03
   0.10000E+01   0.10000E+01   0.10000E+01   0.10000E+01   0.10000E+01

  -0.00000   0.00000   0.00000   0.00000   0.68863
   0.00000   0.00000   0.00000   0.00000   0.00000
   0.00000   0.00000   0.00000   0.00000   0.00000
   0.00000   0.00000   0.00000   0.00000   0.00000
   0.02216  -0.00000   0.00000   0.13912   0.48187
   0.00000   0.00000   0.00000   0.00000   0.00000
   0.87347   0.00000   0.00000  -0.00000   0.00000
  -0.00000   0.00000   0.00000   0.00000   0.00000
   0.00000   0.00000   0.00000   0.00000   0.00000
   0.00000   0.00000  -0.00000  -0.00000   0.00000
   0.00000   0.00000   0.00000   0.00000   0.73521
   0.00000   0.00000   0.00000   0.00000   0.00000
   0.07679   0.00000   0.00000   0.18551   0.32115
   0.17070   0.00000   0.00000   0.23899   0.09473
   0.00000   0.00000   0.00000   0.00000   0.00000
   0.00000   0.00000   0.00000   0.00000   0.00000
   0.00000   0.00000   0.00000   0.00000   0.00000
   0.00000   0.00000   0.00000   0.34586   0.00000
   0.00000   0.00000   0.00000   0.00000   0.00000
   0.00000   0.00000   0.00000   0.00000   0.00000
   0.00000   0.00000   0.00000   0.00000   0.00000
   0.00000   0.00000   0.00000   0.00000   0.00000
   0.00000   0.00000   0.00000   0.00000   0.00000
   0.00000   0.00000   0.00000   0.00000   0.00000
   0.00000   0.00000  -0.00000   0.32760  -0.00000
   0.00000   0.00000   0.82915   0.00000   0.00000
   0.00000   0.63364   0.00000  -0.00000   0.00000
   0.00000   0.00000   0.00000   0.45066   0.00000
   0.00000   0.00000   0.00000   0.00000   0.00000
   0.00000   0.00000   0.00000   0.00000   0.00000
   0.29457   0.00000   0.00000   0.18178   0.00000
   0.00000   0.00000   0.00000   0.00000   0.00000
   0.31765   0.12557   0.00740   0.15421   0.15086
   1.00000   1.00000   1.00000   1.00000   1.00000

   0.13711   0.24862   0.18295   0.22654   0.99463
   1.00000   1.00000   1.00000   1.00000   1.00000
   1.00000   1.00000   1.00000   1.00000   1.00000
   1.00000   0.99786   1.00000   1.00000   0.98950
   0.22121   0.08753   0.07873   0.44270   0.72494
   1.00000   1.00000   1.00000   1.00000   1.00000
   0.98841   0.05744   0.03455   0.12554   0.06035
   1.00000   1.00000   1.00000   1.00000   1.00000
   0.42373   0.98280   0.62297   0.67076   0.59354
   0.25849   0.70575   0.55816   0.86704   0.55888
   0.10113   0.17186   0.10995   0.15332   0.98876
   1.00000   1.00000   1.00000   1.00000   1.00000
   0.31606   0.11884   0.12645   0.49780   0.53544
   0.52213   0.09438   0.12240   0.68407   0.29292
   1.00000   1.00000   1.00000   1.00000   1.00000
   1.00000   1.00000   1.00000   1.00000   1.00000
   0.65189   0.98612   0.87980   0.91199   0.93093
   0.19251   0.28678   0.60660   1.00000   0.18174
   1.00000   1.00000   1.00000   1.00000   1.00000
   1.00000   1.00000   1.00000   1.00000   1.00000
   1.00000   1.00000   1.00000   1.00000   1.00000
   1.00000   1.00000   1.00000   1.00000   1.00000
   0.93668   1.00000   0.96793   0.98114   1.00000
   1.00000   1.00000   1.00000   1.00000   1.00000
   0.06818   0.42988   0.46144   0.93015   0.20347
   0.07900   0.10638   1.00000   0.08891   0.03667
   0.15277   1.00000   0.24199   0.11268   0.12365
   0.13517   0.25945   0.51708   0.98397   0.12892
   0.27052   0.78734   0.78722   0.78004   0.48796
   0.58181   0.99160   0.83997   0.94539   0.59072
   0.69145   0.20043   0.14970   0.68613   0.18398
   0.64913   0.91879   0.67741   0.73377   1.00000
   0.44421   0.21291   0.09979   0.29183   0.23456
   1.00000   1.00000   1.00000   1.00000   1.00000
