
       0      -0.009
    0    0    0    0    0
    0    0    0    0    0
    0    0    0    0    0
    0    0    0    0    0


  -0.11020E-15   0.00000E+00  -0.61369E-16  -0.46204E-16   0.12487E+02
   0.00000E+00   0.00000E+00   0.00000E+00   0.00000E+00  -0.18713E-17
   0.00000E+00   0.00000E+00   0.00000E+00   0.00000E+00   0.00000E+00
   0.00000E+00   0.00000E+00   0.00000E+00   0.00000E+00   0.00000E+00
   0.00000E+00  -0.69518E-16   0.00000E+00   0.17591E+01   0.99560E+01
   0.00000E+00   0.00000E+00   0.00000E+00   0.00000E+00   0.00000E+00
   0.16944E+03   0.00000E+00   0.00000E+00  -0.46389E-16  -0.47141E-18
  -0.17313E-19   0.00000E+00   0.00000E+00   0.00000E+00   0.00000E+00
   0.00000E+00   0.00000E+00   0.00000E+00   0.00000E+00   0.00000E+00
   0.00000E+00   0.00000E+00  -0.75567E-18  -0.92173E-17   0.00000E+00
  -0.39678E-16   0.00000E+00  -0.34020E-16  -0.10636E-17   0.10026E+02
  -0.76518E-20   0.00000E+00   0.00000E+00   0.00000E+00   0.00000E+00
   0.91246E-01   0.00000E+00   0.00000E+00   0.18211E+01   0.40283E+01
   0.11295E+01   0.00000E+00  -0.26074E-16   0.49896E+01   0.00000E+00
   0.00000E+00   0.00000E+00   0.00000E+00   0.00000E+00   0.00000E+00
   0.00000E+00  -0.36681E-19   0.00000E+00   0.00000E+00   0.00000E+00
   0.00000E+00   0.00000E+00   0.00000E+00   0.00000E+00   0.00000E+00
   0.00000E+00   0.00000E+00   0.00000E+00   0.14332E-01   0.00000E+00
   0.00000E+00   0.00000E+00   0.00000E+00   0.00000E+00   0.00000E+00
   0.00000E+00   0.00000E+00   0.00000E+00   0.00000E+00   0.00000E+00
   0.00000E+00   0.00000E+00   0.00000E+00   0.00000E+00   0.00000E+00
   0.00000E+00   0.00000E+00   0.00000E+00   0.00000E+00   0.00000E+00
  -0.25864E-17   0.00000E+00   0.00000E+00  -0.36494E-18   0.00000E+00
   0.00000E+00   0.00000E+00   0.00000E+00   0.00000E+00   0.00000E+00
   0.00000E+00   0.00000E+00  -0.91134E-17   0.49690E-01  -0.11999E-17
   0.00000E+00  -0.42987E-15   0.12249E+02   0.00000E+00   0.00000E+00
   0.00000E+00   0.91480E+02   0.00000E+00  -0.61489E-16   0.00000E+00
   0.00000E+00  -0.63013E-15   0.00000E+00   0.33279E+02   0.00000E+00
   0.00000E+00   0.00000E+00   0.00000E+00   0.00000E+00   0.00000E+00
   0.00000E+00   0.00000E+00   0.00000E+00   0.00000E+00   0.00000E+00
   0.16354E+02   0.00000E+00   0.00000E+00   0.70087E+01  -0.24157E-14
   0.00000E+00   0.00000E+00   0.00000E+00   0.00000E+00   0.00000E+00
   0.34263E+03   0.14045E+03   0.91945E+01   0.16819E+03   0.15708E+03
   0.10000E+01   0.10000E+01   0.10000E+01   0.10000E+01   0.10000E+01

   0.47141E+01   0.86032E+01   0.63980E+01   0.73983E+01   0.25694E+02
   0.27888E+01   0.40581E+01   0.32996E+01   0.34680E+01   0.31711E+01
   0.27732E+01   0.39644E+01   0.31999E+01   0.33060E+01   0.32143E+01
   0.31643E+01   0.43204E+01   0.35305E+01   0.37479E+01   0.32990E+01
   0.73303E+01   0.35899E+01   0.34168E+01   0.15028E+02   0.21732E+02
   0.13799E+00   0.19487E+00   0.15873E+00   0.16613E+00   0.15461E+00
   0.22203E+03   0.13922E+02   0.82954E+01   0.42214E+02   0.18575E+02
   0.27080E+01   0.38320E+01   0.30978E+01   0.31885E+01   0.30622E+01
   0.94708E-01   0.20524E+00   0.12727E+00   0.14089E+00   0.12738E+00
   0.76304E-01   0.18516E+00   0.13588E+00   0.18248E+00   0.13132E+00
   0.22085E+01   0.36075E+01   0.24078E+01   0.34988E+01   0.17486E+02
   0.27143E+01   0.38121E+01   0.30818E+01   0.31850E+01   0.30524E+01
   0.64952E+01   0.30943E+01   0.32526E+01   0.11080E+02   0.10444E+02
   0.22760E+02   0.68461E+01   0.78228E+01   0.33530E+02   0.13297E+02
   0.27931E+01   0.40450E+01   0.32254E+01   0.33537E+01   0.33155E+01
   0.26980E+01   0.38180E+01   0.30825E+01   0.31830E+01   0.30523E+01
   0.77493E-01   0.13555E+00   0.10673E+00   0.11141E+00   0.11099E+00
   0.84048E-01   0.13567E+00   0.19925E+00   0.28503E+00   0.84433E-01
   0.27142E+01   0.38583E+01   0.31135E+01   0.32075E+01   0.30723E+01
   0.27028E+01   0.38436E+01   0.30868E+01   0.31953E+01   0.30449E+01
   0.27182E+01   0.38270E+01   0.31040E+01   0.32024E+01   0.30662E+01
   0.28444E+01   0.39733E+01   0.32295E+01   0.33811E+01   0.31693E+01
   0.28888E+01   0.43519E+01   0.33138E+01   0.34758E+01   0.37486E+01
   0.27204E+01   0.38459E+01   0.31018E+01   0.32224E+01   0.30945E+01
   0.77033E-01   0.26408E+00   0.27585E+00   0.47790E+00   0.14300E+00
   0.17935E+01   0.20075E+01   0.16555E+02   0.28317E+01   0.11108E+01
   0.29037E+02   0.16216E+03   0.45345E+02   0.31600E+02   0.35979E+02
   0.33356E+02   0.59724E+02   0.93621E+02   0.15624E+03   0.30837E+02
   0.16146E+02   0.40924E+02   0.32450E+02   0.35541E+02   0.24495E+02
   0.19410E+02   0.35966E+02   0.27565E+02   0.32733E+02   0.19522E+02
   0.14249E+03   0.61739E+02   0.47444E+02   0.15915E+03   0.49824E+02
   0.84220E+02   0.14090E+03   0.88511E+02   0.10607E+03   0.13509E+03
   0.57998E+03   0.30447E+03   0.15696E+03   0.42580E+03   0.31686E+03
   0.10000E+01   0.10000E+01   0.10000E+01   0.10000E+01   0.10000E+01

   0.00000   0.00000  -0.00000  -0.00000   0.60814
   0.00000   0.00000   0.00000   0.00000  -0.00000
   0.00000   0.00000   0.00000   0.00000   0.00000
   0.00000   0.00000   0.00000   0.00000   0.00000
   0.00000  -0.00000   0.00000   0.06767   0.39049
   0.00000   0.00000   0.00000   0.00000   0.00000
   0.80055   0.00000   0.00000   0.00000   0.00000
   0.00000   0.00000   0.00000   0.00000   0.00000
   0.00000   0.00000   0.00000   0.00000   0.00000
   0.00000   0.00000   0.00000   0.00000   0.00000
  -0.00000   0.00000  -0.00000  -0.00000   0.69141
  -0.00000   0.00000   0.00000   0.00000   0.00000
   0.00533   0.00000   0.00000   0.11124   0.24176
   0.03016   0.00000   0.00000   0.14185   0.00000
   0.00000   0.00000   0.00000   0.00000   0.00000
   0.00000   0.00000   0.00000   0.00000   0.00000
   0.00000   0.00000   0.00000   0.00000   0.00000
   0.00000   0.00000   0.00000   0.06907   0.00000
   0.00000   0.00000   0.00000   0.00000   0.00000
   0.00000   0.00000   0.00000   0.00000   0.00000
   0.00000   0.00000   0.00000   0.00000   0.00000
   0.00000   0.00000   0.00000   0.00000   0.00000
  -0.00000   0.00000   0.00000   0.00000   0.00000
   0.00000   0.00000   0.00000   0.00000   0.00000
   0.00000   0.00000   0.00000   0.12576  -0.00000
   0.00000   0.00000   0.75583   0.00000   0.00000
   0.00000   0.57390   0.00000  -0.00000   0.00000
   0.00000   0.00000   0.00000   0.25465   0.00000
   0.00000   0.00000   0.00000   0.00000   0.00000
   0.00000   0.00000   0.00000   0.00000   0.00000
   0.09723   0.00000   0.00000   0.04159  -0.00000
   0.00000   0.00000   0.00000   0.00000   0.00000
   0.27369   0.11264   0.00740   0.13574   0.12537
   1.00000   1.00000   1.00000   1.00000   1.00000

   0.20335   0.36205   0.27535   0.31862   1.00000
   1.00000   1.00000   1.00000   1.00000   1.00000
   1.00000   1.00000   1.00000   1.00000   1.00000
   1.00000   1.00000   1.00000   1.00000   1.00000
   0.27540   0.13684   0.12790   0.55123   0.78057
   1.00000   1.00000   1.00000   1.00000   1.00000
   1.00000   0.06725   0.04006   0.19945   0.08995
   1.00000   1.00000   1.00000   1.00000   1.00000
   0.60624   1.00000   0.85316   0.91794   0.85058
   0.46771   0.95682   0.82894   0.97987   0.73440
   0.13807   0.22707   0.15139   0.21814   1.00000
   1.00000   1.00000   1.00000   1.00000   1.00000
   0.37734   0.18348   0.18923   0.63083   0.59738
   0.59544   0.18386   0.20547   0.85557   0.35463
   1.00000   1.00000   1.00000   1.00000   1.00000
   1.00000   1.00000   1.00000   1.00000   1.00000
   0.90434   1.00000   1.00000   1.00000   1.00000
   0.33614   0.51802   0.78577   1.00000   0.32314
   1.00000   1.00000   1.00000   1.00000   1.00000
   1.00000   1.00000   1.00000   1.00000   1.00000
   1.00000   1.00000   1.00000   1.00000   1.00000
   1.00000   1.00000   1.00000   1.00000   1.00000
   0.99954   1.00000   1.00000   1.00000   1.00000
   1.00000   1.00000   1.00000   1.00000   1.00000
   0.17812   0.57058   0.65015   1.00000   0.32000
   0.11051   0.12366   1.00000   0.17449   0.06846
   0.18191   1.00000   0.28411   0.19810   0.22552
   0.23760   0.40997   0.66706   1.00000   0.21831
   0.46029   0.97721   0.93428   0.97933   0.66870
   0.80897   1.00000   0.96987   0.99794   0.88604
   0.78509   0.33436   0.26862   0.86435   0.27006
   0.84899   1.00000   0.89228   0.93412   1.00000
   0.46809   0.24495   0.12550   0.33999   0.25488
   1.00000   1.00000   1.00000   1.00000   1.00000
