
       0      -0.009
    0    0    0    0    0
    0    0    0    0    0
    0    0    0    0    0
    0    0    0    0    0


  -0.11020E-15   0.00000E+00   0.00000E+00   0.00000E+00   0.13566E+02
   0.00000E+00   0.00000E+00   0.00000E+00   0.00000E+00   0.00000E+00
   0.00000E+00   0.00000E+00   0.00000E+00   0.00000E+00   0.00000E+00
   0.00000E+00   0.00000E+00   0.00000E+00   0.00000E+00   0.00000E+00
   0.00000E+00  -0.61698E-16   0.00000E+00   0.26785E+01   0.11176E+02
   0.00000E+00   0.00000E+00   0.00000E+00   0.00000E+00   0.00000E+00
   0.17395E+03   0.00000E+00   0.00000E+00  -0.46389E-16  -0.47141E-18
  -0.17313E-19   0.00000E+00   0.00000E+00   0.00000E+00   0.00000E+00
   0.00000E+00   0.00000E+00   0.00000E+00   0.00000E+00   0.00000E+00
   0.00000E+00   0.00000E+00  -0.75567E-18  -0.92173E-17   0.00000E+00
   0.00000E+00   0.00000E+00   0.00000E+00   0.00000E+00   0.10579E+02
   0.00000E+00   0.00000E+00   0.00000E+00   0.00000E+00   0.00000E+00
   0.69347E+00   0.00000E+00   0.00000E+00   0.24135E+01   0.47381E+01
   0.37905E+01   0.00000E+00  -0.26074E-16   0.66966E+01   0.17555E+01
   0.00000E+00   0.00000E+00   0.00000E+00   0.00000E+00   0.00000E+00
   0.00000E+00  -0.36681E-19   0.00000E+00   0.00000E+00   0.00000E+00
   0.00000E+00   0.00000E+00   0.00000E+00   0.00000E+00   0.00000E+00
   0.00000E+00   0.00000E+00   0.00000E+00   0.45646E-01   0.00000E+00
   0.00000E+00   0.00000E+00   0.00000E+00   0.00000E+00   0.00000E+00
   0.00000E+00   0.00000E+00   0.00000E+00   0.00000E+00   0.00000E+00
   0.00000E+00   0.00000E+00   0.00000E+00   0.00000E+00   0.00000E+00
   0.00000E+00   0.00000E+00   0.00000E+00   0.00000E+00   0.00000E+00
   0.00000E+00   0.00000E+00   0.00000E+00  -0.36494E-18   0.00000E+00
   0.00000E+00   0.00000E+00   0.00000E+00   0.00000E+00   0.00000E+00
   0.00000E+00   0.00000E+00  -0.91134E-17   0.88171E-01  -0.83976E-18
   0.00000E+00  -0.42987E-15   0.13060E+02   0.00000E+00   0.00000E+00
   0.00000E+00   0.96812E+02   0.00000E+00  -0.61489E-16   0.00000E+00
   0.00000E+00  -0.63013E-15   0.00000E+00   0.45407E+02   0.00000E+00
   0.00000E+00   0.00000E+00   0.00000E+00   0.00000E+00   0.00000E+00
   0.00000E+00   0.00000E+00   0.00000E+00   0.00000E+00   0.00000E+00
   0.32347E+02   0.00000E+00   0.00000E+00   0.19354E+02   0.00000E+00
   0.00000E+00   0.00000E+00   0.00000E+00   0.00000E+00   0.00000E+00
   0.36917E+03   0.15004E+03   0.91945E+01   0.17763E+03   0.17388E+03
   0.10000E+01   0.10000E+01   0.10000E+01   0.10000E+01   0.10000E+01

   0.38791E+01   0.71314E+01   0.52551E+01   0.62773E+01   0.24579E+02
   0.21840E+01   0.31971E+01   0.25904E+01   0.27381E+01   0.24559E+01
   0.21687E+01   0.30907E+01   0.24700E+01   0.25473E+01   0.25063E+01
   0.25333E+01   0.34190E+01   0.28098E+01   0.29951E+01   0.25555E+01
   0.65532E+01   0.29126E+01   0.27352E+01   0.13520E+02   0.20624E+02
   0.10653E+00   0.15124E+00   0.12367E+00   0.12969E+00   0.11925E+00
   0.21589E+03   0.12812E+02   0.76301E+01   0.34408E+02   0.15506E+02
   0.20978E+01   0.29499E+01   0.23794E+01   0.24490E+01   0.23305E+01
   0.76625E-01   0.17954E+00   0.10435E+00   0.11518E+00   0.10345E+00
   0.56537E-01   0.14801E+00   0.10905E+00   0.16007E+00   0.10881E+00
   0.19087E+01   0.31616E+01   0.20571E+01   0.29684E+01   0.16914E+02
   0.20872E+01   0.29597E+01   0.23752E+01   0.24555E+01   0.23320E+01
   0.59014E+01   0.25173E+01   0.26845E+01   0.98777E+01   0.97927E+01
   0.21027E+02   0.51375E+01   0.61640E+01   0.29847E+02   0.12022E+02
   0.21882E+01   0.31489E+01   0.25231E+01   0.26237E+01   0.26070E+01
   0.20958E+01   0.29540E+01   0.23774E+01   0.24558E+01   0.23334E+01
   0.60049E-01   0.11141E+00   0.86934E-01   0.90486E-01   0.90604E-01
   0.64016E-01   0.10089E+00   0.17176E+00   0.25981E+00   0.63310E-01
   0.21062E+01   0.29604E+01   0.23894E+01   0.24842E+01   0.23696E+01
   0.20980E+01   0.29432E+01   0.24022E+01   0.24586E+01   0.23302E+01
   0.20986E+01   0.29791E+01   0.23884E+01   0.24882E+01   0.23446E+01
   0.22398E+01   0.30994E+01   0.24994E+01   0.26514E+01   0.24611E+01
   0.22577E+01   0.34678E+01   0.25788E+01   0.27229E+01   0.30322E+01
   0.21105E+01   0.29776E+01   0.24028E+01   0.24962E+01   0.23893E+01
   0.51298E-01   0.22607E+00   0.23807E+00   0.44138E+00   0.11419E+00
   0.15180E+01   0.18615E+01   0.16468E+02   0.19118E+01   0.79258E+00
   0.26610E+02   0.16147E+03   0.41927E+02   0.23904E+02   0.28136E+02
   0.25695E+02   0.47714E+02   0.83525E+02   0.14817E+03   0.23939E+02
   0.12267E+02   0.33780E+02   0.28072E+02   0.30163E+02   0.20013E+02
   0.15552E+02   0.30701E+02   0.22492E+02   0.27335E+02   0.14696E+02
   0.13151E+03   0.47613E+02   0.36295E+02   0.14055E+03   0.41109E+02
   0.66470E+02   0.11097E+03   0.68952E+02   0.82538E+02   0.11401E+03
   0.57110E+03   0.27858E+03   0.13749E+03   0.40247E+03   0.30460E+03
   0.10000E+01   0.10000E+01   0.10000E+01   0.10000E+01   0.10000E+01

   0.00000   0.00000   0.00000   0.00000   0.64826
   0.00000   0.00000   0.00000   0.00000   0.00000
   0.00000   0.00000   0.00000   0.00000   0.00000
   0.00000   0.00000   0.00000   0.00000   0.00000
   0.00000   0.00000   0.00000   0.10313   0.43598
   0.00000   0.00000   0.00000   0.00000   0.00000
   0.83691   0.00000   0.00000   0.00000   0.00000
   0.00000   0.00000   0.00000   0.00000   0.00000
   0.00000   0.00000   0.00000   0.00000   0.00000
   0.00000   0.00000  -0.00000   0.00000   0.00000
   0.00000   0.00000   0.00000   0.00000   0.71332
   0.00000   0.00000   0.00000   0.00000   0.00000
   0.04074   0.00000   0.00000   0.14659   0.28563
   0.10210   0.00000  -0.00000   0.18900   0.04745
   0.00000   0.00000   0.00000   0.00000   0.00000
   0.00000   0.00000   0.00000   0.00000   0.00000
   0.00000   0.00000   0.00000   0.00000   0.00000
   0.00000   0.00000   0.00000   0.21852   0.00000
   0.00000   0.00000   0.00000   0.00000   0.00000
   0.00000   0.00000   0.00000   0.00000   0.00000
   0.00000   0.00000   0.00000   0.00000   0.00000
   0.00000   0.00000   0.00000   0.00000   0.00000
   0.00000   0.00000   0.00000  -0.00000   0.00000
   0.00000   0.00000   0.00000   0.00000   0.00000
   0.00000   0.00000   0.00000   0.22111   0.00000
   0.00000   0.00000   0.80647   0.00000   0.00000
   0.00000   0.60728   0.00000   0.00000   0.00000
   0.00000   0.00000   0.00000   0.34508   0.00000
   0.00000   0.00000   0.00000   0.00000   0.00000
   0.00000   0.00000   0.00000   0.00000   0.00000
   0.19300   0.00000   0.00000   0.11474   0.00000
   0.00000   0.00000   0.00000   0.00000   0.00000
   0.29494   0.12047   0.00740   0.14323   0.13885
   1.00000   1.00000   1.00000   1.00000   1.00000

   0.16939   0.30751   0.23072   0.27480   1.00000
   1.00000   1.00000   1.00000   1.00000   1.00000
   1.00000   1.00000   1.00000   1.00000   1.00000
   1.00000   1.00000   1.00000   1.00000   1.00000
   0.24766   0.11110   0.10350   0.50109   0.75415
   1.00000   1.00000   1.00000   1.00000   1.00000
   0.99668   0.06221   0.03693   0.16309   0.07544
   1.00000   1.00000   1.00000   1.00000   1.00000
   0.51467   1.00000   0.76221   0.80295   0.74166
   0.35882   0.84781   0.71322   0.92880   0.64820
   0.11997   0.19963   0.12962   0.18624   0.99879
   1.00000   1.00000   1.00000   1.00000   1.00000
   0.34568   0.14942   0.15804   0.56912   0.56707
   0.55914   0.13929   0.16426   0.77535   0.32393
   1.00000   1.00000   1.00000   1.00000   1.00000
   1.00000   1.00000   1.00000   1.00000   1.00000
   0.79560   1.00000   0.96533   0.98592   0.97963
   0.26401   0.40320   0.69778   1.00000   0.25261
   1.00000   1.00000   1.00000   1.00000   1.00000
   1.00000   1.00000   1.00000   1.00000   1.00000
   1.00000   1.00000   1.00000   1.00000   1.00000
   1.00000   1.00000   1.00000   1.00000   1.00000
   0.99216   1.00000   1.00000   1.00000   1.00000
   1.00000   1.00000   1.00000   1.00000   1.00000
   0.12018   0.50299   0.56705   0.98658   0.26103
   0.09354   0.11472   1.00000   0.11780   0.04887
   0.16676   1.00000   0.26277   0.14983   0.17644
   0.18560   0.33506   0.60511   0.99951   0.17221
   0.36503   0.92316   0.87570   0.91695   0.57853
   0.70163   1.00000   0.93073   0.99244   0.74286
   0.73820   0.26270   0.20765   0.78044   0.22737
   0.76201   0.97888   0.79632   0.84833   1.00000
   0.46054   0.22394   0.11019   0.32144   0.24501
   1.00000   1.00000   1.00000   1.00000   1.00000
