
       0      -0.024
    0    0    0    0    0
    0    0    0    0    0
    0    0    0    0    0
    0    0    0    0    0


   0.00000E+00   0.00000E+00   0.00000E+00   0.12474E+02   0.00000E+00
   0.00000E+00   0.00000E+00   0.00000E+00   0.00000E+00   0.00000E+00
   0.00000E+00   0.00000E+00   0.00000E+00   0.00000E+00   0.00000E+00
   0.00000E+00   0.00000E+00   0.00000E+00   0.00000E+00   0.00000E+00
   0.00000E+00   0.00000E+00  -0.63166E-16   0.99973E+01   0.17419E+01
   0.00000E+00   0.00000E+00   0.00000E+00   0.00000E+00   0.00000E+00
   0.16871E+03   0.00000E+00   0.00000E+00  -0.23249E-22  -0.10667E-16
   0.00000E+00   0.00000E+00   0.00000E+00   0.00000E+00   0.00000E+00
   0.00000E+00   0.00000E+00   0.00000E+00   0.00000E+00   0.00000E+00
   0.00000E+00   0.00000E+00   0.00000E+00   0.00000E+00  -0.95077E-17
  -0.38993E-16   0.00000E+00   0.00000E+00   0.10014E+02   0.00000E+00
   0.00000E+00   0.00000E+00   0.00000E+00   0.00000E+00   0.00000E+00
   0.15615E+00   0.00000E+00   0.00000E+00   0.40510E+01   0.17650E+01
   0.12180E+01  -0.47602E-16   0.00000E+00   0.00000E+00   0.49320E+01
   0.00000E+00   0.00000E+00   0.00000E+00   0.00000E+00   0.00000E+00
   0.00000E+00   0.00000E+00  -0.27655E-25   0.00000E+00   0.00000E+00
   0.00000E+00   0.00000E+00   0.00000E+00   0.00000E+00   0.00000E+00
   0.00000E+00   0.00000E+00   0.00000E+00   0.00000E+00   0.14773E-01
   0.00000E+00   0.00000E+00   0.00000E+00   0.00000E+00   0.00000E+00
   0.00000E+00   0.00000E+00   0.00000E+00   0.00000E+00   0.00000E+00
   0.00000E+00   0.00000E+00   0.00000E+00   0.00000E+00   0.00000E+00
   0.00000E+00   0.00000E+00   0.00000E+00   0.00000E+00   0.00000E+00
   0.00000E+00   0.00000E+00   0.00000E+00   0.00000E+00   0.00000E+00
   0.00000E+00   0.00000E+00   0.00000E+00   0.00000E+00   0.00000E+00
   0.00000E+00   0.00000E+00   0.00000E+00   0.00000E+00   0.52064E-01
  -0.92958E-16   0.12197E+02  -0.47807E-15   0.00000E+00   0.00000E+00
   0.00000E+00  -0.26998E-25   0.91856E+02   0.00000E+00  -0.25946E-24
   0.00000E+00   0.00000E+00   0.00000E+00   0.00000E+00   0.33352E+02
   0.00000E+00   0.00000E+00   0.00000E+00   0.00000E+00   0.00000E+00
   0.00000E+00   0.00000E+00   0.00000E+00   0.00000E+00   0.00000E+00
   0.16770E+02   0.00000E+00   0.00000E+00   0.00000E+00   0.63539E+01
   0.10000E+01   0.10000E+01   0.10000E+01   0.10000E+01   0.10000E+01

   0.47391E+01   0.64461E+01   0.85999E+01   0.25733E+02   0.74304E+01
   0.27996E+01   0.32984E+01   0.40562E+01   0.31701E+01   0.34718E+01
   0.27840E+01   0.32001E+01   0.39631E+01   0.32131E+01   0.33079E+01
   0.31528E+01   0.35304E+01   0.43191E+01   0.32978E+01   0.37473E+01
   0.73510E+01   0.34166E+01   0.35810E+01   0.21755E+02   0.15006E+02
   0.13852E+00   0.15871E+00   0.19481E+00   0.15456E+00   0.16625E+00
   0.22327E+03   0.82719E+01   0.13935E+02   0.18702E+02   0.43125E+02
   0.27163E+01   0.30676E+01   0.38312E+01   0.30614E+01   0.31898E+01
   0.95193E-01   0.12807E+00   0.20578E+00   0.12733E+00   0.14092E+00
   0.76581E-01   0.13649E+00   0.18489E+00   0.13130E+00   0.18231E+00
   0.22236E+01   0.24092E+01   0.35865E+01   0.17475E+02   0.35042E+01
   0.27214E+01   0.30820E+01   0.38114E+01   0.30517E+01   0.31862E+01
   0.64768E+01   0.32316E+01   0.30906E+01   0.10455E+02   0.11008E+02
   0.22843E+02   0.73947E+01   0.68422E+01   0.13353E+02   0.33382E+02
   0.28041E+01   0.32254E+01   0.40436E+01   0.33414E+01   0.33559E+01
   0.27303E+01   0.30823E+01   0.38174E+01   0.30516E+01   0.31845E+01
   0.77791E-01   0.10663E+00   0.13546E+00   0.11095E+00   0.11162E+00
   0.84371E-01   0.19945E+00   0.13563E+00   0.84402E-01   0.28595E+00
   0.27246E+01   0.31138E+01   0.38571E+01   0.30712E+01   0.32093E+01
   0.27125E+01   0.30870E+01   0.38425E+01   0.30439E+01   0.31969E+01
   0.27284E+01   0.31042E+01   0.38259E+01   0.30651E+01   0.32042E+01
   0.28564E+01   0.32297E+01   0.39721E+01   0.31682E+01   0.33817E+01
   0.29005E+01   0.33141E+01   0.43507E+01   0.37468E+01   0.34774E+01
   0.27309E+01   0.31020E+01   0.38448E+01   0.30934E+01   0.32243E+01
   0.79225E-01   0.27408E+00   0.26315E+00   0.14426E+00   0.47898E+00
   0.17989E+01   0.16562E+02   0.20047E+01   0.11108E+01   0.28671E+01
   0.29075E+02   0.45384E+02   0.16214E+03   0.36098E+02   0.32450E+02
   0.34019E+02   0.93309E+02   0.59559E+02   0.31081E+02   0.15695E+03
   0.16203E+02   0.32484E+02   0.40616E+02   0.24491E+02   0.35640E+02
   0.19513E+02   0.27546E+02   0.35935E+02   0.19524E+02   0.32752E+02
   0.14314E+03   0.47447E+02   0.61893E+02   0.50165E+02   0.15840E+03
   0.10000E+01   0.10000E+01   0.10000E+01   0.10000E+01   0.10000E+01

   0.00000   0.00000   0.00000   0.60771   0.00000
   0.00000   0.00000   0.00000   0.00000   0.00000
   0.00000   0.00000   0.00000   0.00000   0.00000
   0.00000   0.00000   0.00000   0.00000   0.00000
   0.00000   0.00000  -0.00000   0.39213   0.06701
   0.00000   0.00000   0.00000   0.00000   0.00000
   0.79643   0.00000   0.00000  -0.00000   0.00000
   0.00000   0.00000   0.00000   0.00000   0.00000
   0.00000   0.00000   0.00000   0.00000   0.00000
   0.00000   0.00000   0.00000   0.00000   0.00000
  -0.00000   0.00000   0.00000   0.69096   0.00000
   0.00000   0.00000   0.00000   0.00000   0.00000
   0.00913   0.00000   0.00000   0.24315   0.10786
   0.03253   0.00000   0.00000   0.00000   0.14020
   0.00000   0.00000   0.00000   0.00000   0.00000
   0.00000   0.00000   0.00000   0.00000   0.00000
   0.00000   0.00000   0.00000   0.00000   0.00000
   0.00000   0.00000   0.00000   0.00000   0.07114
   0.00000   0.00000   0.00000   0.00000   0.00000
   0.00000   0.00000   0.00000   0.00000   0.00000
   0.00000   0.00000   0.00000   0.00000   0.00000
   0.00000   0.00000   0.00000   0.00000   0.00000
   0.00000   0.00000   0.00000   0.00000   0.00000
   0.00000   0.00000   0.00000   0.00000   0.00000
   0.00000   0.00000   0.00000   0.00000   0.13167
   0.00000   0.75270   0.00000   0.00000   0.00000
   0.00000   0.00000   0.57629   0.00000   0.00000
   0.00000   0.00000   0.00000   0.00000   0.25518
   0.00000   0.00000   0.00000   0.00000   0.00000
   0.00000   0.00000   0.00000   0.00000   0.00000
   0.09970   0.00000   0.00000   0.00000   0.03771
   1.00000   1.00000   1.00000   1.00000   1.00000

   0.20459   0.27714   0.36203   1.00000   0.31978
   1.00000   1.00000   1.00000   1.00000   1.00000
   1.00000   1.00000   1.00000   1.00000   1.00000
   1.00000   1.00000   1.00000   1.00000   1.00000
   0.27609   0.12790   0.13653   0.78112   0.55057
   1.00000   1.00000   1.00000   1.00000   1.00000
   1.00000   0.03999   0.06742   0.09057   0.20357
   1.00000   1.00000   1.00000   1.00000   1.00000
   0.60870   0.85569   1.00000   0.85039   0.91768
   0.46902   0.83040   0.95803   0.73377   0.97854
   0.13903   0.15152   0.22576   1.00000   0.21850
   1.00000   1.00000   1.00000   1.00000   1.00000
   0.37612   0.18807   0.18328   0.59787   0.62695
   0.59733   0.19557   0.18389   0.35599   0.85231
   1.00000   1.00000   1.00000   1.00000   1.00000
   1.00000   1.00000   1.00000   1.00000   1.00000
   0.90552   1.00000   1.00000   1.00000   1.00000
   0.33734   0.78657   0.51759   0.32337   1.00000
   1.00000   1.00000   1.00000   1.00000   1.00000
   1.00000   1.00000   1.00000   1.00000   1.00000
   1.00000   1.00000   1.00000   1.00000   1.00000
   1.00000   1.00000   1.00000   1.00000   1.00000
   0.99960   1.00000   1.00000   1.00000   1.00000
   1.00000   1.00000   1.00000   1.00000   1.00000
   0.18300   0.64655   0.56869   0.32255   1.00000
   0.11087   1.00000   0.12345   0.06849   0.17675
   0.18213   0.28428   1.00000   0.22631   0.20334
   0.24219   0.66576   0.40927   0.22019   1.00000
   0.46157   0.93460   0.97492   0.66827   0.97992
   0.81034   0.96954   1.00000   0.88582   0.99791
   0.78821   0.26861   0.33534   0.27177   0.86183
   1.00000   1.00000   1.00000   1.00000   1.00000
