
       0      -0.024
    0    0    0    0    0
    0    0    0    0    0
    0    0    0    0    0
    0    0    0    0    0


   0.00000E+00   0.00000E+00   0.00000E+00   0.15612E+02   0.00000E+00
   0.00000E+00   0.00000E+00   0.00000E+00   0.00000E+00   0.00000E+00
   0.00000E+00   0.00000E+00   0.00000E+00   0.00000E+00   0.00000E+00
   0.00000E+00   0.00000E+00   0.00000E+00   0.00000E+00   0.00000E+00
   0.15385E+01   0.00000E+00   0.00000E+00   0.13141E+02   0.44008E+01
   0.00000E+00   0.00000E+00   0.00000E+00   0.00000E+00   0.00000E+00
   0.18062E+03   0.25358E-03   0.00000E+00  -0.27823E-26  -0.10667E-16
   0.00000E+00   0.00000E+00   0.00000E+00   0.00000E+00   0.00000E+00
   0.00000E+00   0.00000E+00   0.00000E+00   0.00000E+00   0.00000E+00
   0.00000E+00   0.00000E+00   0.00000E+00   0.00000E+00   0.22557E-01
   0.00000E+00   0.71870E-02   0.00000E+00   0.11617E+02   0.00000E+00
   0.00000E+00   0.00000E+00   0.00000E+00   0.00000E+00   0.00000E+00
   0.21993E+01   0.00000E+00   0.00000E+00   0.57479E+01   0.35722E+01
   0.99927E+01  -0.47602E-16   0.00000E+00   0.44548E+01   0.10131E+02
   0.00000E+00   0.00000E+00   0.00000E+00   0.00000E+00   0.00000E+00
   0.00000E+00   0.00000E+00  -0.27655E-25   0.00000E+00   0.00000E+00
   0.00000E+00   0.00000E+00   0.00000E+00   0.00000E+00   0.00000E+00
   0.00000E+00   0.17796E-01   0.00000E+00   0.00000E+00   0.95381E-01
   0.00000E+00   0.00000E+00   0.00000E+00   0.00000E+00   0.00000E+00
   0.00000E+00   0.00000E+00   0.00000E+00   0.00000E+00   0.00000E+00
   0.00000E+00   0.00000E+00   0.00000E+00   0.00000E+00   0.00000E+00
   0.00000E+00   0.00000E+00   0.00000E+00   0.00000E+00   0.00000E+00
   0.00000E+00   0.00000E+00   0.00000E+00   0.00000E+00   0.00000E+00
   0.00000E+00   0.00000E+00   0.00000E+00   0.00000E+00   0.00000E+00
   0.00000E+00   0.00000E+00   0.00000E+00   0.00000E+00   0.17809E+00
  -0.92958E-16   0.13529E+02  -0.47807E-15   0.00000E+00   0.00000E+00
   0.00000E+00  -0.26998E-25   0.10344E+03   0.00000E+00  -0.25946E-24
   0.00000E+00   0.54317E+01   0.00000E+00   0.00000E+00   0.75680E+02
   0.00000E+00   0.00000E+00   0.00000E+00   0.00000E+00   0.00000E+00
   0.00000E+00   0.00000E+00   0.00000E+00   0.00000E+00   0.00000E+00
   0.70541E+02   0.00000E+00   0.00000E+00   0.00000E+00   0.39513E+02
   0.10000E+01   0.10000E+01   0.10000E+01   0.10000E+01   0.10000E+01

   0.25184E+01   0.32694E+01   0.46124E+01   0.22213E+02   0.41081E+01
   0.11400E+01   0.13531E+01   0.16855E+01   0.12841E+01   0.15321E+01
   0.11304E+01   0.12796E+01   0.16014E+01   0.13457E+01   0.13341E+01
   0.14755E+01   0.15718E+01   0.18291E+01   0.13382E+01   0.17421E+01
   0.53217E+01   0.14906E+01   0.17535E+01   0.18544E+02   0.10178E+02
   0.55916E-01   0.64187E-01   0.77227E-01   0.61281E-01   0.69415E-01
   0.20617E+03   0.65884E+01   0.10850E+02   0.10191E+02   0.19417E+02
   0.10845E+01   0.12153E+01   0.15099E+01   0.11927E+01   0.12713E+01
   0.47492E-01   0.62664E-01   0.12592E+00   0.63438E-01   0.71885E-01
   0.25939E-01   0.59930E-01   0.90526E-01   0.71964E-01   0.12106E+00
   0.13726E+01   0.14801E+01   0.23259E+01   0.15578E+02   0.19819E+01
   0.10866E+01   0.12178E+01   0.15022E+01   0.11792E+01   0.12659E+01
   0.49528E+01   0.16691E+01   0.15186E+01   0.85946E+01   0.74118E+01
   0.18226E+02   0.32634E+01   0.20987E+01   0.97974E+01   0.20656E+02
   0.11444E+01   0.13207E+01   0.16726E+01   0.14458E+01   0.14044E+01
   0.10860E+01   0.12139E+01   0.15072E+01   0.11744E+01   0.12617E+01
   0.31243E-01   0.53044E-01   0.67851E-01   0.57675E-01   0.55130E-01
   0.31833E-01   0.12349E+00   0.42705E-01   0.29037E-01   0.20676E+00
   0.10985E+01   0.12141E+01   0.15301E+01   0.12232E+01   0.12870E+01
   0.10956E+01   0.12105E+01   0.15151E+01   0.11915E+01   0.12749E+01
   0.11015E+01   0.12214E+01   0.15338E+01   0.12057E+01   0.12778E+01
   0.12226E+01   0.12976E+01   0.16028E+01   0.12949E+01   0.14367E+01
   0.12077E+01   0.13129E+01   0.19478E+01   0.18578E+01   0.14250E+01
   0.10997E+01   0.12231E+01   0.15391E+01   0.12389E+01   0.12942E+01
   0.15732E-01   0.15535E+00   0.15665E+00   0.66816E-01   0.36260E+00
   0.11179E+01   0.16291E+02   0.16046E+01   0.48371E+00   0.11840E+01
   0.22595E+02   0.35538E+02   0.15994E+03   0.14961E+02   0.14265E+02
   0.13103E+02   0.55837E+02   0.25606E+02   0.13060E+02   0.12805E+03
   0.60053E+01   0.19006E+02   0.20768E+02   0.12676E+02   0.19998E+02
   0.90067E+01   0.13164E+02   0.21374E+02   0.78291E+01   0.17233E+02
   0.11471E+03   0.17430E+02   0.25930E+02   0.25858E+02   0.92214E+02
   0.10000E+01   0.10000E+01   0.10000E+01   0.10000E+01   0.10000E+01

   0.00000   0.00000   0.00000   0.72244   0.00000
   0.00000   0.00000   0.00000   0.00000   0.00000
   0.00000   0.00000   0.00000   0.00000   0.00000
   0.00000   0.00000   0.00000   0.00000   0.00000
   0.05850   0.00000   0.00000   0.51197   0.16915
   0.00000   0.00000   0.00000   0.00000   0.00000
   0.89318   0.00000   0.00000  -0.00000  -0.00000
   0.00000   0.00000   0.00000   0.00000   0.00000
   0.00000   0.00000   0.00000   0.00000   0.00000
   0.00000   0.00000   0.00000   0.00000   0.16408
   0.00000   0.00046   0.00000   0.75669   0.00000
   0.00000   0.00000   0.00000   0.00000   0.00000
   0.13069   0.00000   0.00000   0.34677   0.21498
   0.27432  -0.00000   0.00000   0.12323   0.28246
   0.00000   0.00000   0.00000   0.00000   0.00000
   0.00000   0.00000  -0.00000   0.00000   0.00000
   0.00000   0.00000   0.00000   0.00000   0.00000
   0.00000   0.08335   0.00000   0.00000   0.44816
   0.00000   0.00000   0.00000   0.00000   0.00000
   0.00000   0.00000   0.00000   0.00000   0.00000
   0.00000   0.00000   0.00000   0.00000   0.00000
   0.00000   0.00000   0.00000   0.00000   0.00000
   0.00000   0.00000   0.00000   0.00000   0.00000
   0.00000   0.00000   0.00000   0.00000   0.00000
   0.00000   0.00000   0.00000   0.00000   0.43381
  -0.00000   0.83684  -0.00000   0.00000   0.00000
   0.00000  -0.00000   0.64865   0.00000  -0.00000
   0.00000   0.04051   0.00000   0.00000   0.56548
   0.00000   0.00000   0.00000   0.00000   0.00000
   0.00000   0.00000   0.00000   0.00000   0.00000
   0.41919   0.00000   0.00000   0.00000   0.23379
   1.00000   1.00000   1.00000   1.00000   1.00000

   0.11183   0.14641   0.20366   0.97578   0.18391
   1.00000   1.00000   1.00000   1.00000   1.00000
   1.00000   1.00000   1.00000   1.00000   1.00000
   1.00000   1.00000   0.97176   0.93562   1.00000
   0.20264   0.05693   0.06706   0.69713   0.38561
   1.00000   1.00000   1.00000   1.00000   1.00000
   0.99524   0.03218   0.05310   0.04983   0.09390
   1.00000   1.00000   1.00000   1.00000   1.00000
   0.34574   0.48468   0.87431   0.47651   0.54847
   0.17468   0.41665   0.57512   0.47712   0.79934
   0.08686   0.09362   0.14729   0.96614   0.12518
   1.00000   1.00000   1.00000   1.00000   1.00000
   0.29333   0.09935   0.09048   0.50674   0.43672
   0.49448   0.08944   0.05761   0.26751   0.55947
   1.00000   1.00000   1.00000   1.00000   1.00000
   1.00000   1.00000   1.00000   1.00000   1.00000
   0.50149   0.77844   0.95265   0.83404   0.81278
   0.13765   0.53081   0.18343   0.12449   0.91665
   1.00000   1.00000   1.00000   1.00000   1.00000
   1.00000   1.00000   1.00000   1.00000   1.00000
   1.00000   1.00000   1.00000   1.00000   1.00000
   1.00000   1.00000   1.00000   1.00000   1.00000
   0.82107   0.85781   1.00000   1.00000   0.89933
   1.00000   1.00000   1.00000   1.00000   1.00000
   0.03737   0.36962   0.36328   0.15662   0.85292
   0.06893   1.00000   0.09892   0.02981   0.07297
   0.14165   0.22280   1.00000   0.09380   0.08943
   0.09647   0.40958   0.18558   0.09585   0.93147
   0.19094   0.64781   0.64037   0.40364   0.65005
   0.46716   0.69997   0.97517   0.44715   0.85333
   0.65934   0.10174   0.14837   0.14828   0.53664
   1.00000   1.00000   1.00000   1.00000   1.00000
