
       0      -0.024
    0    0    0    0    0
    0    0    0    0    0
    0    0    0    0    0
    0    0    0    0    0


   0.00000E+00   0.00000E+00   0.00000E+00   0.13599E+02   0.00000E+00
   0.00000E+00   0.00000E+00   0.00000E+00   0.00000E+00   0.00000E+00
   0.00000E+00   0.00000E+00   0.00000E+00   0.00000E+00   0.00000E+00
   0.00000E+00   0.00000E+00   0.00000E+00   0.00000E+00   0.00000E+00
   0.00000E+00   0.00000E+00   0.00000E+00   0.11209E+02   0.26217E+01
   0.00000E+00   0.00000E+00   0.00000E+00   0.00000E+00   0.00000E+00
   0.17398E+03   0.00000E+00   0.00000E+00  -0.27823E-26  -0.10667E-16
   0.00000E+00   0.00000E+00   0.00000E+00   0.00000E+00   0.00000E+00
   0.00000E+00   0.00000E+00   0.00000E+00   0.00000E+00   0.00000E+00
   0.00000E+00   0.00000E+00   0.00000E+00   0.00000E+00  -0.95077E-17
   0.00000E+00   0.00000E+00   0.00000E+00   0.10566E+02   0.00000E+00
   0.00000E+00   0.00000E+00   0.00000E+00   0.00000E+00   0.00000E+00
   0.76127E+00   0.00000E+00   0.00000E+00   0.47363E+01   0.23565E+01
   0.39212E+01  -0.47602E-16   0.00000E+00   0.18054E+01   0.65932E+01
   0.00000E+00   0.00000E+00   0.00000E+00   0.00000E+00   0.00000E+00
   0.00000E+00   0.00000E+00  -0.27655E-25   0.00000E+00   0.00000E+00
   0.00000E+00   0.00000E+00   0.00000E+00   0.00000E+00   0.00000E+00
   0.00000E+00   0.00000E+00   0.00000E+00   0.00000E+00   0.45573E-01
   0.00000E+00   0.00000E+00   0.00000E+00   0.00000E+00   0.00000E+00
   0.00000E+00   0.00000E+00   0.00000E+00   0.00000E+00   0.00000E+00
   0.00000E+00   0.00000E+00   0.00000E+00   0.00000E+00   0.00000E+00
   0.00000E+00   0.00000E+00   0.00000E+00   0.00000E+00   0.00000E+00
   0.00000E+00   0.00000E+00   0.00000E+00   0.00000E+00   0.00000E+00
   0.00000E+00   0.00000E+00   0.00000E+00   0.00000E+00   0.00000E+00
   0.00000E+00   0.00000E+00   0.00000E+00   0.00000E+00   0.90576E-01
  -0.92958E-16   0.13030E+02  -0.47807E-15   0.00000E+00   0.00000E+00
   0.00000E+00  -0.26998E-25   0.97175E+02   0.00000E+00  -0.25946E-24
   0.00000E+00   0.00000E+00   0.00000E+00   0.00000E+00   0.45998E+02
   0.00000E+00   0.00000E+00   0.00000E+00   0.00000E+00   0.00000E+00
   0.00000E+00   0.00000E+00   0.00000E+00   0.00000E+00   0.00000E+00
   0.33394E+02   0.00000E+00   0.00000E+00   0.00000E+00   0.18654E+02
   0.10000E+01   0.10000E+01   0.10000E+01   0.10000E+01   0.10000E+01

   0.39013E+01   0.52940E+01   0.71284E+01   0.24560E+02   0.62801E+01
   0.21924E+01   0.25891E+01   0.31955E+01   0.24552E+01   0.27415E+01
   0.21772E+01   0.24701E+01   0.30897E+01   0.25054E+01   0.25487E+01
   0.25447E+01   0.28095E+01   0.33829E+01   0.25546E+01   0.29941E+01
   0.65934E+01   0.27121E+01   0.29043E+01   0.20663E+02   0.13441E+02
   0.10694E+00   0.12365E+00   0.15119E+00   0.11920E+00   0.12979E+00
   0.21798E+03   0.76433E+01   0.12806E+02   0.15484E+02   0.35607E+02
   0.21042E+01   0.23551E+01   0.29493E+01   0.23536E+01   0.24500E+01
   0.77042E-01   0.10514E+00   0.17941E+00   0.10341E+00   0.11612E+00
   0.57382E-01   0.10943E+00   0.14775E+00   0.10879E+00   0.15990E+00
   0.19224E+01   0.20484E+01   0.31601E+01   0.16913E+02   0.29699E+01
   0.21134E+01   0.23530E+01   0.29592E+01   0.23315E+01   0.24564E+01
   0.59160E+01   0.26635E+01   0.25141E+01   0.98126E+01   0.98064E+01
   0.21140E+02   0.59019E+01   0.51346E+01   0.12027E+02   0.29678E+02
   0.21969E+01   0.25230E+01   0.31478E+01   0.26061E+01   0.26256E+01
   0.21010E+01   0.23553E+01   0.29535E+01   0.23329E+01   0.24570E+01
   0.60280E-01   0.86841E-01   0.11133E+00   0.90570E-01   0.90684E-01
   0.64901E-01   0.17087E+00   0.10086E+00   0.63287E-01   0.26072E+00
   0.21143E+01   0.23895E+01   0.29595E+01   0.23687E+01   0.24855E+01
   0.21055E+01   0.23756E+01   0.29424E+01   0.23295E+01   0.24598E+01
   0.21065E+01   0.23885E+01   0.29443E+01   0.23438E+01   0.24897E+01
   0.22494E+01   0.24996E+01   0.30985E+01   0.24602E+01   0.26516E+01
   0.22670E+01   0.25790E+01   0.34669E+01   0.30308E+01   0.27241E+01
   0.21186E+01   0.24030E+01   0.29766E+01   0.23884E+01   0.24976E+01
   0.53049E-01   0.23629E+00   0.22656E+00   0.11524E+00   0.44406E+00
   0.15181E+01   0.16475E+02   0.18628E+01   0.78711E+00   0.19270E+01
   0.26668E+02   0.42064E+02   0.16142E+03   0.28549E+02   0.24292E+02
   0.26221E+02   0.82963E+02   0.47553E+02   0.24135E+02   0.14854E+03
   0.12310E+02   0.28004E+02   0.33742E+02   0.20010E+02   0.30261E+02
   0.15637E+02   0.22473E+02   0.30673E+02   0.14831E+02   0.27354E+02
   0.13258E+03   0.35941E+02   0.47771E+02   0.41106E+02   0.13965E+03
   0.10000E+01   0.10000E+01   0.10000E+01   0.10000E+01   0.10000E+01

   0.00000   0.00000   0.00000   0.64950   0.00000
   0.00000   0.00000   0.00000   0.00000   0.00000
   0.00000   0.00000   0.00000   0.00000   0.00000
   0.00000   0.00000   0.00000   0.00000   0.00000
   0.00000   0.00000   0.00000   0.43768   0.10095
   0.00000   0.00000   0.00000   0.00000   0.00000
   0.83135   0.00000   0.00000   0.00000   0.00000
   0.00000   0.00000   0.00000   0.00000   0.00000
   0.00000   0.00000   0.00000   0.00000   0.00000
   0.00000   0.00000   0.00000   0.00000   0.00000
   0.00000   0.00000   0.00000   0.71286   0.00000
   0.00000   0.00000   0.00000   0.00000   0.00000
   0.04474   0.00000   0.00000   0.28560   0.14319
   0.10566   0.00000   0.00000   0.04883   0.18613
   0.00000   0.00000   0.00000   0.00000   0.00000
   0.00000   0.00000   0.00000   0.00000   0.00000
   0.00000   0.00000   0.00000   0.00000   0.00000
   0.00000   0.00000   0.00000   0.00000   0.21806
   0.00000   0.00000   0.00000   0.00000   0.00000
   0.00000   0.00000   0.00000   0.00000   0.00000
   0.00000   0.00000   0.00000   0.00000   0.00000
   0.00000   0.00000   0.00000   0.00000   0.00000
   0.00000   0.00000   0.00000   0.00000   0.00000
   0.00000   0.00000   0.00000   0.00000   0.00000
   0.00000   0.00000   0.00000   0.00000   0.22691
   0.00000   0.80449   0.00000   0.00000   0.00000
   0.00000   0.00000   0.60971   0.00000   0.00000
   0.00000   0.00000   0.00000   0.00000   0.34937
   0.00000   0.00000   0.00000   0.00000   0.00000
   0.00000   0.00000   0.00000   0.00000   0.00000
   0.19920   0.00000   0.00000   0.00000   0.11058
   1.00000   1.00000   1.00000   1.00000   1.00000

   0.17036   0.23229   0.30754   1.00000   0.27495
   1.00000   1.00000   1.00000   1.00000   1.00000
   1.00000   1.00000   1.00000   1.00000   1.00000
   1.00000   1.00000   1.00000   1.00000   1.00000
   0.24906   0.10268   0.11080   0.75524   0.49847
   1.00000   1.00000   1.00000   1.00000   1.00000
   1.00000   0.03700   0.06222   0.07543   0.16865
   1.00000   1.00000   1.00000   1.00000   1.00000
   0.51713   0.76658   1.00000   0.74135   0.80802
   0.36377   0.71535   0.84773   0.64771   0.92842
   0.12084   0.12912   0.19950   0.99913   0.18639
   1.00000   1.00000   1.00000   1.00000   1.00000
   0.34624   0.15697   0.14926   0.56792   0.56530
   0.56126   0.15922   0.13927   0.32409   0.77156
   1.00000   1.00000   1.00000   1.00000   1.00000
   1.00000   1.00000   1.00000   1.00000   1.00000
   0.79803   0.96512   1.00000   0.97956   0.98599
   0.26748   0.69466   0.40335   0.25266   1.00000
   1.00000   1.00000   1.00000   1.00000   1.00000
   1.00000   1.00000   1.00000   1.00000   1.00000
   1.00000   1.00000   1.00000   1.00000   1.00000
   1.00000   1.00000   1.00000   1.00000   1.00000
   0.99314   1.00000   1.00000   1.00000   1.00000
   1.00000   1.00000   1.00000   1.00000   1.00000
   0.12428   0.56301   0.50371   0.26348   0.98748
   0.09356   1.00000   0.11473   0.04854   0.11883
   0.16708   0.26350   1.00000   0.17902   0.15230
   0.18934   0.60144   0.33433   0.17369   0.99924
   0.36618   0.87464   0.92144   0.57820   0.91888
   0.70385   0.93039   1.00000   0.74728   0.99231
   0.74282   0.20572   0.26351   0.22745   0.77658
   1.00000   1.00000   1.00000   1.00000   1.00000
