
       0      -0.008
    0    0    0    0    0
    0    0    0    0    0
    0    0    0    0    0
    0    0    0    0    0


   0.00000E+00   0.00000E+00   0.00000E+00  -0.30688E-17   0.14675E+02
  -0.11907E-17   0.00000E+00   0.00000E+00   0.00000E+00   0.00000E+00
   0.00000E+00   0.00000E+00   0.00000E+00   0.00000E+00   0.00000E+00
   0.00000E+00   0.00000E+00   0.00000E+00   0.00000E+00   0.00000E+00
  -0.62174E-16   0.00000E+00   0.36278E+01   0.61682E+00   0.12305E+02
   0.00000E+00   0.00000E+00   0.00000E+00   0.00000E+00   0.00000E+00
   0.00000E+00  -0.77553E-16   0.00000E+00   0.17724E+03  -0.30237E-26
   0.00000E+00   0.00000E+00   0.00000E+00   0.00000E+00   0.00000E+00
   0.00000E+00   0.00000E+00   0.00000E+00   0.00000E+00   0.00000E+00
   0.00000E+00  -0.13159E-17  -0.92617E-17   0.00000E+00   0.00000E+00
   0.00000E+00   0.00000E+00   0.00000E+00   0.00000E+00   0.11127E+02
   0.00000E+00   0.00000E+00   0.00000E+00   0.00000E+00   0.00000E+00
   0.00000E+00   0.00000E+00   0.30683E+01   0.13295E+01   0.53026E+01
   0.00000E+00  -0.34066E-16   0.86633E+01   0.63763E+01   0.34956E+01
   0.00000E+00   0.00000E+00   0.00000E+00   0.00000E+00   0.00000E+00
   0.00000E+00   0.00000E+00   0.00000E+00   0.00000E+00   0.00000E+00
   0.00000E+00   0.00000E+00   0.00000E+00   0.00000E+00   0.00000E+00
   0.00000E+00   0.00000E+00   0.72820E-01   0.00000E+00   0.00000E+00
   0.00000E+00   0.00000E+00   0.00000E+00   0.00000E+00   0.00000E+00
   0.00000E+00   0.00000E+00   0.00000E+00   0.00000E+00   0.00000E+00
   0.00000E+00   0.00000E+00   0.00000E+00   0.00000E+00   0.00000E+00
   0.00000E+00   0.00000E+00   0.00000E+00   0.00000E+00   0.00000E+00
   0.00000E+00   0.00000E+00   0.00000E+00   0.00000E+00   0.00000E+00
   0.00000E+00   0.00000E+00   0.00000E+00   0.00000E+00   0.00000E+00
   0.00000E+00   0.00000E+00   0.13450E+00   0.00000E+00   0.00000E+00
  -0.45261E-15   0.13393E+02   0.00000E+00   0.00000E+00   0.00000E+00
   0.10087E+03   0.00000E+00  -0.11895E-16  -0.43142E-15   0.00000E+00
  -0.67367E-15   0.00000E+00   0.60063E+02   0.00000E+00   0.00000E+00
   0.00000E+00   0.00000E+00   0.00000E+00   0.00000E+00   0.00000E+00
   0.00000E+00   0.00000E+00   0.00000E+00   0.00000E+00   0.00000E+00
   0.00000E+00   0.00000E+00   0.31300E+02   0.50617E+02   0.00000E+00
   0.10000E+01   0.10000E+01   0.10000E+01   0.10000E+01   0.10000E+01

   0.56957E+01   0.41949E+01   0.50906E+01   0.31068E+01   0.23443E+02
   0.23303E+01   0.18940E+01   0.20652E+01   0.15961E+01   0.17860E+01
   0.22732E+01   0.17965E+01   0.18687E+01   0.15862E+01   0.18476E+01
   0.25581E+01   0.21344E+01   0.23055E+01   0.19480E+01   0.18846E+01
   0.22946E+01   0.20666E+01   0.11783E+02   0.58074E+01   0.19511E+02
   0.11076E+00   0.90029E-01   0.94928E-01   0.78695E-01   0.86347E-01
   0.11611E+02   0.67445E+01   0.24706E+02   0.20937E+03   0.11990E+02
   0.21534E+01   0.17220E+01   0.17911E+01   0.15266E+01   0.16882E+01
   0.15131E+00   0.81586E-01   0.91458E-01   0.60282E-01   0.80569E-01
   0.11634E+00   0.81173E-01   0.13855E+00   0.38864E-01   0.88199E-01
   0.26670E+01   0.17485E+01   0.24233E+01   0.15987E+01   0.16284E+02
   0.21390E+01   0.17299E+01   0.17935E+01   0.15295E+01   0.16773E+01
   0.20010E+01   0.21303E+01   0.84926E+01   0.53108E+01   0.91320E+01
   0.34550E+01   0.44565E+01   0.25625E+02   0.19389E+02   0.10751E+02
   0.23449E+01   0.18380E+01   0.19388E+01   0.16004E+01   0.19480E+01
   0.21395E+01   0.17216E+01   0.17836E+01   0.15223E+01   0.16899E+01
   0.88813E-01   0.68534E-01   0.71368E-01   0.43723E-01   0.72520E-01
   0.68863E-01   0.14503E+00   0.22996E+00   0.45352E-01   0.43764E-01
   0.21663E+01   0.17268E+01   0.17941E+01   0.15356E+01   0.17212E+01
   0.21387E+01   0.17237E+01   0.18042E+01   0.15339E+01   0.16912E+01
   0.21585E+01   0.17281E+01   0.18012E+01   0.15306E+01   0.16981E+01
   0.22747E+01   0.18370E+01   0.19728E+01   0.16571E+01   0.17968E+01
   0.26210E+01   0.18758E+01   0.20074E+01   0.16637E+01   0.23612E+01
   0.21789E+01   0.17377E+01   0.18033E+01   0.15382E+01   0.17387E+01
   0.18872E+00   0.19276E+00   0.39888E+00   0.29337E-01   0.87717E-01
   0.17316E+01   0.16398E+02   0.14337E+01   0.12827E+01   0.59033E+00
   0.16070E+03   0.38423E+02   0.17796E+02   0.24325E+02   0.19784E+02
   0.36087E+02   0.70046E+02   0.13801E+03   0.18292E+02   0.17706E+02
   0.26698E+02   0.23310E+02   0.24397E+02   0.87372E+01   0.15910E+02
   0.25583E+02   0.17545E+02   0.21974E+02   0.11780E+02   0.10814E+02
   0.35945E+02   0.25596E+02   0.11771E+03   0.12172E+03   0.32343E+02
   0.10000E+01   0.10000E+01   0.10000E+01   0.10000E+01   0.10000E+01

   0.00000   0.00000   0.00000   0.00000   0.68870
  -0.00000   0.00000   0.00000   0.00000   0.00000
   0.00000   0.00000   0.00000   0.00000   0.00000
   0.00000   0.00000   0.00000   0.00000   0.00000
   0.00000   0.00000   0.13961   0.02327   0.48224
   0.00000   0.00000   0.00000   0.00000   0.00000
   0.00000  -0.00000   0.00000   0.87932   0.00000
   0.00000   0.00000   0.00000   0.00000   0.00000
   0.00000   0.00000   0.00000   0.00000   0.00000
   0.00000   0.00000  -0.00000   0.00000   0.00000
   0.00000   0.00000   0.00000   0.00000   0.73526
   0.00000   0.00000   0.00000   0.00000   0.00000
   0.00000   0.00000   0.18538   0.07836   0.32124
   0.00000  -0.00000   0.24267   0.17280   0.09581
   0.00000   0.00000   0.00000   0.00000   0.00000
   0.00000   0.00000   0.00000   0.00000   0.00000
   0.00000   0.00000   0.00000   0.00000   0.00000
   0.00000   0.00000   0.34613   0.00000   0.00000
   0.00000   0.00000   0.00000   0.00000   0.00000
   0.00000   0.00000   0.00000   0.00000   0.00000
   0.00000   0.00000   0.00000   0.00000   0.00000
   0.00000   0.00000   0.00000   0.00000   0.00000
   0.00000   0.00000   0.00000   0.00000   0.00000
   0.00000   0.00000   0.00000   0.00000   0.00000
   0.00000   0.00000   0.33117   0.00000   0.00000
   0.00000   0.82920   0.00000   0.00000   0.00000
   0.63275   0.00000  -0.00000   0.00000   0.00000
   0.00000   0.00000   0.45106   0.00000   0.00000
   0.00000   0.00000   0.00000   0.00000   0.00000
   0.00000   0.00000   0.00000   0.00000   0.00000
   0.00000   0.00000   0.18537   0.30010   0.00000
   1.00000   1.00000   1.00000   1.00000   1.00000

   0.24874   0.18666   0.22622   0.13703   0.99469
   1.00000   1.00000   1.00000   1.00000   1.00000
   1.00000   1.00000   1.00000   1.00000   1.00000
   0.99863   1.00000   1.00000   1.00000   0.98955
   0.08764   0.07876   0.44209   0.22050   0.72521
   1.00000   1.00000   1.00000   1.00000   1.00000
   0.05663   0.03286   0.11769   0.98988   0.05855
   1.00000   1.00000   1.00000   1.00000   1.00000
   0.98282   0.62284   0.67018   0.42285   0.59362
   0.70586   0.55295   0.86738   0.25482   0.55890
   0.16876   0.11037   0.15265   0.10094   0.98881
   1.00000   1.00000   1.00000   1.00000   1.00000
   0.11901   0.12638   0.49601   0.31328   0.53445
   0.09437   0.12142   0.68190   0.52147   0.29199
   1.00000   1.00000   1.00000   1.00000   1.00000
   1.00000   1.00000   1.00000   1.00000   1.00000
   0.98613   0.87984   0.91199   0.65094   0.93125
   0.28675   0.60665   1.00000   0.19197   0.18179
   1.00000   1.00000   1.00000   1.00000   1.00000
   1.00000   1.00000   1.00000   1.00000   1.00000
   1.00000   1.00000   1.00000   1.00000   1.00000
   1.00000   1.00000   1.00000   1.00000   1.00000
   1.00000   0.96797   0.98113   0.93611   1.00000
   1.00000   1.00000   1.00000   1.00000   1.00000
   0.43010   0.46054   0.92808   0.06932   0.20335
   0.10669   1.00000   0.08836   0.07906   0.03638
   1.00000   0.24078   0.11159   0.15247   0.12408
   0.25799   0.51423   0.98205   0.13362   0.12898
   0.78754   0.78713   0.77898   0.26987   0.48807
   0.99176   0.83999   0.94531   0.57629   0.59111
   0.20210   0.14814   0.68039   0.69313   0.18263
   1.00000   1.00000   1.00000   1.00000   1.00000
