
       0      -0.084
    0    0    0    0
    0    0    0    0
    0    0    0    0
    0    0    0    0


   0.00000E+00   0.00000E+00   0.00000E+00   0.80522E+01
   0.00000E+00   0.00000E+00   0.00000E+00   0.00000E+00
   0.00000E+00   0.00000E+00   0.00000E+00   0.00000E+00
   0.12976E+01   0.00000E+00   0.00000E+00   0.82824E+01
   0.00000E+00   0.00000E+00   0.00000E+00   0.00000E+00
   0.12850E+03   0.00000E+00   0.00000E+00   0.00000E+00
   0.00000E+00   0.00000E+00   0.00000E+00   0.00000E+00
   0.00000E+00   0.00000E+00   0.00000E+00   0.00000E+00
   0.00000E+00   0.00000E+00   0.00000E+00   0.00000E+00
   0.00000E+00   0.00000E+00   0.00000E+00   0.72801E+01
   0.00000E+00   0.00000E+00   0.00000E+00   0.00000E+00
   0.13574E+01   0.00000E+00   0.00000E+00   0.48360E+01
   0.52879E+01   0.00000E+00   0.00000E+00   0.36299E+01
   0.00000E+00   0.00000E+00  -0.26840E-20   0.00000E+00
   0.00000E+00   0.00000E+00   0.00000E+00   0.00000E+00
   0.00000E+00   0.00000E+00   0.00000E+00   0.00000E+00
   0.00000E+00   0.00000E+00   0.00000E+00   0.00000E+00
   0.00000E+00   0.00000E+00   0.00000E+00   0.00000E+00
   0.00000E+00   0.00000E+00   0.00000E+00   0.00000E+00
   0.00000E+00   0.00000E+00   0.00000E+00   0.00000E+00
   0.00000E+00   0.00000E+00   0.00000E+00   0.00000E+00
   0.00000E+00   0.00000E+00   0.00000E+00   0.00000E+00
   0.00000E+00   0.00000E+00   0.00000E+00   0.00000E+00
   0.00000E+00   0.00000E+00   0.00000E+00   0.19701E-01
   0.00000E+00   0.22941E+02   0.00000E+00   0.00000E+00
   0.00000E+00  -0.58740E-25   0.91846E+02   0.00000E+00
   0.00000E+00   0.00000E+00   0.00000E+00   0.19467E+02
   0.00000E+00   0.00000E+00   0.00000E+00   0.00000E+00
   0.00000E+00   0.00000E+00   0.00000E+00   0.00000E+00
   0.23714E+02   0.00000E+00   0.00000E+00   0.00000E+00
   0.10000E+01   0.10000E+01   0.10000E+01   0.10000E+01

   0.43984E+01   0.10636E+02   0.11002E+02   0.23811E+02
   0.30569E+01   0.52730E+01   0.57711E+01   0.49716E+01
   0.31332E+01   0.52845E+01   0.58925E+01   0.50571E+01
   0.85043E+01   0.68508E+01   0.55711E+01   0.19423E+02
   0.15839E+00   0.26538E+00   0.29118E+00   0.25176E+00
   0.18692E+03   0.17872E+02   0.11655E+02   0.15597E+02
   0.30974E+01   0.52077E+01   0.57339E+01   0.48950E+01
   0.80769E-01   0.16800E+00   0.18775E+00   0.16471E+00
   0.10645E+00   0.17778E+00   0.20185E+00   0.18392E+00
   0.20560E+01   0.54110E+01   0.44102E+01   0.16002E+02
   0.30988E+01   0.52111E+01   0.57381E+01   0.48972E+01
   0.72850E+01   0.74291E+01   0.69252E+01   0.14436E+02
   0.20667E+02   0.17520E+02   0.18892E+02   0.22234E+02
   0.31330E+01   0.54748E+01   0.59546E+01   0.52414E+01
   0.30675E+01   0.52023E+01   0.57290E+01   0.49359E+01
   0.88576E-01   0.18549E+00   0.20399E+00   0.19460E+00
   0.13044E+00   0.31009E+00   0.32416E+00   0.31142E+00
   0.30813E+01   0.52578E+01   0.57593E+01   0.49382E+01
   0.30980E+01   0.51848E+01   0.56893E+01   0.48769E+01
   0.30690E+01   0.52011E+01   0.57559E+01   0.49257E+01
   0.32206E+01   0.53592E+01   0.59354E+01   0.50658E+01
   0.32338E+01   0.55391E+01   0.60820E+01   0.54716E+01
   0.30637E+01   0.52124E+01   0.57912E+01   0.49585E+01
   0.15568E+00   0.28645E+00   0.31785E+00   0.38509E+00
   0.60782E+01   0.32461E+02   0.53530E+01   0.36455E+01
   0.38983E+02   0.99191E+02   0.20985E+03   0.39135E+02
   0.59661E+02   0.11671E+03   0.13569E+03   0.14306E+03
   0.35797E+02   0.76643E+02   0.84966E+02   0.75098E+02
   0.28757E+02   0.55209E+02   0.62249E+02   0.53931E+02
   0.12249E+03   0.99776E+02   0.14019E+03   0.11342E+03
   0.10000E+01   0.10000E+01   0.10000E+01   0.10000E+01

   0.00000   0.00000   0.00000   0.47271
   0.00000   0.00000   0.00000   0.00000
   0.00000   0.00000   0.00000   0.00000
   0.06864   0.00000   0.00000   0.45914
   0.00000   0.00000   0.00000   0.00000
   0.88348   0.00000   0.00000   0.00000
   0.00000   0.00000   0.00000   0.00000
   0.00000   0.00000   0.00000   0.00000
   0.00000   0.00000   0.00000   0.00000
   0.00000   0.00000   0.00000   0.60720
   0.00000   0.00000   0.00000   0.00000
   0.08663   0.00000   0.00000   0.31278
   0.17370   0.00000   0.00000   0.11391
   0.00000   0.00000  -0.00000   0.00000
   0.00000   0.00000   0.00000   0.00000
   0.00000   0.00000   0.00000   0.00000
   0.00000   0.00000   0.00000   0.00000
   0.00000   0.00000   0.00000   0.00000
   0.00000   0.00000   0.00000   0.00000
   0.00000   0.00000   0.00000   0.00000
   0.00000   0.00000   0.00000   0.00000
   0.00000   0.00000   0.00000   0.00000
   0.00000   0.00000   0.00000   0.00000
   0.00000   0.00000   0.00000   0.06493
   0.00000   0.73099   0.00000   0.00000
   0.00000   0.00000   0.45012   0.00000
   0.00000   0.00000   0.00000   0.12166
   0.00000   0.00000   0.00000   0.00000
   0.00000   0.00000   0.00000   0.00000
   0.15032   0.00000   0.00000   0.00000
   1.00000   1.00000   1.00000   1.00000

   0.22156   0.50203   0.50805   1.00000
   1.00000   1.00000   1.00000   1.00000
   1.00000   1.00000   1.00000   1.00000
   0.40489   0.33641   0.27532   0.87484
   1.00000   1.00000   1.00000   1.00000
   1.00000   0.10076   0.06645   0.09133
   1.00000   1.00000   1.00000   1.00000
   0.88757   1.00000   1.00000   1.00000
   0.88943   1.00000   1.00000   1.00000
   0.14774   0.38266   0.31405   1.00000
   1.00000   1.00000   1.00000   1.00000
   0.41426   0.43782   0.40793   0.81149
   0.57744   0.50558   0.52852   0.64925
   1.00000   1.00000   1.00000   1.00000
   1.00000   1.00000   1.00000   1.00000
   0.74571   1.00000   1.00000   1.00000
   0.40086   0.85532   0.85418   0.88256
   1.00000   1.00000   1.00000   1.00000
   1.00000   1.00000   1.00000   1.00000
   1.00000   1.00000   1.00000   1.00000
   1.00000   1.00000   1.00000   1.00000
   1.00000   1.00000   1.00000   1.00000
   1.00000   1.00000   1.00000   1.00000
   0.41673   0.73610   0.77456   0.95248
   0.19138   1.00000   0.16819   0.11486
   0.19000   0.48270   1.00000   0.19082
   0.33609   0.63954   0.71367   0.76999
   0.78289   1.00000   1.00000   1.00000
   0.92552   1.00000   1.00000   1.00000
   0.71055   0.58989   0.73057   0.64571
   1.00000   1.00000   1.00000   1.00000
