
       0      -0.084
    0    0    0    0
    0    0    0    0
    0    0    0    0
    0    0    0    0


   0.00000E+00   0.00000E+00   0.00000E+00   0.11397E+02
   0.00000E+00   0.00000E+00   0.00000E+00   0.00000E+00
   0.00000E+00   0.00000E+00   0.00000E+00   0.00000E+00
   0.26555E+01   0.00000E+00   0.00000E+00   0.10470E+02
   0.00000E+00   0.00000E+00   0.00000E+00   0.00000E+00
   0.13736E+03   0.00000E+00   0.00000E+00   0.00000E+00
   0.00000E+00   0.00000E+00   0.00000E+00   0.00000E+00
   0.00000E+00   0.00000E+00   0.00000E+00   0.00000E+00
   0.00000E+00   0.00000E+00   0.00000E+00   0.00000E+00
   0.00000E+00   0.00000E+00   0.00000E+00   0.88348E+01
   0.00000E+00   0.00000E+00   0.00000E+00   0.00000E+00
   0.24383E+01   0.00000E+00   0.00000E+00   0.64794E+01
   0.83082E+01   0.00000E+00   0.00000E+00   0.69849E+01
   0.00000E+00   0.00000E+00   0.00000E+00   0.00000E+00
   0.00000E+00   0.00000E+00   0.00000E+00   0.00000E+00
   0.00000E+00   0.00000E+00   0.00000E+00   0.00000E+00
   0.00000E+00   0.00000E+00   0.00000E+00   0.52342E-01
   0.00000E+00   0.00000E+00   0.00000E+00   0.00000E+00
   0.00000E+00   0.00000E+00   0.00000E+00   0.00000E+00
   0.00000E+00   0.00000E+00   0.00000E+00   0.00000E+00
   0.00000E+00   0.00000E+00   0.00000E+00   0.00000E+00
   0.00000E+00   0.00000E+00   0.00000E+00   0.00000E+00
   0.00000E+00   0.00000E+00   0.00000E+00   0.00000E+00
   0.00000E+00   0.00000E+00   0.00000E+00   0.91239E-01
   0.00000E+00   0.23786E+02   0.00000E+00   0.00000E+00
   0.00000E+00   0.00000E+00   0.99331E+02   0.00000E+00
   0.74548E+01   0.00000E+00   0.49045E+01   0.41384E+02
   0.00000E+00   0.00000E+00   0.00000E+00   0.00000E+00
   0.00000E+00   0.00000E+00   0.00000E+00   0.00000E+00
   0.44852E+02   0.00000E+00   0.00000E+00   0.82752E+01
   0.10000E+01   0.10000E+01   0.10000E+01   0.10000E+01

   0.27521E+01   0.70154E+01   0.70741E+01   0.20999E+02
   0.15715E+01   0.27200E+01   0.29922E+01   0.25828E+01
   0.16019E+01   0.26991E+01   0.30601E+01   0.27001E+01
   0.69404E+01   0.47379E+01   0.33674E+01   0.17490E+02
   0.80052E-01   0.13626E+00   0.15295E+00   0.13120E+00
   0.17624E+03   0.15993E+02   0.10065E+02   0.11352E+02
   0.15773E+01   0.26389E+01   0.29274E+01   0.25273E+01
   0.40324E-01   0.99222E-01   0.11488E+00   0.10214E+00
   0.63653E-01   0.97340E-01   0.11973E+00   0.11807E+00
   0.15102E+01   0.40257E+01   0.31408E+01   0.14602E+02
   0.15781E+01   0.26407E+01   0.29297E+01   0.25281E+01
   0.59076E+01   0.53911E+01   0.50052E+01   0.12176E+02
   0.16635E+02   0.12395E+02   0.13714E+02   0.17494E+02
   0.16295E+01   0.28493E+01   0.31567E+01   0.28815E+01
   0.15643E+01   0.26615E+01   0.29235E+01   0.25492E+01
   0.45357E-01   0.10790E+00   0.12133E+00   0.12949E+00
   0.87264E-01   0.22806E+00   0.20724E+00   0.22588E+00
   0.15658E+01   0.26731E+01   0.30008E+01   0.25718E+01
   0.15623E+01   0.26247E+01   0.28793E+01   0.24918E+01
   0.15886E+01   0.26925E+01   0.29703E+01   0.25716E+01
   0.16886E+01   0.27597E+01   0.31006E+01   0.26958E+01
   0.16567E+01   0.28510E+01   0.32052E+01   0.30536E+01
   0.15763E+01   0.26623E+01   0.30013E+01   0.25734E+01
   0.10190E+00   0.18984E+00   0.21454E+00   0.28981E+00
   0.49594E+01   0.31970E+02   0.48241E+01   0.24991E+01
   0.28445E+02   0.88075E+02   0.20746E+03   0.26801E+02
   0.44445E+02   0.82939E+02   0.10307E+03   0.11098E+03
   0.18088E+02   0.47291E+02   0.53477E+02   0.49085E+02
   0.14726E+02   0.32743E+02   0.38639E+02   0.33602E+02
   0.97966E+02   0.58370E+02   0.98370E+02   0.80633E+02
   0.10000E+01   0.10000E+01   0.10000E+01   0.10000E+01

   0.00000   0.00000   0.00000   0.63639
   0.00000   0.00000   0.00000   0.00000
   0.00000   0.00000   0.00000   0.00000
   0.13779   0.00000   0.00000   0.55295
   0.00000   0.00000   0.00000   0.00000
   0.88409   0.00000   0.00000   0.00000
   0.00000   0.00000   0.00000   0.00000
   0.00000   0.00000   0.00000   0.00000
   0.00000   0.00000   0.00000   0.00000
   0.00000   0.00000   0.00000   0.68881
   0.00000   0.00000   0.00000   0.00000
   0.15159   0.00000   0.00000   0.40453
   0.26251   0.00000   0.00000   0.21578
   0.00000   0.00000   0.00000   0.00000
   0.00000   0.00000   0.00000   0.00000
   0.00000   0.00000   0.00000   0.00000
   0.00000   0.00000   0.00000   0.17898
   0.00000   0.00000   0.00000   0.00000
   0.00000   0.00000   0.00000   0.00000
   0.00000   0.00000   0.00000   0.00000
   0.00000   0.00000   0.00000   0.00000
   0.00000   0.00000   0.00000   0.00000
   0.00000   0.00000   0.00000   0.00000
   0.00000   0.00000   0.00000   0.28189
   0.00000   0.75344   0.00000   0.00000
   0.00000   0.00000   0.48567   0.00000
   0.04307   0.00000   0.02925   0.24849
   0.00000   0.00000   0.00000   0.00000
   0.00000   0.00000   0.00000   0.00000
   0.28340   0.00000   0.00000   0.05331
   1.00000   1.00000   1.00000   1.00000

   0.14399   0.35795   0.35404   1.00000
   1.00000   1.00000   1.00000   1.00000
   1.00000   1.00000   1.00000   1.00000
   0.34303   0.23816   0.16921   0.83653
   1.00000   1.00000   1.00000   1.00000
   1.00000   0.09386   0.05949   0.06749
   1.00000   1.00000   1.00000   1.00000
   0.58344   0.98654   1.00000   1.00000
   0.66658   0.90596   0.96002   0.95491
   0.11039   0.29342   0.22908   0.99864
   1.00000   1.00000   1.00000   1.00000
   0.34886   0.32466   0.30037   0.71328
   0.48894   0.37339   0.40301   0.52228
   1.00000   1.00000   1.00000   1.00000
   1.00000   1.00000   1.00000   1.00000
   0.47245   0.90626   0.95085   1.00000
   0.27810   0.69501   0.62135   0.69574
   1.00000   1.00000   1.00000   1.00000
   1.00000   1.00000   1.00000   1.00000
   1.00000   1.00000   1.00000   1.00000
   1.00000   1.00000   1.00000   1.00000
   1.00000   1.00000   1.00000   1.00000
   1.00000   1.00000   1.00000   1.00000
   0.28555   0.53350   0.57922   0.79490
   0.15633   1.00000   0.15181   0.07880
   0.13864   0.42920   1.00000   0.13070
   0.25511   0.47098   0.57466   0.62056
   0.46984   0.95334   0.98517   1.00000
   0.61208   0.97915   1.00000   1.00000
   0.59355   0.36334   0.56099   0.48376
   1.00000   1.00000   1.00000   1.00000
