
       0      -0.084
    0    0    0    0
    0    0    0    0
    0    0    0    0
    0    0    0    0


   0.00000E+00   0.00000E+00   0.00000E+00   0.62505E+01
   0.00000E+00   0.00000E+00   0.00000E+00   0.00000E+00
   0.00000E+00   0.00000E+00   0.00000E+00   0.00000E+00
   0.51032E+00   0.00000E+00  -0.99397E-16   0.71477E+01
   0.00000E+00   0.00000E+00   0.00000E+00   0.00000E+00
   0.12330E+03   0.00000E+00  -0.16806E-14  -0.13460E-14
   0.00000E+00   0.00000E+00   0.00000E+00   0.00000E+00
   0.00000E+00   0.00000E+00   0.00000E+00   0.00000E+00
   0.00000E+00   0.00000E+00   0.00000E+00   0.00000E+00
   0.00000E+00   0.00000E+00   0.00000E+00   0.64376E+01
   0.00000E+00   0.00000E+00   0.00000E+00   0.00000E+00
   0.72749E+00   0.00000E+00   0.00000E+00   0.39741E+01
   0.35121E+01   0.00000E+00   0.00000E+00   0.17570E+01
   0.00000E+00   0.00000E+00  -0.13438E-17   0.00000E+00
   0.00000E+00   0.00000E+00   0.00000E+00   0.00000E+00
   0.00000E+00   0.00000E+00   0.00000E+00   0.00000E+00
   0.00000E+00   0.00000E+00   0.00000E+00   0.00000E+00
   0.00000E+00   0.00000E+00   0.00000E+00   0.00000E+00
   0.00000E+00   0.00000E+00   0.00000E+00   0.00000E+00
   0.00000E+00   0.00000E+00   0.00000E+00   0.00000E+00
   0.00000E+00   0.00000E+00   0.00000E+00   0.00000E+00
   0.00000E+00   0.00000E+00  -0.31953E-17   0.00000E+00
   0.00000E+00   0.00000E+00   0.00000E+00   0.00000E+00
   0.00000E+00   0.00000E+00   0.00000E+00   0.00000E+00
  -0.14498E-25   0.22503E+02   0.00000E+00  -0.97284E-16
   0.00000E+00  -0.58740E-25   0.87150E+02   0.00000E+00
   0.00000E+00   0.00000E+00   0.00000E+00   0.67621E+01
  -0.65158E-16   0.00000E+00   0.00000E+00   0.00000E+00
   0.00000E+00   0.00000E+00   0.00000E+00   0.00000E+00
   0.11186E+02   0.00000E+00   0.00000E+00   0.00000E+00
   0.10000E+01   0.10000E+01   0.10000E+01   0.10000E+01

   0.54397E+01   0.12582E+02   0.13146E+02   0.25507E+02
   0.40664E+01   0.67712E+01   0.74529E+01   0.64227E+01
   0.41493E+01   0.68699E+01   0.75266E+01   0.65302E+01
   0.93740E+01   0.78588E+01   0.67483E+01   0.20609E+02
   0.20916E+00   0.34151E+00   0.37598E+00   0.32251E+00
   0.19305E+03   0.18866E+02   0.12611E+02   0.18734E+02
   0.41003E+01   0.67409E+01   0.74039E+01   0.63651E+01
   0.10787E+00   0.20647E+00   0.23049E+00   0.20155E+00
   0.13457E+00   0.21996E+00   0.24618E+00   0.22241E+00
   0.23934E+01   0.60421E+01   0.50639E+01   0.16768E+02
   0.41020E+01   0.67453E+01   0.74091E+01   0.63680E+01
   0.80381E+01   0.83823E+01   0.79306E+01   0.15597E+02
   0.22826E+02   0.20149E+02   0.21673E+02   0.25104E+02
   0.41499E+01   0.70012E+01   0.76472E+01   0.67163E+01
   0.40799E+01   0.67962E+01   0.74046E+01   0.63942E+01
   0.11604E+00   0.22629E+00   0.24822E+00   0.23171E+00
   0.15784E+00   0.35670E+00   0.38127E+00   0.36286E+00
   0.40509E+01   0.67992E+01   0.74367E+01   0.64103E+01
   0.41116E+01   0.67623E+01   0.73933E+01   0.63364E+01
   0.40345E+01   0.67617E+01   0.74280E+01   0.63628E+01
   0.42008E+01   0.69458E+01   0.76109E+01   0.65399E+01
   0.42604E+01   0.70817E+01   0.77676E+01   0.68906E+01
   0.40745E+01   0.67761E+01   0.74402E+01   0.64142E+01
   0.18714E+00   0.33620E+00   0.37395E+00   0.43660E+00
   0.66919E+01   0.32711E+02   0.57440E+01   0.46630E+01
   0.45365E+02   0.10520E+03   0.21125E+03   0.47458E+02
   0.68286E+02   0.13469E+03   0.15258E+03   0.16225E+03
   0.46957E+02   0.92847E+02   0.10183E+03   0.90576E+02
   0.37161E+02   0.68453E+02   0.76168E+02   0.66238E+02
   0.13618E+03   0.12172E+03   0.16354E+03   0.13333E+03
   0.10000E+01   0.10000E+01   0.10000E+01   0.10000E+01

   0.00000   0.00000   0.00000   0.37888
   0.00000   0.00000   0.00000   0.00000
   0.00000   0.00000   0.00000   0.00000
   0.02726   0.00000  -0.00000   0.40989
   0.00000   0.00000   0.00000   0.00000
   0.88318   0.00000  -0.00000  -0.00000
   0.00000   0.00000   0.00000   0.00000
   0.00000   0.00000   0.00000   0.00000
   0.00000   0.00000   0.00000   0.00000
   0.00000   0.00000   0.00000   0.56130
   0.00000   0.00000   0.00000   0.00000
   0.04709   0.00000   0.00000   0.26304
   0.11810   0.00000   0.00000   0.05565
   0.00000   0.00000  -0.00000   0.00000
   0.00000   0.00000   0.00000   0.00000
   0.00000   0.00000   0.00000   0.00000
   0.00000   0.00000   0.00000   0.00000
   0.00000   0.00000   0.00000   0.00000
   0.00000   0.00000   0.00000   0.00000
   0.00000   0.00000   0.00000   0.00000
   0.00000   0.00000   0.00000   0.00000
   0.00000   0.00000  -0.00000   0.00000
   0.00000   0.00000   0.00000   0.00000
   0.00000   0.00000   0.00000   0.00000
  -0.00000   0.71918   0.00000  -0.00000
   0.00000   0.00000   0.42747   0.00000
   0.00000   0.00000   0.00000   0.04332
  -0.00000   0.00000   0.00000   0.00000
   0.00000   0.00000   0.00000   0.00000
   0.07107   0.00000   0.00000   0.00000
   1.00000   1.00000   1.00000   1.00000

   0.26691   0.56866   0.57895   1.00000
   1.00000   1.00000   1.00000   1.00000
   1.00000   1.00000   1.00000   1.00000
   0.43644   0.37963   0.32910   0.89651
   1.00000   1.00000   1.00000   1.00000
   1.00000   0.10344   0.07093   0.10869
   1.00000   1.00000   1.00000   1.00000
   1.00000   1.00000   1.00000   1.00000
   0.97392   1.00000   1.00000   1.00000
   0.17006   0.41718   0.35388   1.00000
   1.00000   1.00000   1.00000   1.00000
   0.44714   0.48552   0.46108   0.84904
   0.61883   0.56580   0.58949   0.71148
   1.00000   1.00000   1.00000   1.00000
   1.00000   1.00000   1.00000   1.00000
   0.86308   1.00000   1.00000   1.00000
   0.47230   0.92700   0.93434   0.95834
   1.00000   1.00000   1.00000   1.00000
   1.00000   1.00000   1.00000   1.00000
   1.00000   1.00000   1.00000   1.00000
   1.00000   1.00000   1.00000   1.00000
   1.00000   1.00000   1.00000   1.00000
   1.00000   1.00000   1.00000   1.00000
   0.48506   0.81278   0.85785   0.98414
   0.21057   1.00000   0.18045   0.14698
   0.22111   0.51174   1.00000   0.23121
   0.38041   0.71788   0.77614   0.84744
   0.90069   1.00000   1.00000   1.00000
   1.00000   1.00000   1.00000   1.00000
   0.76969   0.69175   0.79685   0.72308
   1.00000   1.00000   1.00000   1.00000
