
       0      -0.084
    0    0    0    0
    0    0    0    0
    0    0    0    0
    0    0    0    0


   0.00000E+00   0.00000E+00   0.00000E+00   0.98558E+01
   0.00000E+00   0.00000E+00   0.00000E+00   0.00000E+00
   0.00000E+00   0.00000E+00   0.00000E+00   0.00000E+00
   0.20669E+01   0.00000E+00   0.00000E+00   0.94625E+01
   0.00000E+00   0.00000E+00   0.00000E+00   0.00000E+00
   0.13341E+03   0.00000E+00   0.00000E+00   0.00000E+00
   0.00000E+00   0.00000E+00   0.00000E+00   0.00000E+00
   0.00000E+00   0.00000E+00   0.00000E+00   0.00000E+00
   0.00000E+00   0.00000E+00   0.00000E+00   0.00000E+00
   0.00000E+00   0.00000E+00   0.00000E+00   0.80996E+01
   0.00000E+00   0.00000E+00   0.00000E+00   0.00000E+00
   0.19482E+01   0.00000E+00   0.00000E+00   0.56934E+01
   0.69516E+01   0.00000E+00   0.00000E+00   0.54866E+01
   0.00000E+00   0.00000E+00   0.00000E+00   0.00000E+00
   0.00000E+00   0.00000E+00   0.00000E+00   0.00000E+00
   0.00000E+00   0.00000E+00   0.00000E+00   0.00000E+00
   0.00000E+00   0.00000E+00   0.00000E+00   0.23379E-01
   0.00000E+00   0.00000E+00   0.00000E+00   0.00000E+00
   0.00000E+00   0.00000E+00   0.00000E+00   0.00000E+00
   0.00000E+00   0.00000E+00   0.00000E+00   0.00000E+00
   0.00000E+00   0.00000E+00   0.00000E+00   0.00000E+00
   0.00000E+00   0.00000E+00   0.00000E+00   0.00000E+00
   0.00000E+00   0.00000E+00   0.00000E+00   0.00000E+00
   0.00000E+00   0.00000E+00   0.00000E+00   0.58838E-01
   0.00000E+00   0.23404E+02   0.00000E+00   0.00000E+00
   0.00000E+00  -0.58740E-25   0.96021E+02   0.00000E+00
   0.19238E+01   0.00000E+00   0.00000E+00   0.31220E+02
   0.00000E+00   0.00000E+00   0.00000E+00   0.00000E+00
   0.00000E+00   0.00000E+00   0.00000E+00   0.00000E+00
   0.35083E+02   0.00000E+00   0.00000E+00   0.00000E+00
   0.10000E+01   0.10000E+01   0.10000E+01   0.10000E+01

   0.34605E+01   0.87597E+01   0.88981E+01   0.22270E+02
   0.22349E+01   0.38227E+01   0.42496E+01   0.36097E+01
   0.22696E+01   0.38699E+01   0.42905E+01   0.37426E+01
   0.76682E+01   0.57621E+01   0.43845E+01   0.18361E+02
   0.11341E+00   0.19229E+00   0.21438E+00   0.18327E+00
   0.18101E+03   0.16865E+02   0.10799E+02   0.13114E+02
   0.22046E+01   0.37580E+01   0.41287E+01   0.36014E+01
   0.57814E-01   0.13029E+00   0.14780E+00   0.12995E+00
   0.81944E-01   0.13599E+00   0.15874E+00   0.14772E+00
   0.17467E+01   0.47337E+01   0.37446E+01   0.15251E+02
   0.22057E+01   0.37605E+01   0.41732E+01   0.35636E+01
   0.65378E+01   0.64282E+01   0.59285E+01   0.13176E+02
   0.18491E+02   0.14845E+02   0.16167E+02   0.19514E+02
   0.22977E+01   0.39728E+01   0.43888E+01   0.39253E+01
   0.22122E+01   0.37597E+01   0.41491E+01   0.36001E+01
   0.63670E-01   0.14392E+00   0.16057E+00   0.15919E+00
   0.10654E+00   0.26602E+00   0.26405E+00   0.26318E+00
   0.22266E+01   0.38113E+01   0.41937E+01   0.36333E+01
   0.22031E+01   0.37425E+01   0.41325E+01   0.35490E+01
   0.22179E+01   0.38178E+01   0.41974E+01   0.36227E+01
   0.23566E+01   0.39313E+01   0.43833E+01   0.37390E+01
   0.23544E+01   0.40240E+01   0.44895E+01   0.40980E+01
   0.22406E+01   0.38171E+01   0.42132E+01   0.36484E+01
   0.12591E+00   0.23580E+00   0.26316E+00   0.33358E+00
   0.55074E+01   0.32209E+02   0.50491E+01   0.29326E+01
   0.32856E+02   0.93192E+02   0.20853E+03   0.31550E+02
   0.51591E+02   0.98132E+02   0.11863E+03   0.12506E+03
   0.25698E+02   0.60744E+02   0.67615E+02   0.60899E+02
   0.20806E+02   0.42946E+02   0.49362E+02   0.42718E+02
   0.10933E+03   0.78359E+02   0.11705E+03   0.95024E+02
   0.10000E+01   0.10000E+01   0.10000E+01   0.10000E+01

   0.00000   0.00000   0.00000   0.56154
   0.00000   0.00000   0.00000   0.00000
   0.00000   0.00000   0.00000   0.00000
   0.10825   0.00000   0.00000   0.51026
   0.00000   0.00000   0.00000   0.00000
   0.88373   0.00000   0.00000   0.00000
   0.00000   0.00000   0.00000   0.00000
   0.00000   0.00000   0.00000   0.00000
   0.00000   0.00000   0.00000   0.00000
   0.00000   0.00000   0.00000   0.64979
   0.00000   0.00000   0.00000   0.00000
   0.12260   0.00000   0.00000   0.36101
   0.22345   0.00000   0.00000   0.17066
   0.00000   0.00000   0.00000   0.00000
   0.00000   0.00000   0.00000   0.00000
   0.00000   0.00000   0.00000   0.00000
   0.00000   0.00000   0.00000   0.08181
   0.00000   0.00000   0.00000   0.00000
   0.00000   0.00000   0.00000   0.00000
   0.00000   0.00000   0.00000   0.00000
   0.00000   0.00000   0.00000   0.00000
   0.00000   0.00000   0.00000   0.00000
   0.00000   0.00000   0.00000   0.00000
   0.00000   0.00000   0.00000   0.18701
   0.00000   0.74333   0.00000   0.00000
   0.00000  -0.00000   0.47019   0.00000
   0.01108   0.00000   0.00000   0.19086
   0.00000   0.00000   0.00000   0.00000
   0.00000   0.00000   0.00000   0.00000
   0.22187   0.00000   0.00000   0.00000
   1.00000   1.00000   1.00000   1.00000

   0.17819   0.43087   0.42951   1.00000
   1.00000   1.00000   1.00000   1.00000
   1.00000   1.00000   1.00000   1.00000
   0.37285   0.28680   0.21884   0.85425
   1.00000   1.00000   1.00000   1.00000
   1.00000   0.09776   0.06261   0.07734
   1.00000   1.00000   1.00000   1.00000
   0.73777   1.00000   1.00000   1.00000
   0.77378   1.00000   1.00000   0.99611
   0.12673   0.34028   0.27056   1.00000
   1.00000   1.00000   1.00000   1.00000
   0.37973   0.38358   0.35298   0.75957
   0.53206   0.43913   0.46472   0.57693
   1.00000   1.00000   1.00000   1.00000
   1.00000   1.00000   1.00000   1.00000
   0.60597   1.00000   0.99503   1.00000
   0.33469   0.77673   0.74969   0.78393
   1.00000   1.00000   1.00000   1.00000
   1.00000   1.00000   1.00000   1.00000
   1.00000   1.00000   1.00000   1.00000
   1.00000   1.00000   1.00000   1.00000
   1.00000   1.00000   1.00000   1.00000
   1.00000   1.00000   1.00000   1.00000
   0.34690   0.63915   0.67790   0.88929
   0.17351   1.00000   0.15875   0.09245
   0.16018   0.45374   1.00000   0.15381
   0.29370   0.55007   0.64408   0.68712
   0.63046   1.00000   1.00000   1.00000
   0.78089   1.00000   1.00000   1.00000
   0.65017   0.48129   0.64062   0.55905
   1.00000   1.00000   1.00000   1.00000
