
       0      -0.031
    0    0    0    0    0    0
    0    0    0    0    0    0
    0    0    0    0    0    0
    8    3    0    6    2    7


   0.00000E+00   0.00000E+00   0.00000E+00   0.12004E+02   0.00000E+00   0.00000E+00
   0.00000E+00   0.00000E+00   0.00000E+00   0.00000E+00   0.00000E+00   0.00000E+00
   0.00000E+00   0.00000E+00   0.00000E+00   0.00000E+00   0.00000E+00   0.00000E+00
   0.36035E+01   0.00000E+00   0.00000E+00   0.34086E+01   0.00000E+00   0.00000E+00
   0.00000E+00   0.00000E+00   0.00000E+00   0.00000E+00   0.00000E+00   0.00000E+00
   0.00000E+00   0.00000E+00   0.13814E+03   0.00000E+00   0.00000E+00   0.00000E+00
   0.00000E+00   0.00000E+00   0.00000E+00   0.00000E+00   0.00000E+00   0.00000E+00
   0.00000E+00   0.00000E+00   0.00000E+00   0.00000E+00   0.00000E+00   0.00000E+00
   0.00000E+00   0.00000E+00   0.00000E+00   0.00000E+00   0.00000E+00   0.00000E+00
   0.00000E+00   0.00000E+00   0.00000E+00   0.99410E+01  -0.17630E-16   0.00000E+00
   0.00000E+00   0.00000E+00  -0.47588E-23   0.00000E+00   0.00000E+00   0.00000E+00
   0.15083E+01   0.00000E+00   0.00000E+00   0.16342E+01   0.00000E+00   0.28628E+00
   0.10414E+02  -0.24962E-16   0.00000E+00  -0.26217E-15   0.00000E+00   0.00000E+00
   0.00000E+00   0.00000E+00   0.00000E+00   0.00000E+00   0.00000E+00   0.00000E+00
   0.00000E+00   0.00000E+00   0.00000E+00   0.00000E+00   0.00000E+00  -0.12197E-20
   0.00000E+00   0.00000E+00   0.00000E+00   0.00000E+00   0.00000E+00   0.00000E+00
   0.00000E+00   0.00000E+00   0.00000E+00   0.00000E+00   0.00000E+00   0.10504E+00
   0.00000E+00   0.00000E+00   0.00000E+00   0.00000E+00   0.00000E+00   0.00000E+00
   0.00000E+00   0.00000E+00   0.00000E+00   0.00000E+00   0.00000E+00   0.00000E+00
   0.00000E+00   0.00000E+00   0.00000E+00   0.00000E+00   0.00000E+00   0.00000E+00
   0.00000E+00   0.00000E+00   0.00000E+00   0.00000E+00   0.00000E+00   0.00000E+00
   0.00000E+00   0.00000E+00   0.00000E+00   0.00000E+00   0.00000E+00   0.00000E+00
   0.00000E+00   0.00000E+00   0.00000E+00   0.00000E+00   0.00000E+00   0.00000E+00
   0.00000E+00   0.00000E+00   0.00000E+00   0.00000E+00   0.00000E+00   0.12409E+00
  -0.10047E-14   0.00000E+00   0.00000E+00   0.00000E+00   0.21207E+02  -0.17930E-16
   0.00000E+00   0.70434E+02   0.00000E+00   0.00000E+00   0.00000E+00  -0.28155E-15
   0.00000E+00   0.00000E+00   0.00000E+00   0.00000E+00   0.00000E+00   0.80599E+02
   0.00000E+00   0.00000E+00   0.00000E+00   0.00000E+00   0.00000E+00   0.00000E+00
   0.00000E+00   0.00000E+00   0.00000E+00   0.00000E+00   0.00000E+00   0.00000E+00
   0.94408E+01   0.00000E+00   0.00000E+00   0.00000E+00   0.00000E+00   0.00000E+00
   0.10000E+01   0.10000E+01   0.10000E+01   0.10000E+01   0.10000E+01   0.10000E+01

   0.42675E+01   0.97043E+01   0.34161E+01   0.22965E+02   0.90695E+01   0.74050E+01
   0.33066E+01   0.42340E+01   0.21991E+01   0.32588E+01   0.37075E+01   0.34331E+01
   0.33493E+01   0.42916E+01   0.22302E+01   0.34013E+01   0.38079E+01   0.34698E+01
   0.17790E+02   0.47929E+01   0.52447E+01   0.15956E+02   0.53308E+01   0.40677E+01
   0.16734E+00   0.21321E+00   0.11118E+00   0.16503E+00   0.19019E+00   0.17548E+00
   0.14068E+02   0.18134E+02   0.18215E+03   0.11328E+02   0.17052E+02   0.15293E+02
   0.32596E+01   0.41458E+01   0.21806E+01   0.31950E+01   0.36481E+01   0.33520E+01
   0.10310E+00   0.14678E+00   0.56959E-01   0.11885E+00   0.12536E+00   0.11587E+00
   0.13315E+00   0.15248E+00   0.72597E-01   0.11896E+00   0.13045E+00   0.15179E+00
   0.21178E+01   0.42067E+01   0.17392E+01   0.16712E+02   0.51384E+01   0.46753E+01
   0.32616E+01   0.41485E+01   0.21813E+01   0.31951E+01   0.36500E+01   0.33555E+01
   0.12280E+02   0.54316E+01   0.45784E+01   0.90692E+01   0.48175E+01   0.76224E+01
   0.38433E+02   0.13577E+02   0.13044E+02   0.13152E+02   0.11777E+02   0.16734E+02
   0.34300E+01   0.43865E+01   0.22414E+01   0.35357E+01   0.38599E+01   0.35901E+01
   0.32835E+01   0.41721E+01   0.21848E+01   0.31964E+01   0.36671E+01   0.33795E+01
   0.13284E+00   0.16209E+00   0.59402E-01   0.13755E+00   0.14354E+00   0.14262E+00
   0.19277E+00   0.19067E+00   0.95251E-01   0.13908E+00   0.19067E+00   0.39592E+00
   0.32873E+01   0.41819E+01   0.21893E+01   0.32579E+01   0.37098E+01   0.34144E+01
   0.32253E+01   0.41337E+01   0.21791E+01   0.31914E+01   0.36320E+01   0.33257E+01
   0.32989E+01   0.41830E+01   0.21814E+01   0.32530E+01   0.37158E+01   0.33924E+01
   0.34767E+01   0.43760E+01   0.22872E+01   0.33574E+01   0.38083E+01   0.35436E+01
   0.35219E+01   0.44877E+01   0.22781E+01   0.37351E+01   0.39533E+01   0.36665E+01
   0.32856E+01   0.41997E+01   0.21999E+01   0.32967E+01   0.37115E+01   0.34182E+01
   0.21467E+00   0.19876E+00   0.10301E+00   0.18341E+00   0.18000E+00   0.44074E+00
   0.77098E+01   0.51028E+01   0.56729E+01   0.26181E+01   0.32285E+02   0.41730E+01
   0.72302E+02   0.20853E+03   0.36544E+02   0.26856E+02   0.92725E+02   0.32213E+02
   0.72543E+02   0.86278E+02   0.43831E+02   0.65294E+02   0.75373E+02   0.19207E+03
   0.49137E+02   0.66157E+02   0.23740E+02   0.48230E+02   0.58952E+02   0.59925E+02
   0.36663E+02   0.49458E+02   0.19812E+02   0.38036E+02   0.42231E+02   0.38199E+02
   0.17840E+03   0.80195E+02   0.79616E+02   0.50343E+02   0.55586E+02   0.87921E+02
   0.10000E+01   0.10000E+01   0.10000E+01   0.10000E+01   0.10000E+01   0.10000E+01

   0.00000   0.00000   0.00000   0.55298   0.00000   0.00000
   0.00000   0.00000   0.00000   0.00000   0.00000   0.00000
   0.00000   0.00000   0.00000   0.00000   0.00000   0.00000
   0.17620   0.00000   0.00000   0.16168   0.00000   0.00000
   0.00000   0.00000   0.00000   0.00000   0.00000   0.00000
   0.00000   0.00000   0.86596   0.00000   0.00000   0.00000
   0.00000   0.00000   0.00000   0.00000   0.00000   0.00000
   0.00000   0.00000   0.00000   0.00000   0.00000   0.00000
   0.00000   0.00000   0.00000   0.00000   0.00000   0.00000
   0.00000   0.00000   0.00000   0.65432   0.00000   0.00000
   0.00000   0.00000   0.00000   0.00000   0.00000   0.00000
   0.09013   0.00000   0.00000   0.09670   0.00000   0.01677
   0.30631   0.00000   0.00000   0.00000   0.00000   0.00000
   0.00000   0.00000   0.00000   0.00000   0.00000   0.00000
   0.00000   0.00000   0.00000   0.00000   0.00000   0.00000
   0.00000   0.00000   0.00000   0.00000   0.00000   0.00000
   0.00000   0.00000   0.00000   0.00000   0.00000   0.34849
   0.00000   0.00000   0.00000   0.00000   0.00000   0.00000
   0.00000   0.00000   0.00000   0.00000   0.00000   0.00000
   0.00000   0.00000   0.00000   0.00000   0.00000   0.00000
   0.00000   0.00000   0.00000   0.00000   0.00000   0.00000
   0.00000   0.00000   0.00000   0.00000   0.00000   0.00000
   0.00000   0.00000   0.00000   0.00000   0.00000   0.00000
   0.00000   0.00000   0.00000   0.00000   0.00000   0.36876
   0.00000   0.00000   0.00000   0.00000   0.66842   0.00000
   0.00000   0.34363   0.00000   0.00000   0.00000   0.00000
   0.00000   0.00000   0.00000   0.00000   0.00000   0.47646
   0.00000   0.00000   0.00000   0.00000   0.00000   0.00000
   0.00000   0.00000   0.00000   0.00000   0.00000   0.00000
   0.05964   0.00000   0.00000   0.00000   0.00000   0.00000
   1.00000   1.00000   1.00000   1.00000   1.00000   1.00000

   0.21811   0.44702   0.16936   1.00000   0.42810   0.35877
   1.00000   1.00000   1.00000   1.00000   1.00000   1.00000
   1.00000   1.00000   1.00000   1.00000   1.00000   1.00000
   0.80819   0.22575   0.24492   0.73026   0.25225   0.19229
   1.00000   1.00000   1.00000   1.00000   1.00000   1.00000
   0.08161   0.10423   0.99962   0.06567   0.09593   0.08756
   1.00000   1.00000   1.00000   1.00000   1.00000   1.00000
   1.00000   1.00000   0.74528   1.00000   1.00000   1.00000
   1.00000   0.99087   0.71451   0.94603   0.98312   1.00000
   0.13956   0.27323   0.11328   1.00000   0.33264   0.30640
   1.00000   1.00000   1.00000   1.00000   1.00000   1.00000
   0.69345   0.31240   0.26233   0.51527   0.27964   0.43789
   0.99656   0.37132   0.36744   0.36607   0.33055   0.46677
   1.00000   1.00000   1.00000   1.00000   1.00000   1.00000
   1.00000   1.00000   1.00000   1.00000   1.00000   1.00000
   1.00000   1.00000   0.60084   1.00000   1.00000   1.00000
   0.55839   0.51894   0.28567   0.39928   0.52707   1.00000
   1.00000   1.00000   1.00000   1.00000   1.00000   1.00000
   1.00000   1.00000   1.00000   1.00000   1.00000   1.00000
   1.00000   1.00000   1.00000   1.00000   1.00000   1.00000
   1.00000   1.00000   1.00000   1.00000   1.00000   1.00000
   1.00000   1.00000   1.00000   1.00000   1.00000   1.00000
   1.00000   1.00000   1.00000   1.00000   1.00000   1.00000
   0.56030   0.49092   0.27211   0.46169   0.45664   1.00000
   0.24300   0.16035   0.17857   0.08253   1.00000   0.13151
   0.35274   1.00000   0.17815   0.13092   0.45138   0.15712
   0.42681   0.47082   0.25192   0.36497   0.42135   1.00000
   0.99328   1.00000   0.58557   0.95620   1.00000   1.00000
   1.00000   1.00000   0.77080   1.00000   1.00000   1.00000
   1.00000   0.45632   0.48853   0.30857   0.34176   0.52823
   1.00000   1.00000   1.00000   1.00000   1.00000   1.00000
