
       0      -0.031
    0    0    0    0    0    0
    0    0    0    0    0    0
    0    0    0    0    0    0
    8    3    0    6    2    7


  -0.84684E-16   0.00000E+00   0.00000E+00   0.10946E+02   0.00000E+00   0.00000E+00
   0.00000E+00   0.00000E+00   0.00000E+00  -0.93587E-18   0.00000E+00   0.00000E+00
   0.00000E+00   0.00000E+00   0.00000E+00   0.00000E+00   0.00000E+00   0.00000E+00
   0.14424E+01   0.00000E+00   0.00000E+00   0.00000E+00   0.00000E+00   0.00000E+00
   0.00000E+00   0.00000E+00   0.00000E+00  -0.31387E-18   0.00000E+00   0.00000E+00
   0.00000E+00   0.00000E+00   0.13278E+03   0.00000E+00   0.00000E+00   0.00000E+00
   0.00000E+00  -0.44855E-27   0.00000E+00   0.00000E+00   0.00000E+00   0.00000E+00
   0.00000E+00   0.00000E+00   0.00000E+00   0.00000E+00   0.00000E+00   0.00000E+00
   0.00000E+00   0.00000E+00   0.00000E+00   0.00000E+00   0.00000E+00   0.00000E+00
   0.00000E+00   0.00000E+00   0.00000E+00   0.97017E+01  -0.71149E-16   0.00000E+00
   0.00000E+00  -0.20234E-20  -0.97591E-19   0.00000E+00   0.00000E+00   0.00000E+00
   0.00000E+00   0.00000E+00   0.00000E+00   0.48580E+00   0.00000E+00   0.00000E+00
   0.63638E+01  -0.24962E-16   0.00000E+00  -0.26217E-15   0.00000E+00  -0.78963E-15
   0.00000E+00   0.00000E+00   0.00000E+00   0.00000E+00  -0.47968E-18   0.00000E+00
   0.00000E+00   0.00000E+00   0.00000E+00   0.00000E+00   0.00000E+00  -0.12197E-20
   0.00000E+00   0.00000E+00   0.00000E+00   0.00000E+00   0.00000E+00   0.00000E+00
   0.00000E+00   0.00000E+00  -0.28024E-18  -0.10464E-16   0.00000E+00   0.65548E-01
   0.00000E+00   0.00000E+00   0.00000E+00   0.00000E+00   0.00000E+00   0.00000E+00
   0.00000E+00   0.00000E+00   0.00000E+00   0.00000E+00  -0.34275E-23   0.00000E+00
   0.00000E+00   0.00000E+00  -0.18064E-19   0.00000E+00   0.00000E+00   0.00000E+00
   0.00000E+00  -0.21939E-18   0.00000E+00   0.00000E+00   0.00000E+00   0.00000E+00
   0.00000E+00   0.00000E+00   0.00000E+00   0.00000E+00   0.00000E+00   0.00000E+00
   0.00000E+00  -0.26308E-18   0.00000E+00   0.00000E+00   0.00000E+00   0.00000E+00
   0.00000E+00   0.00000E+00   0.00000E+00   0.00000E+00   0.00000E+00   0.82960E-01
  -0.10047E-14   0.00000E+00   0.00000E+00   0.00000E+00   0.21207E+02  -0.17930E-16
   0.00000E+00   0.57119E+02   0.00000E+00  -0.60646E-16   0.00000E+00  -0.28155E-15
   0.00000E+00   0.00000E+00   0.00000E+00  -0.36792E-15   0.00000E+00   0.74606E+02
   0.00000E+00   0.00000E+00   0.00000E+00   0.00000E+00   0.00000E+00   0.00000E+00
   0.00000E+00   0.00000E+00   0.00000E+00   0.00000E+00   0.00000E+00   0.00000E+00
   0.00000E+00   0.00000E+00   0.00000E+00   0.00000E+00   0.00000E+00   0.00000E+00
   0.10000E+01   0.10000E+01   0.10000E+01   0.10000E+01   0.10000E+01   0.10000E+01

   0.49913E+01   0.11853E+02   0.43505E+01   0.24612E+02   0.11081E+02   0.95216E+01
   0.45621E+01   0.57574E+01   0.30089E+01   0.45350E+01   0.51696E+01   0.47555E+01
   0.46209E+01   0.58320E+01   0.30451E+01   0.46928E+01   0.52467E+01   0.48088E+01
   0.21971E+02   0.59873E+01   0.67626E+01   0.17522E+02   0.65463E+01   0.55499E+01
   0.23086E+00   0.29336E+00   0.15190E+00   0.22955E+00   0.26205E+00   0.24186E+00
   0.24583E+02   0.20671E+02   0.18947E+03   0.16493E+02   0.18105E+02   0.18052E+02
   0.45473E+01   0.57057E+01   0.30043E+01   0.45013E+01   0.51104E+01   0.46597E+01
   0.13934E+00   0.18707E+00   0.78678E-01   0.15337E+00   0.16445E+00   0.15192E+00
   0.17085E+00   0.19684E+00   0.96201E-01   0.15802E+00   0.17239E+00   0.18678E+00
   0.23928E+01   0.48778E+01   0.20608E+01   0.17559E+02   0.58042E+01   0.55425E+01
   0.45499E+01   0.57094E+01   0.30053E+01   0.45021E+01   0.51132E+01   0.46638E+01
   0.14319E+02   0.65371E+01   0.55046E+01   0.10426E+02   0.60925E+01   0.91566E+01
   0.40973E+02   0.16712E+02   0.16133E+02   0.16111E+02   0.15562E+02   0.20286E+02
   0.47657E+01   0.59551E+01   0.30641E+01   0.48284E+01   0.53123E+01   0.48996E+01
   0.45500E+01   0.57608E+01   0.29977E+01   0.45116E+01   0.51199E+01   0.46780E+01
   0.17260E+00   0.20391E+00   0.82670E-01   0.17488E+00   0.18413E+00   0.18006E+00
   0.24347E+00   0.24612E+00   0.12089E+00   0.18282E+00   0.23642E+00   0.43239E+00
   0.45838E+01   0.57497E+01   0.29959E+01   0.45738E+01   0.51688E+01   0.46860E+01
   0.45021E+01   0.56911E+01   0.29934E+01   0.44903E+01   0.50778E+01   0.46271E+01
   0.45439E+01   0.57434E+01   0.30200E+01   0.45684E+01   0.51707E+01   0.47036E+01
   0.47491E+01   0.59436E+01   0.31095E+01   0.46596E+01   0.52482E+01   0.48937E+01
   0.48374E+01   0.60702E+01   0.31013E+01   0.50386E+01   0.54300E+01   0.49974E+01
   0.45857E+01   0.57802E+01   0.30107E+01   0.45761E+01   0.51784E+01   0.47440E+01
   0.26846E+00   0.25585E+00   0.13229E+00   0.23100E+00   0.22856E+00   0.48187E+00
   0.79536E+01   0.54201E+01   0.62632E+01   0.34439E+01   0.32512E+02   0.55875E+01
   0.87442E+02   0.20993E+03   0.43316E+02   0.35397E+02   0.98581E+02   0.44738E+02
   0.85611E+02   0.10554E+03   0.53305E+02   0.81919E+02   0.93157E+02   0.20567E+03
   0.65397E+02   0.83360E+02   0.33039E+02   0.64070E+02   0.75208E+02   0.74268E+02
   0.48403E+02   0.62474E+02   0.26779E+02   0.49716E+02   0.54465E+02   0.49801E+02
   0.19524E+03   0.10785E+03   0.95123E+02   0.69778E+02   0.79680E+02   0.10867E+03
   0.10000E+01   0.10000E+01   0.10000E+01   0.10000E+01   0.10000E+01   0.10000E+01

  -0.00000   0.00000   0.00000   0.48011   0.00000   0.00000
   0.00000   0.00000   0.00000  -0.00000   0.00000   0.00000
   0.00000   0.00000   0.00000   0.00000   0.00000   0.00000
   0.07079   0.00000   0.00000   0.00000   0.00000   0.00000
   0.00000   0.00000   0.00000  -0.00000   0.00000   0.00000
   0.00000   0.00000   0.81723   0.00000   0.00000   0.00000
   0.00000  -0.00000   0.00000   0.00000   0.00000   0.00000
   0.00000   0.00000   0.00000   0.00000   0.00000   0.00000
   0.00000   0.00000   0.00000   0.00000   0.00000   0.00000
   0.00000   0.00000   0.00000   0.63070  -0.00000   0.00000
   0.00000  -0.00000  -0.00000   0.00000   0.00000   0.00000
   0.00000   0.00000   0.00000   0.02867   0.00000   0.00000
   0.18878   0.00000   0.00000   0.00000   0.00000  -0.00000
   0.00000   0.00000   0.00000   0.00000  -0.00000   0.00000
   0.00000   0.00000   0.00000   0.00000   0.00000   0.00000
   0.00000   0.00000   0.00000   0.00000   0.00000   0.00000
   0.00000   0.00000  -0.00000  -0.00000   0.00000   0.22059
   0.00000   0.00000   0.00000   0.00000   0.00000   0.00000
   0.00000   0.00000   0.00000   0.00000  -0.00000   0.00000
   0.00000   0.00000  -0.00000   0.00000   0.00000   0.00000
   0.00000  -0.00000   0.00000   0.00000   0.00000   0.00000
   0.00000   0.00000   0.00000   0.00000   0.00000   0.00000
   0.00000  -0.00000   0.00000   0.00000   0.00000   0.00000
   0.00000   0.00000   0.00000   0.00000   0.00000   0.25216
   0.00000   0.00000   0.00000   0.00000   0.69118   0.00000
   0.00000   0.27870   0.00000  -0.00000   0.00000   0.00000
   0.00000   0.00000   0.00000  -0.00000   0.00000   0.43772
   0.00000   0.00000   0.00000   0.00000   0.00000   0.00000
   0.00000   0.00000   0.00000   0.00000   0.00000   0.00000
   0.00000   0.00000   0.00000   0.00000   0.00000   0.00000
   1.00000   1.00000   1.00000   1.00000   1.00000   1.00000

   0.25451   0.51989   0.21094   1.00000   0.49917   0.44457
   1.00000   1.00000   1.00000   1.00000   1.00000   1.00000
   1.00000   1.00000   1.00000   1.00000   1.00000   1.00000
   0.96018   0.27650   0.30666   0.77840   0.30518   0.25976
   1.00000   1.00000   1.00000   1.00000   1.00000   1.00000
   0.14278   0.11836   1.00000   0.09532   0.09974   0.10293
   1.00000   1.00000   1.00000   1.00000   1.00000   1.00000
   1.00000   1.00000   0.88827   1.00000   1.00000   1.00000
   1.00000   1.00000   0.86432   0.99866   1.00000   1.00000
   0.15874   0.31171   0.13320   1.00000   0.36930   0.36021
   1.00000   1.00000   1.00000   1.00000   1.00000   1.00000
   0.79892   0.37155   0.31078   0.58263   0.34984   0.52080
   1.00000   0.44398   0.44579   0.43943   0.42418   0.55416
   1.00000   1.00000   1.00000   1.00000   1.00000   1.00000
   1.00000   1.00000   1.00000   1.00000   1.00000   1.00000
   1.00000   1.00000   0.74453   1.00000   1.00000   1.00000
   0.66871   0.62073   0.34880   0.49491   0.61247   1.00000
   1.00000   1.00000   1.00000   1.00000   1.00000   1.00000
   1.00000   1.00000   1.00000   1.00000   1.00000   1.00000
   1.00000   1.00000   1.00000   1.00000   1.00000   1.00000
   1.00000   1.00000   1.00000   1.00000   1.00000   1.00000
   1.00000   1.00000   1.00000   1.00000   1.00000   1.00000
   1.00000   1.00000   1.00000   1.00000   1.00000   1.00000
   0.66200   0.58898   0.33802   0.55098   0.54560   1.00000
   0.25068   0.17031   0.19710   0.10853   1.00000   0.17606
   0.42665   1.00000   0.21104   0.17266   0.47977   0.21811
   0.50229   0.55168   0.30316   0.44397   0.49996   1.00000
   1.00000   1.00000   0.75840   1.00000   1.00000   1.00000
   1.00000   1.00000   0.90819   1.00000   1.00000   1.00000
   1.00000   0.58119   0.56789   0.41147   0.46471   0.62987
   1.00000   1.00000   1.00000   1.00000   1.00000   1.00000
