
       0      -0.031
    0    0    0    0    0    0
    0    0    0    0    0    0
    0    0    0    0    0    0
    8    3    0    6    2    7


   0.00000E+00   0.00000E+00   0.00000E+00   0.12752E+02   0.00000E+00   0.00000E+00
   0.00000E+00   0.00000E+00   0.00000E+00   0.00000E+00   0.00000E+00   0.00000E+00
   0.00000E+00   0.00000E+00   0.00000E+00   0.00000E+00   0.00000E+00   0.00000E+00
   0.55306E+01   0.00000E+00   0.00000E+00   0.52986E+01   0.00000E+00   0.00000E+00
   0.00000E+00   0.00000E+00   0.00000E+00   0.00000E+00   0.00000E+00   0.00000E+00
   0.00000E+00   0.00000E+00   0.14240E+03   0.00000E+00   0.00000E+00   0.00000E+00
   0.00000E+00   0.00000E+00   0.00000E+00   0.00000E+00   0.00000E+00   0.00000E+00
   0.00000E+00   0.00000E+00   0.00000E+00   0.00000E+00   0.00000E+00   0.00000E+00
   0.00000E+00   0.00000E+00   0.00000E+00   0.00000E+00   0.00000E+00   0.00000E+00
   0.00000E+00   0.00000E+00   0.00000E+00   0.10119E+02  -0.17630E-16   0.00000E+00
   0.00000E+00   0.00000E+00  -0.47588E-23   0.00000E+00   0.00000E+00   0.00000E+00
   0.28133E+01   0.00000E+00   0.00000E+00   0.25120E+01   0.00000E+00   0.10447E+01
   0.14224E+02  -0.24962E-16   0.00000E+00  -0.26217E-15   0.00000E+00   0.00000E+00
   0.00000E+00   0.00000E+00   0.00000E+00   0.00000E+00   0.00000E+00   0.00000E+00
   0.00000E+00   0.00000E+00   0.00000E+00   0.00000E+00   0.00000E+00  -0.12197E-20
   0.00000E+00   0.00000E+00   0.00000E+00   0.00000E+00   0.00000E+00   0.00000E+00
   0.00000E+00   0.00000E+00   0.00000E+00   0.00000E+00   0.00000E+00   0.13847E+00
   0.00000E+00   0.00000E+00   0.00000E+00   0.00000E+00   0.00000E+00   0.00000E+00
   0.00000E+00   0.00000E+00   0.00000E+00   0.00000E+00   0.00000E+00   0.00000E+00
   0.00000E+00   0.00000E+00   0.00000E+00   0.00000E+00   0.00000E+00   0.00000E+00
   0.00000E+00   0.00000E+00   0.00000E+00   0.00000E+00   0.00000E+00   0.00000E+00
   0.00000E+00   0.00000E+00   0.00000E+00   0.00000E+00   0.00000E+00   0.00000E+00
   0.00000E+00   0.00000E+00   0.00000E+00   0.00000E+00   0.00000E+00   0.00000E+00
   0.00000E+00   0.00000E+00   0.00000E+00   0.00000E+00   0.00000E+00   0.15864E+00
  -0.10047E-14   0.00000E+00   0.00000E+00   0.00000E+00   0.21959E+02  -0.17930E-16
   0.00000E+00   0.81124E+02   0.00000E+00   0.00000E+00   0.00000E+00  -0.28155E-15
   0.00000E+00   0.00000E+00   0.00000E+00   0.00000E+00   0.00000E+00   0.86542E+02
   0.00000E+00   0.00000E+00   0.00000E+00   0.00000E+00   0.00000E+00   0.00000E+00
   0.00000E+00   0.00000E+00   0.00000E+00   0.00000E+00   0.00000E+00   0.00000E+00
   0.34356E+02   0.00000E+00   0.00000E+00   0.00000E+00   0.00000E+00   0.00000E+00
   0.10000E+01   0.10000E+01   0.10000E+01   0.10000E+01   0.10000E+01   0.10000E+01

   0.34974E+01   0.79060E+01   0.26884E+01   0.21499E+02   0.72337E+01   0.56120E+01
   0.23188E+01   0.30152E+01   0.15457E+01   0.22695E+01   0.26023E+01   0.24159E+01
   0.23486E+01   0.30489E+01   0.15726E+01   0.24002E+01   0.26849E+01   0.24810E+01
   0.15523E+02   0.36542E+01   0.39713E+01   0.14639E+02   0.41698E+01   0.29638E+01
   0.11735E+00   0.15116E+00   0.78321E-01   0.11502E+00   0.13410E+00   0.12608E+00
   0.10653E+02   0.15879E+02   0.17431E+03   0.82637E+01   0.16072E+02   0.13332E+02
   0.22671E+01   0.29062E+01   0.15360E+01   0.22235E+01   0.25578E+01   0.23432E+01
   0.71787E-01   0.11390E+00   0.39728E-01   0.90997E-01   0.92926E-01   0.86780E-01
   0.10089E+00   0.11113E+00   0.54579E-01   0.86721E-01   0.91026E-01   0.12276E+00
   0.16505E+01   0.35856E+01   0.14759E+01   0.15848E+02   0.44802E+01   0.39210E+01
   0.22685E+01   0.28748E+01   0.15365E+01   0.22231E+01   0.25272E+01   0.23462E+01
   0.10669E+02   0.43790E+01   0.37234E+01   0.79640E+01   0.35921E+01   0.64095E+01
   0.35944E+02   0.10396E+02   0.10305E+02   0.10588E+02   0.80986E+01   0.13674E+02
   0.24283E+01   0.30902E+01   0.15833E+01   0.25335E+01   0.27355E+01   0.25590E+01
   0.22787E+01   0.29397E+01   0.15447E+01   0.22182E+01   0.25593E+01   0.23574E+01
   0.97891E-01   0.12377E+00   0.41365E-01   0.10591E+00   0.10723E+00   0.11061E+00
   0.15309E+00   0.14020E+00   0.73744E-01   0.10476E+00   0.15048E+00   0.36493E+00
   0.23073E+01   0.29778E+01   0.15383E+01   0.23152E+01   0.26157E+01   0.24051E+01
   0.22550E+01   0.28799E+01   0.15435E+01   0.21879E+01   0.25371E+01   0.23153E+01
   0.23271E+01   0.29941E+01   0.15613E+01   0.22786E+01   0.25879E+01   0.23914E+01
   0.24754E+01   0.30805E+01   0.16293E+01   0.23557E+01   0.26845E+01   0.25130E+01
   0.24778E+01   0.32424E+01   0.16195E+01   0.27323E+01   0.27814E+01   0.25936E+01
   0.23364E+01   0.29760E+01   0.15456E+01   0.23050E+01   0.26026E+01   0.23984E+01
   0.16805E+00   0.14628E+00   0.80534E-01   0.14584E+00   0.13291E+00   0.40784E+00
   0.69706E+01   0.48955E+01   0.51689E+01   0.20532E+01   0.32108E+02   0.34434E+01
   0.61000E+02   0.20748E+03   0.30253E+02   0.21433E+02   0.87565E+02   0.26487E+02
   0.63473E+02   0.69213E+02   0.36374E+02   0.51239E+02   0.57325E+02   0.17906E+03
   0.34554E+02   0.51095E+02   0.16531E+02   0.35458E+02   0.44893E+02   0.48451E+02
   0.27438E+02   0.38732E+02   0.14054E+02   0.28853E+02   0.31597E+02   0.29000E+02
   0.16160E+03   0.58570E+02   0.65970E+02   0.34596E+02   0.36095E+02   0.71924E+02
   0.10000E+01   0.10000E+01   0.10000E+01   0.10000E+01   0.10000E+01   0.10000E+01

   0.00000   0.00000   0.00000   0.62120   0.00000   0.00000
   0.00000   0.00000   0.00000   0.00000   0.00000   0.00000
   0.00000   0.00000   0.00000   0.00000   0.00000   0.00000
   0.26936   0.00000   0.00000   0.25402   0.00000   0.00000
   0.00000   0.00000   0.00000   0.00000   0.00000   0.00000
   0.00000   0.00000   0.88113   0.00000   0.00000   0.00000
   0.00000   0.00000   0.00000   0.00000   0.00000   0.00000
   0.00000   0.00000   0.00000   0.00000   0.00000   0.00000
   0.00000   0.00000   0.00000   0.00000   0.00000   0.00000
   0.00000   0.00000   0.00000   0.66678  -0.00000   0.00000
   0.00000   0.00000  -0.00000   0.00000   0.00000   0.00000
   0.16718   0.00000   0.00000   0.14840   0.00000   0.06128
   0.41547  -0.00000   0.00000  -0.00000   0.00000   0.00000
   0.00000   0.00000   0.00000   0.00000   0.00000   0.00000
   0.00000   0.00000   0.00000   0.00000   0.00000  -0.00000
   0.00000   0.00000   0.00000   0.00000   0.00000   0.00000
   0.00000   0.00000   0.00000   0.00000   0.00000   0.45360
   0.00000   0.00000   0.00000   0.00000   0.00000   0.00000
   0.00000   0.00000   0.00000   0.00000   0.00000   0.00000
   0.00000   0.00000   0.00000   0.00000   0.00000   0.00000
   0.00000   0.00000   0.00000   0.00000   0.00000   0.00000
   0.00000   0.00000   0.00000   0.00000   0.00000   0.00000
   0.00000   0.00000   0.00000   0.00000   0.00000   0.00000
   0.00000   0.00000   0.00000   0.00000   0.00000   0.46391
  -0.00000   0.00000   0.00000   0.00000   0.69202  -0.00000
   0.00000   0.39572   0.00000   0.00000   0.00000  -0.00000
   0.00000   0.00000   0.00000   0.00000   0.00000   0.51186
   0.00000   0.00000   0.00000   0.00000   0.00000   0.00000
   0.00000   0.00000   0.00000   0.00000   0.00000   0.00000
   0.21955   0.00000   0.00000   0.00000   0.00000   0.00000
   1.00000   1.00000   1.00000   1.00000   1.00000   1.00000

   0.17907   0.37880   0.13510   0.99713   0.35535   0.27916
   1.00000   1.00000   1.00000   1.00000   1.00000   1.00000
   1.00000   1.00000   1.00000   1.00000   1.00000   1.00000
   0.71770   0.17390   0.18820   0.68230   0.19902   0.14098
   1.00000   1.00000   1.00000   1.00000   1.00000   1.00000
   0.06181   0.09216   0.98466   0.04798   0.09177   0.07686
   1.00000   1.00000   1.00000   1.00000   1.00000   1.00000
   0.93313   0.99170   0.58264   1.00000   0.97298   0.97770
   0.95061   0.92884   0.58246   0.80585   0.86068   1.00000
   0.10888   0.23503   0.09675   0.99659   0.29349   0.25847
   1.00000   1.00000   1.00000   1.00000   1.00000   1.00000
   0.61146   0.25406   0.21611   0.45776   0.20966   0.37053
   0.98906   0.29125   0.29387   0.29873   0.23094   0.38680
   1.00000   1.00000   1.00000   1.00000   1.00000   1.00000
   1.00000   1.00000   1.00000   1.00000   1.00000   1.00000
   0.95894   0.96839   0.44516   0.95779   0.93774   0.97355
   0.46079   0.40645   0.22721   0.31377   0.43863   1.00000
   1.00000   1.00000   1.00000   1.00000   1.00000   1.00000
   1.00000   1.00000   1.00000   1.00000   1.00000   1.00000
   1.00000   1.00000   1.00000   1.00000   1.00000   1.00000
   1.00000   1.00000   1.00000   1.00000   1.00000   1.00000
   1.00000   1.00000   1.00000   1.00000   1.00000   1.00000
   1.00000   1.00000   1.00000   1.00000   1.00000   1.00000
   0.45368   0.38109   0.21811   0.38294   0.35485   1.00000
   0.21967   0.15397   0.16281   0.06472   0.99882   0.10855
   0.29757   1.00000   0.14753   0.10451   0.42664   0.12920
   0.37357   0.39008   0.21093   0.29238   0.33063   1.00000
   0.89229   0.96583   0.43291   0.83471   0.95307   1.00000
   0.96983   0.99975   0.59774   0.97690   0.97594   0.98090
   0.98506   0.34870   0.41427   0.21645   0.22764   0.44538
   1.00000   1.00000   1.00000   1.00000   1.00000   1.00000
