
       0      -0.031
    0    0    0    0    0    0
    0    0    0    0    0    0
    0    0    0    0    0    0
    8    3    0    6    2    7


  -0.84684E-16   0.00000E+00  -0.80271E-17   0.10042E+02   0.00000E+00  -0.22048E-16
   0.00000E+00   0.00000E+00   0.00000E+00  -0.93587E-18   0.00000E+00   0.00000E+00
   0.00000E+00   0.00000E+00   0.00000E+00   0.00000E+00   0.00000E+00   0.00000E+00
   0.00000E+00   0.00000E+00   0.00000E+00   0.00000E+00   0.00000E+00   0.00000E+00
   0.00000E+00   0.00000E+00   0.00000E+00  -0.31387E-18   0.00000E+00   0.00000E+00
   0.00000E+00   0.00000E+00   0.10719E+03   0.00000E+00   0.00000E+00   0.00000E+00
   0.00000E+00  -0.44855E-27   0.00000E+00   0.00000E+00   0.00000E+00   0.00000E+00
   0.00000E+00   0.00000E+00   0.00000E+00   0.00000E+00   0.00000E+00   0.00000E+00
   0.00000E+00   0.00000E+00   0.00000E+00   0.00000E+00   0.00000E+00   0.00000E+00
   0.00000E+00   0.00000E+00  -0.25443E-16   0.91241E+01  -0.71149E-16   0.00000E+00
   0.00000E+00  -0.20234E-20  -0.97591E-19   0.00000E+00   0.00000E+00   0.00000E+00
   0.00000E+00   0.00000E+00  -0.11342E-15   0.00000E+00   0.00000E+00   0.00000E+00
   0.18273E+01  -0.24962E-16   0.00000E+00  -0.26217E-15   0.00000E+00  -0.78963E-15
   0.00000E+00   0.00000E+00   0.00000E+00   0.00000E+00  -0.47968E-18   0.00000E+00
   0.00000E+00   0.00000E+00   0.00000E+00   0.00000E+00   0.00000E+00  -0.12197E-20
   0.00000E+00   0.00000E+00   0.00000E+00   0.00000E+00   0.00000E+00   0.00000E+00
  -0.85574E-19   0.00000E+00  -0.28024E-18  -0.10464E-16   0.00000E+00   0.17744E-01
   0.00000E+00   0.00000E+00   0.00000E+00   0.00000E+00   0.00000E+00   0.00000E+00
   0.00000E+00   0.00000E+00   0.00000E+00   0.00000E+00  -0.32579E-20   0.00000E+00
   0.00000E+00   0.00000E+00  -0.18064E-19   0.00000E+00   0.00000E+00   0.00000E+00
   0.00000E+00  -0.21939E-18   0.00000E+00   0.00000E+00   0.00000E+00   0.00000E+00
   0.00000E+00   0.00000E+00   0.00000E+00   0.00000E+00   0.00000E+00   0.00000E+00
   0.00000E+00  -0.26308E-18   0.00000E+00   0.00000E+00   0.00000E+00   0.00000E+00
   0.00000E+00   0.00000E+00   0.00000E+00   0.00000E+00   0.00000E+00   0.39701E-01
  -0.10047E-14   0.00000E+00   0.00000E+00  -0.77992E-16   0.21207E+02  -0.17930E-16
   0.00000E+00   0.44129E+02   0.00000E+00  -0.60646E-16   0.00000E+00  -0.28155E-15
   0.00000E+00   0.00000E+00   0.00000E+00  -0.36792E-15   0.00000E+00   0.68444E+02
   0.00000E+00   0.00000E+00   0.00000E+00   0.00000E+00   0.00000E+00   0.00000E+00
   0.00000E+00   0.00000E+00   0.00000E+00   0.00000E+00   0.00000E+00   0.00000E+00
   0.00000E+00   0.00000E+00   0.00000E+00   0.00000E+00   0.00000E+00   0.00000E+00
   0.10000E+01   0.10000E+01   0.10000E+01   0.10000E+01   0.10000E+01   0.10000E+01

   0.83833E+01   0.13924E+02   0.53428E+01   0.26314E+02   0.13023E+02   0.11700E+02
   0.59642E+01   0.74395E+01   0.39323E+01   0.59819E+01   0.67165E+01   0.61922E+01
   0.61062E+01   0.75310E+01   0.39743E+01   0.61569E+01   0.68186E+01   0.62636E+01
   0.25361E+02   0.74305E+01   0.83042E+01   0.19088E+02   0.77028E+01   0.70831E+01
   0.30181E+00   0.37497E+00   0.19834E+00   0.30269E+00   0.34056E+00   0.31389E+00
   0.64471E+02   0.24002E+02   0.19628E+03   0.22043E+02   0.19168E+02   0.21909E+02
   0.59571E+01   0.73696E+01   0.39071E+01   0.59733E+01   0.66772E+01   0.61075E+01
   0.17752E+00   0.22979E+00   0.10291E+00   0.18974E+00   0.20464E+00   0.19119E+00
   0.21019E+00   0.24161E+00   0.12277E+00   0.20022E+00   0.21653E+00   0.22533E+00
   0.47785E+01   0.54632E+01   0.24000E+01   0.18385E+02   0.63675E+01   0.64156E+01
   0.59605E+01   0.73744E+01   0.39084E+01   0.59748E+01   0.66809E+01   0.61123E+01
   0.17066E+02   0.75878E+01   0.64664E+01   0.11778E+02   0.72477E+01   0.10824E+02
   0.43566E+02   0.19789E+02   0.19245E+02   0.19138E+02   0.18952E+02   0.24049E+02
   0.62135E+01   0.76080E+01   0.39583E+01   0.62941E+01   0.69008E+01   0.63689E+01
   0.59537E+01   0.73855E+01   0.39099E+01   0.59500E+01   0.66863E+01   0.61126E+01
   0.21367E+00   0.24858E+00   0.10792E+00   0.21443E+00   0.22472E+00   0.22040E+00
   0.29674E+00   0.30204E+00   0.14984E+00   0.22893E+00   0.28339E+00   0.47227E+00
   0.59874E+01   0.74272E+01   0.39511E+01   0.60223E+01   0.67502E+01   0.61747E+01
   0.59465E+01   0.73959E+01   0.39187E+01   0.59308E+01   0.66682E+01   0.61022E+01
   0.59991E+01   0.74153E+01   0.39360E+01   0.59568E+01   0.67497E+01   0.61925E+01
   0.61701E+01   0.75954E+01   0.40749E+01   0.61370E+01   0.68211E+01   0.63623E+01
   0.63121E+01   0.77808E+01   0.40318E+01   0.65176E+01   0.70121E+01   0.64934E+01
   0.59915E+01   0.74293E+01   0.39353E+01   0.60265E+01   0.67305E+01   0.61845E+01
   0.32599E+00   0.31012E+00   0.16369E+00   0.28109E+00   0.27797E+00   0.52424E+00
   0.90231E+01   0.58431E+01   0.69264E+01   0.52257E+01   0.32757E+02   0.92284E+01
   0.99387E+02   0.21134E+03   0.49037E+02   0.51297E+02   0.10466E+03   0.74072E+02
   0.95176E+02   0.12472E+03   0.63466E+02   0.99312E+02   0.10978E+03   0.21969E+03
   0.81789E+02   0.10121E+03   0.43132E+02   0.80413E+02   0.91318E+02   0.89635E+02
   0.60773E+02   0.76402E+02   0.34841E+02   0.61799E+02   0.67404E+02   0.62646E+02
   0.21260E+03   0.13698E+03   0.11127E+03   0.90050E+02   0.10269E+03   0.13366E+03
   0.10000E+01   0.10000E+01   0.10000E+01   0.10000E+01   0.10000E+01   0.10000E+01

   0.00000   0.00000  -0.00000   0.41902   0.00000  -0.00000
   0.00000   0.00000   0.00000   0.00000   0.00000   0.00000
   0.00000   0.00000   0.00000   0.00000   0.00000   0.00000
   0.00000   0.00000   0.00000   0.00000   0.00000   0.00000
   0.00000   0.00000   0.00000   0.00000   0.00000   0.00000
   0.00000   0.00000   0.62444   0.00000   0.00000   0.00000
   0.00000   0.00000   0.00000   0.00000   0.00000   0.00000
   0.00000   0.00000   0.00000   0.00000   0.00000   0.00000
   0.00000   0.00000   0.00000   0.00000   0.00000   0.00000
   0.00000   0.00000  -0.00000   0.58715   0.00000   0.00000
   0.00000   0.00000   0.00000   0.00000   0.00000   0.00000
   0.00000   0.00000  -0.00000   0.00000   0.00000   0.00000
   0.05457   0.00000   0.00000  -0.00000   0.00000   0.00000
   0.00000   0.00000   0.00000   0.00000   0.00000   0.00000
   0.00000   0.00000   0.00000   0.00000   0.00000   0.00000
   0.00000   0.00000   0.00000   0.00000   0.00000   0.00000
  -0.00000   0.00000   0.00000   0.00000   0.00000   0.06078
   0.00000   0.00000   0.00000   0.00000   0.00000   0.00000
   0.00000   0.00000   0.00000   0.00000  -0.00000   0.00000
   0.00000   0.00000   0.00000   0.00000   0.00000   0.00000
   0.00000   0.00000   0.00000   0.00000   0.00000   0.00000
   0.00000   0.00000   0.00000   0.00000   0.00000   0.00000
   0.00000   0.00000   0.00000   0.00000   0.00000   0.00000
   0.00000   0.00000   0.00000   0.00000   0.00000   0.12380
   0.00000   0.00000   0.00000  -0.00000   0.70915   0.00000
   0.00000   0.21530   0.00000   0.00000   0.00000  -0.00000
   0.00000   0.00000   0.00000   0.00000   0.00000   0.37791
   0.00000   0.00000   0.00000   0.00000   0.00000   0.00000
   0.00000   0.00000   0.00000   0.00000   0.00000   0.00000
   0.00000   0.00000   0.00000   0.00000   0.00000   0.00000
   1.00000   1.00000   1.00000   1.00000   1.00000   1.00000

   0.43336   0.58098   0.25218   1.00000   0.56028   0.52399
   1.00000   1.00000   1.00000   1.00000   1.00000   1.00000
   1.00000   1.00000   1.00000   1.00000   1.00000   1.00000
   1.00000   0.32217   0.36159   0.81804   0.34983   0.32756
   1.00000   1.00000   1.00000   1.00000   1.00000   1.00000
   0.37556   0.13777   1.00000   0.12865   0.10280   0.12460
   1.00000   1.00000   1.00000   1.00000   1.00000   1.00000
   1.00000   1.00000   0.99122   1.00000   1.00000   1.00000
   1.00000   1.00000   0.96453   1.00000   1.00000   1.00000
   0.32849   0.34364   0.15391   1.00000   0.39707   0.41285
   1.00000   1.00000   1.00000   1.00000   1.00000   1.00000
   0.93049   0.42490   0.35925   0.64329   0.41072   0.60774
   1.00000   0.50866   0.51873   0.50719   0.49776   0.64033
   1.00000   1.00000   1.00000   1.00000   1.00000   1.00000
   1.00000   1.00000   1.00000   1.00000   1.00000   1.00000
   1.00000   1.00000   0.85369   1.00000   1.00000   1.00000
   0.77433   0.70174   0.41273   0.58208   0.68693   1.00000
   1.00000   1.00000   1.00000   1.00000   1.00000   1.00000
   1.00000   1.00000   1.00000   1.00000   1.00000   1.00000
   1.00000   1.00000   1.00000   1.00000   1.00000   1.00000
   1.00000   1.00000   1.00000   1.00000   1.00000   1.00000
   1.00000   1.00000   1.00000   1.00000   1.00000   1.00000
   1.00000   1.00000   1.00000   1.00000   1.00000   1.00000
   0.75595   0.66397   0.40081   0.63236   0.62303   1.00000
   0.28438   0.18359   0.21790   0.16469   1.00000   0.29085
   0.48488   1.00000   0.23869   0.25015   0.50913   0.36120
   0.55563   0.62209   0.35253   0.51818   0.56436   1.00000
   1.00000   1.00000   0.90686   1.00000   1.00000   1.00000
   1.00000   1.00000   0.99649   1.00000   1.00000   1.00000
   1.00000   0.69925   0.64656   0.50542   0.56367   0.75749
   1.00000   1.00000   1.00000   1.00000   1.00000   1.00000
