
       0      -0.052
    0    0    0    0
    0    0    0    0
    0    0    0    0
    0    0    0    0


   0.00000E+00   0.16940E+02   0.00000E+00   0.00000E+00
   0.00000E+00   0.00000E+00   0.00000E+00   0.00000E+00
   0.00000E+00   0.00000E+00   0.00000E+00   0.00000E+00
   0.00000E+00   0.00000E+00   0.00000E+00   0.00000E+00
   0.00000E+00   0.16243E+02   0.37356E+01   0.78078E-01
   0.00000E+00   0.00000E+00   0.00000E+00   0.00000E+00
   0.00000E+00   0.00000E+00   0.17295E+03   0.00000E+00
   0.00000E+00   0.00000E+00   0.00000E+00   0.00000E+00
   0.00000E+00   0.00000E+00   0.00000E+00   0.00000E+00
   0.00000E+00   0.59518E-02   0.00000E+00   0.00000E+00
   0.00000E+00   0.11529E+02   0.00000E+00   0.00000E+00
   0.00000E+00   0.00000E+00   0.00000E+00   0.00000E+00
   0.00000E+00   0.69999E+01   0.41499E+01   0.10101E+01
   0.00000E+00   0.65808E+01   0.16902E+02   0.34266E+01
   0.00000E+00   0.00000E+00   0.00000E+00   0.00000E+00
   0.00000E+00   0.00000E+00   0.00000E+00   0.00000E+00
   0.00000E+00   0.00000E+00   0.00000E+00   0.00000E+00
   0.00000E+00   0.00000E+00   0.18857E-02   0.11287E+00
   0.00000E+00   0.00000E+00   0.00000E+00   0.00000E+00
   0.00000E+00   0.00000E+00   0.00000E+00   0.00000E+00
   0.00000E+00   0.00000E+00   0.00000E+00   0.00000E+00
   0.00000E+00   0.00000E+00   0.00000E+00   0.00000E+00
   0.00000E+00   0.00000E+00   0.00000E+00   0.00000E+00
   0.00000E+00   0.00000E+00   0.00000E+00   0.00000E+00
   0.23838E-01   0.39648E-02   0.00000E+00   0.14136E+00
   0.00000E+00   0.00000E+00   0.00000E+00   0.13830E+02
   0.10135E+03   0.00000E+00   0.00000E+00   0.00000E+00
   0.00000E+00   0.00000E+00   0.12138E+02   0.65820E+02
   0.00000E+00   0.00000E+00   0.00000E+00   0.42089E+01
   0.00000E+00   0.00000E+00   0.00000E+00   0.00000E+00
   0.00000E+00   0.00000E+00   0.99352E+02   0.26600E+01
   0.10000E+01   0.10000E+01   0.10000E+01   0.10000E+01

   0.39573E+01   0.23379E+02   0.29116E+01   0.27073E+01
   0.17574E+01   0.14272E+01   0.11800E+01   0.14737E+01
   0.17106E+01   0.14629E+01   0.11264E+01   0.13267E+01
   0.20106E+01   0.15337E+01   0.14998E+01   0.16797E+01
   0.24866E+01   0.22077E+02   0.74762E+01   0.31488E+01
   0.82711E-01   0.67539E-01   0.57052E-01   0.68127E-01
   0.11118E+02   0.11836E+02   0.19950E+03   0.66434E+01
   0.15662E+01   0.13051E+01   0.10856E+01   0.12441E+01
   0.14175E+00   0.75595E-01   0.48142E-01   0.71924E-01
   0.11765E+00   0.94878E-01   0.43704E-01   0.99334E-01
   0.22202E+01   0.15444E+02   0.16737E+01   0.13561E+01
   0.15691E+01   0.13116E+01   0.10877E+01   0.12602E+01
   0.21722E+01   0.10109E+02   0.65067E+01   0.30961E+01
   0.43078E+01   0.12126E+02   0.22723E+02   0.83080E+01
   0.17539E+01   0.15819E+01   0.11497E+01   0.13663E+01
   0.15520E+01   0.13031E+01   0.10876E+01   0.12560E+01
   0.72844E-01   0.66632E-01   0.32820E-01   0.58153E-01
   0.72897E-01   0.53185E-01   0.71118E-01   0.20595E+00
   0.15801E+01   0.13457E+01   0.10959E+01   0.12768E+01
   0.15862E+01   0.13010E+01   0.10980E+01   0.12482E+01
   0.15835E+01   0.13239E+01   0.11054E+01   0.12657E+01
   0.16922E+01   0.14166E+01   0.12369E+01   0.13733E+01
   0.20474E+01   0.20162E+01   0.11887E+01   0.14009E+01
   0.15898E+01   0.13639E+01   0.10968E+01   0.12644E+01
   0.20638E+00   0.10590E+00   0.79198E-01   0.29058E+00
   0.17033E+01   0.62596E+00   0.10687E+01   0.16334E+02
   0.16054E+03   0.20234E+02   0.21023E+02   0.41522E+02
   0.40565E+02   0.21427E+02   0.34782E+02   0.10490E+03
   0.23210E+02   0.16572E+02   0.73735E+01   0.23904E+02
   0.23672E+02   0.10079E+02   0.90617E+01   0.15278E+02
   0.46355E+02   0.35225E+02   0.13673E+03   0.44827E+02
   0.10000E+01   0.10000E+01   0.10000E+01   0.10000E+01

   0.00000   0.79552   0.00000   0.00000
   0.00000   0.00000   0.00000   0.00000
   0.00000   0.00000   0.00000   0.00000
   0.00000   0.00000   0.00000   0.00000
   0.00000   0.63723   0.14386   0.00298
   0.00000   0.00000   0.00000   0.00000
   0.00000   0.00000   0.91474   0.00000
   0.00000   0.00000   0.00000   0.00000
   0.00000   0.00000   0.00000   0.00000
   0.00000   0.04507   0.00000   0.00000
   0.00000   0.79980   0.00000   0.00000
   0.00000   0.00000   0.00000   0.00000
   0.00000   0.43617   0.25844   0.06207
   0.00000   0.18869   0.49537   0.09776
   0.00000   0.00000   0.00000   0.00000
   0.00000   0.00000   0.00000   0.00000
   0.00000   0.00000   0.00000   0.00000
   0.00000   0.00000   0.00926   0.53636
   0.00000   0.00000   0.00000   0.00000
   0.00000   0.00000   0.00000   0.00000
   0.00000   0.00000   0.00000   0.00000
   0.00000   0.00000   0.00000   0.00000
   0.00000   0.00000   0.00000   0.00000
   0.00000   0.00000   0.00000   0.00000
   0.06140   0.01011   0.00000   0.35712
   0.00000   0.00000   0.00000   0.85702
   0.63559   0.00000   0.00000   0.00000
   0.00000   0.00000   0.09357   0.50650
   0.00000   0.00000   0.00000   0.14053
   0.00000   0.00000   0.00000   0.00000
   0.00000   0.00000   0.59979   0.01568
   1.00000   1.00000   1.00000   1.00000

   0.17701   1.00000   0.13086   0.12220
   1.00000   1.00000   1.00000   1.00000
   1.00000   1.00000   1.00000   1.00000
   1.00000   0.97162   1.00000   1.00000
   0.09500   0.81802   0.28316   0.12012
   1.00000   1.00000   1.00000   1.00000
   0.05668   0.06043   0.99797   0.03383
   1.00000   1.00000   1.00000   1.00000
   0.95035   0.55592   0.35197   0.54857
   0.76384   0.64180   0.29397   0.67582
   0.14848   0.99303   0.11166   0.09051
   1.00000   1.00000   1.00000   1.00000
   0.13278   0.60743   0.39284   0.18872
   0.12113   0.34004   0.62835   0.23323
   1.00000   1.00000   1.00000   1.00000
   1.00000   1.00000   1.00000   1.00000
   0.96838   0.92635   0.52941   0.81994
   0.32187   0.23229   0.32047   0.90550
   1.00000   1.00000   1.00000   1.00000
   1.00000   1.00000   1.00000   1.00000
   1.00000   1.00000   1.00000   1.00000
   1.00000   1.00000   1.00000   1.00000
   1.00000   1.00000   0.80962   0.90326
   1.00000   1.00000   1.00000   1.00000
   0.50070   0.25899   0.19389   0.71185
   0.10514   0.03864   0.06598   1.00000
   1.00000   0.12688   0.13176   0.26028
   0.30212   0.16134   0.26137   0.78293
   0.71271   0.53003   0.23481   0.78377
   1.00000   0.57022   0.47631   0.77449
   0.26562   0.20309   0.78531   0.26013
   1.00000   1.00000   1.00000   1.00000
