

   0.00000E+00   0.00000E+00   0.40010E+01   0.00000E+00   0.00000E+00   0.00000E+00   0.00000E+00   0.00000E+00
   0.99999E+03   0.99999E+03   0.99999E+03   0.99999E+03   0.99999E+03   0.99999E+03   0.99999E+03   0.99999E+03
   0.99999E+03   0.99999E+03   0.99999E+03   0.99999E+03   0.99999E+03   0.99999E+03   0.99999E+03   0.99999E+03
   0.00000E+00   0.00000E+00   0.00000E+00   0.00000E+00   0.00000E+00   0.00000E+00   0.72391E+01   0.00000E+00
   0.99999E+03   0.99999E+03   0.99999E+03   0.99999E+03   0.99999E+03   0.99999E+03   0.99999E+03   0.99999E+03
   0.00000E+00   0.00000E+00   0.00000E+00   0.87333E+02   0.00000E+00   0.00000E+00   0.00000E+00   0.00000E+00
   0.99999E+03   0.99999E+03   0.99999E+03   0.99999E+03   0.99999E+03   0.99999E+03   0.99999E+03   0.99999E+03
   0.99999E+03   0.99999E+03   0.99999E+03   0.99999E+03   0.99999E+03   0.99999E+03   0.99999E+03   0.99999E+03
   0.99999E+03   0.99999E+03   0.99999E+03   0.99999E+03   0.99999E+03   0.99999E+03   0.99999E+03   0.99999E+03
   0.00000E+00   0.00000E+00   0.39552E+01   0.00000E+00   0.00000E+00   0.00000E+00   0.00000E+00   0.00000E+00
   0.99999E+03   0.99999E+03   0.99999E+03   0.99999E+03   0.99999E+03   0.99999E+03   0.99999E+03   0.99999E+03
   0.00000E+00   0.00000E+00   0.00000E+00   0.00000E+00   0.24859E+01   0.00000E+00   0.00000E+00   0.00000E+00
   0.00000E+00   0.59984E+01   0.00000E+00   0.00000E+00   0.00000E+00   0.00000E+00   0.00000E+00   0.00000E+00
   0.99999E+03   0.99999E+03   0.99999E+03   0.99999E+03   0.99999E+03   0.99999E+03   0.99999E+03   0.99999E+03
   0.99999E+03   0.99999E+03   0.99999E+03   0.99999E+03   0.99999E+03   0.99999E+03   0.99999E+03   0.99999E+03
   0.99999E+03   0.99999E+03   0.99999E+03   0.99999E+03   0.99999E+03   0.99999E+03   0.99999E+03   0.99999E+03
   0.99999E+03   0.99999E+03   0.99999E+03   0.99999E+03   0.99999E+03   0.99999E+03   0.99999E+03   0.99999E+03
   0.99999E+03   0.99999E+03   0.99999E+03   0.99999E+03   0.99999E+03   0.99999E+03   0.99999E+03   0.99999E+03
   0.99999E+03   0.99999E+03   0.99999E+03   0.99999E+03   0.99999E+03   0.99999E+03   0.99999E+03   0.99999E+03
   0.99999E+03   0.99999E+03   0.99999E+03   0.99999E+03   0.99999E+03   0.99999E+03   0.99999E+03   0.99999E+03
   0.99999E+03   0.99999E+03   0.99999E+03   0.99999E+03   0.99999E+03   0.99999E+03   0.99999E+03   0.99999E+03
   0.99999E+03   0.99999E+03   0.99999E+03   0.99999E+03   0.99999E+03   0.99999E+03   0.99999E+03   0.99999E+03
   0.99999E+03   0.99999E+03   0.99999E+03   0.99999E+03   0.99999E+03   0.99999E+03   0.99999E+03   0.99999E+03
   0.99999E+03   0.99999E+03   0.99999E+03   0.99999E+03   0.99999E+03   0.99999E+03   0.99999E+03   0.99999E+03
   0.12915E+02   0.00000E+00   0.00000E+00   0.00000E+00   0.00000E+00   0.00000E+00   0.00000E+00   0.00000E+00
   0.00000E+00   0.00000E+00   0.00000E+00   0.00000E+00   0.00000E+00   0.65826E+02   0.00000E+00   0.00000E+00
   0.00000E+00   0.00000E+00   0.00000E+00   0.00000E+00   0.00000E+00   0.00000E+00   0.00000E+00   0.74184E+02
   0.99999E+03   0.99999E+03   0.99999E+03   0.99999E+03   0.99999E+03   0.99999E+03   0.99999E+03   0.99999E+03
   0.99999E+03   0.99999E+03   0.99999E+03   0.99999E+03   0.99999E+03   0.99999E+03   0.99999E+03   0.99999E+03
   0.99999E+03   0.99999E+03   0.99999E+03   0.99999E+03   0.99999E+03   0.99999E+03   0.99999E+03   0.99999E+03
   0.99999E+03   0.99999E+03   0.99999E+03   0.99999E+03   0.99999E+03   0.99999E+03   0.99999E+03   0.99999E+03
   0.99999E+03   0.99999E+03   0.99999E+03   0.99999E+03   0.99999E+03   0.99999E+03   0.99999E+03   0.99999E+03
   0.10000E+01   0.10000E+01   0.10000E+01   0.10000E+01   0.10000E+01   0.10000E+01   0.10000E+01   0.10000E+01

   0.64365E+01   0.66561E+01   0.20289E+02   0.21684E+01   0.11393E+02   0.65269E+01   0.11842E+02   0.42080E+01
  -0.99999E+03  -0.99999E+03  -0.99999E+03  -0.99999E+03  -0.99999E+03  -0.99999E+03  -0.99999E+03  -0.99999E+03
  -0.99999E+03  -0.99999E+03  -0.99999E+03  -0.99999E+03  -0.99999E+03  -0.99999E+03  -0.99999E+03  -0.99999E+03
   0.51785E+01   0.86952E+01   0.92855E+01   0.49084E+01   0.58264E+01   0.47062E+01   0.21977E+02   0.27858E+01
  -0.99999E+03  -0.99999E+03  -0.99999E+03  -0.99999E+03  -0.99999E+03  -0.99999E+03  -0.99999E+03  -0.99999E+03
   0.12797E+02   0.30886E+02   0.14694E+02   0.14036E+03   0.14559E+02   0.14339E+02   0.52225E+01   0.48291E+01
  -0.99999E+03  -0.99999E+03  -0.99999E+03  -0.99999E+03  -0.99999E+03  -0.99999E+03  -0.99999E+03  -0.99999E+03
  -0.99999E+03  -0.99999E+03  -0.99999E+03  -0.99999E+03  -0.99999E+03  -0.99999E+03  -0.99999E+03  -0.99999E+03
  -0.99999E+03  -0.99999E+03  -0.99999E+03  -0.99999E+03  -0.99999E+03  -0.99999E+03  -0.99999E+03  -0.99999E+03
   0.37352E+01   0.44096E+01   0.15372E+02   0.12422E+01   0.80245E+01   0.31470E+01   0.90450E+01   0.16062E+01
  -0.99999E+03  -0.99999E+03  -0.99999E+03  -0.99999E+03  -0.99999E+03  -0.99999E+03  -0.99999E+03  -0.99999E+03
   0.47998E+01   0.10240E+02   0.80597E+01   0.34897E+01   0.16189E+02   0.43092E+01   0.78613E+01   0.22578E+01
   0.10525E+02   0.34295E+02   0.10197E+02   0.90813E+01   0.16706E+02   0.10937E+02   0.18914E+02   0.73708E+01
  -0.99999E+03  -0.99999E+03  -0.99999E+03  -0.99999E+03  -0.99999E+03  -0.99999E+03  -0.99999E+03  -0.99999E+03
  -0.99999E+03  -0.99999E+03  -0.99999E+03  -0.99999E+03  -0.99999E+03  -0.99999E+03  -0.99999E+03  -0.99999E+03
  -0.99999E+03  -0.99999E+03  -0.99999E+03  -0.99999E+03  -0.99999E+03  -0.99999E+03  -0.99999E+03  -0.99999E+03
  -0.99999E+03  -0.99999E+03  -0.99999E+03  -0.99999E+03  -0.99999E+03  -0.99999E+03  -0.99999E+03  -0.99999E+03
  -0.99999E+03  -0.99999E+03  -0.99999E+03  -0.99999E+03  -0.99999E+03  -0.99999E+03  -0.99999E+03  -0.99999E+03
  -0.99999E+03  -0.99999E+03  -0.99999E+03  -0.99999E+03  -0.99999E+03  -0.99999E+03  -0.99999E+03  -0.99999E+03
  -0.99999E+03  -0.99999E+03  -0.99999E+03  -0.99999E+03  -0.99999E+03  -0.99999E+03  -0.99999E+03  -0.99999E+03
  -0.99999E+03  -0.99999E+03  -0.99999E+03  -0.99999E+03  -0.99999E+03  -0.99999E+03  -0.99999E+03  -0.99999E+03
  -0.99999E+03  -0.99999E+03  -0.99999E+03  -0.99999E+03  -0.99999E+03  -0.99999E+03  -0.99999E+03  -0.99999E+03
  -0.99999E+03  -0.99999E+03  -0.99999E+03  -0.99999E+03  -0.99999E+03  -0.99999E+03  -0.99999E+03  -0.99999E+03
  -0.99999E+03  -0.99999E+03  -0.99999E+03  -0.99999E+03  -0.99999E+03  -0.99999E+03  -0.99999E+03  -0.99999E+03
   0.30233E+02   0.10693E+02   0.17746E+01   0.39216E+01   0.14970E+02   0.55240E+01   0.61636E+01   0.38119E+01
   0.89585E+02   0.80097E+02   0.21106E+02   0.23970E+02   0.91110E+02   0.19898E+03   0.47889E+02   0.29669E+02
   0.62368E+02   0.89182E+02   0.49049E+02   0.33194E+02   0.83578E+02   0.70968E+02   0.59592E+02   0.18854E+03
  -0.99999E+03  -0.99999E+03  -0.99999E+03  -0.99999E+03  -0.99999E+03  -0.99999E+03  -0.99999E+03  -0.99999E+03
  -0.99999E+03  -0.99999E+03  -0.99999E+03  -0.99999E+03  -0.99999E+03  -0.99999E+03  -0.99999E+03  -0.99999E+03
  -0.99999E+03  -0.99999E+03  -0.99999E+03  -0.99999E+03  -0.99999E+03  -0.99999E+03  -0.99999E+03  -0.99999E+03
  -0.99999E+03  -0.99999E+03  -0.99999E+03  -0.99999E+03  -0.99999E+03  -0.99999E+03  -0.99999E+03  -0.99999E+03
  -0.99999E+03  -0.99999E+03  -0.99999E+03  -0.99999E+03  -0.99999E+03  -0.99999E+03  -0.99999E+03  -0.99999E+03
   0.10000E+01   0.10000E+01   0.10000E+01   0.10000E+01   0.10000E+01   0.10000E+01   0.10000E+01   0.10000E+01


   0.00000E+00   0.00000E+00   0.00000E+00   0.00000E+00   0.00000E+00   0.00000E+00   0.00000E+00   0.00000E+00
   0.99999E+03   0.99999E+03   0.99999E+03   0.99999E+03   0.99999E+03   0.99999E+03   0.99999E+03   0.99999E+03
   0.99999E+03   0.99999E+03   0.99999E+03   0.99999E+03   0.99999E+03   0.99999E+03   0.99999E+03   0.99999E+03
   0.00000E+00   0.00000E+00   0.00000E+00   0.00000E+00   0.00000E+00   0.00000E+00   0.53181E+01   0.00000E+00
   0.99999E+03   0.99999E+03   0.99999E+03   0.99999E+03   0.99999E+03   0.99999E+03   0.99999E+03   0.99999E+03
   0.00000E+00   0.00000E+00   0.00000E+00   0.63925E+02   0.00000E+00   0.00000E+00   0.00000E+00   0.00000E+00
   0.99999E+03   0.99999E+03   0.99999E+03   0.99999E+03   0.99999E+03   0.99999E+03   0.99999E+03   0.99999E+03
   0.99999E+03   0.99999E+03   0.99999E+03   0.99999E+03   0.99999E+03   0.99999E+03   0.99999E+03   0.99999E+03
   0.99999E+03   0.99999E+03   0.99999E+03   0.99999E+03   0.99999E+03   0.99999E+03   0.99999E+03   0.99999E+03
   0.00000E+00   0.00000E+00   0.28683E+01   0.00000E+00   0.00000E+00   0.00000E+00   0.00000E+00   0.00000E+00
   0.99999E+03   0.99999E+03   0.99999E+03   0.99999E+03   0.99999E+03   0.99999E+03   0.99999E+03   0.99999E+03
   0.00000E+00   0.00000E+00   0.00000E+00   0.00000E+00   0.10894E+01   0.00000E+00   0.00000E+00   0.00000E+00
   0.00000E+00   0.33067E+01   0.00000E+00   0.00000E+00   0.00000E+00   0.00000E+00   0.00000E+00   0.00000E+00
   0.99999E+03   0.99999E+03   0.99999E+03   0.99999E+03   0.99999E+03   0.99999E+03   0.99999E+03   0.99999E+03
   0.99999E+03   0.99999E+03   0.99999E+03   0.99999E+03   0.99999E+03   0.99999E+03   0.99999E+03   0.99999E+03
   0.99999E+03   0.99999E+03   0.99999E+03   0.99999E+03   0.99999E+03   0.99999E+03   0.99999E+03   0.99999E+03
   0.99999E+03   0.99999E+03   0.99999E+03   0.99999E+03   0.99999E+03   0.99999E+03   0.99999E+03   0.99999E+03
   0.99999E+03   0.99999E+03   0.99999E+03   0.99999E+03   0.99999E+03   0.99999E+03   0.99999E+03   0.99999E+03
   0.99999E+03   0.99999E+03   0.99999E+03   0.99999E+03   0.99999E+03   0.99999E+03   0.99999E+03   0.99999E+03
   0.99999E+03   0.99999E+03   0.99999E+03   0.99999E+03   0.99999E+03   0.99999E+03   0.99999E+03   0.99999E+03
   0.99999E+03   0.99999E+03   0.99999E+03   0.99999E+03   0.99999E+03   0.99999E+03   0.99999E+03   0.99999E+03
   0.99999E+03   0.99999E+03   0.99999E+03   0.99999E+03   0.99999E+03   0.99999E+03   0.99999E+03   0.99999E+03
   0.99999E+03   0.99999E+03   0.99999E+03   0.99999E+03   0.99999E+03   0.99999E+03   0.99999E+03   0.99999E+03
   0.99999E+03   0.99999E+03   0.99999E+03   0.99999E+03   0.99999E+03   0.99999E+03   0.99999E+03   0.99999E+03
   0.97737E+01   0.00000E+00   0.00000E+00   0.00000E+00   0.00000E+00   0.00000E+00   0.00000E+00   0.00000E+00
   0.00000E+00   0.00000E+00   0.00000E+00   0.00000E+00   0.00000E+00   0.64913E+02   0.00000E+00   0.00000E+00
   0.00000E+00   0.00000E+00   0.00000E+00   0.00000E+00   0.00000E+00   0.00000E+00   0.00000E+00   0.60495E+02
   0.99999E+03   0.99999E+03   0.99999E+03   0.99999E+03   0.99999E+03   0.99999E+03   0.99999E+03   0.99999E+03
   0.99999E+03   0.99999E+03   0.99999E+03   0.99999E+03   0.99999E+03   0.99999E+03   0.99999E+03   0.99999E+03
   0.99999E+03   0.99999E+03   0.99999E+03   0.99999E+03   0.99999E+03   0.99999E+03   0.99999E+03   0.99999E+03
   0.99999E+03   0.99999E+03   0.99999E+03   0.99999E+03   0.99999E+03   0.99999E+03   0.99999E+03   0.99999E+03
   0.99999E+03   0.99999E+03   0.99999E+03   0.99999E+03   0.99999E+03   0.99999E+03   0.99999E+03   0.99999E+03
   0.10000E+01   0.10000E+01   0.10000E+01   0.10000E+01   0.10000E+01   0.10000E+01   0.10000E+01   0.10000E+01

   0.80977E+01   0.81590E+01   0.21409E+02   0.27373E+01   0.16751E+02   0.83779E+01   0.14641E+02   0.53859E+01
  -0.99999E+03  -0.99999E+03  -0.99999E+03  -0.99999E+03  -0.99999E+03  -0.99999E+03  -0.99999E+03  -0.99999E+03
  -0.99999E+03  -0.99999E+03  -0.99999E+03  -0.99999E+03  -0.99999E+03  -0.99999E+03  -0.99999E+03  -0.99999E+03
   0.60301E+01   0.10792E+02   0.10839E+02   0.56319E+01   0.11739E+02   0.55380E+01   0.22753E+02   0.33598E+01
  -0.99999E+03  -0.99999E+03  -0.99999E+03  -0.99999E+03  -0.99999E+03  -0.99999E+03  -0.99999E+03  -0.99999E+03
   0.13836E+02   0.61030E+02   0.17699E+02   0.14506E+03   0.25158E+02   0.17477E+02   0.11868E+02   0.76562E+01
  -0.99999E+03  -0.99999E+03  -0.99999E+03  -0.99999E+03  -0.99999E+03  -0.99999E+03  -0.99999E+03  -0.99999E+03
  -0.99999E+03  -0.99999E+03  -0.99999E+03  -0.99999E+03  -0.99999E+03  -0.99999E+03  -0.99999E+03  -0.99999E+03
  -0.99999E+03  -0.99999E+03  -0.99999E+03  -0.99999E+03  -0.99999E+03  -0.99999E+03  -0.99999E+03  -0.99999E+03
   0.42164E+01   0.55992E+01   0.15913E+02   0.14418E+01   0.97428E+01   0.36491E+01   0.10911E+02   0.19461E+01
  -0.99999E+03  -0.99999E+03  -0.99999E+03  -0.99999E+03  -0.99999E+03  -0.99999E+03  -0.99999E+03  -0.99999E+03
   0.58972E+01   0.11934E+02   0.90668E+01   0.40674E+01   0.17045E+02   0.55112E+01   0.10304E+02   0.29127E+01
   0.13313E+02   0.35687E+02   0.12134E+02   0.10669E+02   0.26446E+02   0.13231E+02   0.22315E+02   0.87989E+01
  -0.99999E+03  -0.99999E+03  -0.99999E+03  -0.99999E+03  -0.99999E+03  -0.99999E+03  -0.99999E+03  -0.99999E+03
  -0.99999E+03  -0.99999E+03  -0.99999E+03  -0.99999E+03  -0.99999E+03  -0.99999E+03  -0.99999E+03  -0.99999E+03
  -0.99999E+03  -0.99999E+03  -0.99999E+03  -0.99999E+03  -0.99999E+03  -0.99999E+03  -0.99999E+03  -0.99999E+03
  -0.99999E+03  -0.99999E+03  -0.99999E+03  -0.99999E+03  -0.99999E+03  -0.99999E+03  -0.99999E+03  -0.99999E+03
  -0.99999E+03  -0.99999E+03  -0.99999E+03  -0.99999E+03  -0.99999E+03  -0.99999E+03  -0.99999E+03  -0.99999E+03
  -0.99999E+03  -0.99999E+03  -0.99999E+03  -0.99999E+03  -0.99999E+03  -0.99999E+03  -0.99999E+03  -0.99999E+03
  -0.99999E+03  -0.99999E+03  -0.99999E+03  -0.99999E+03  -0.99999E+03  -0.99999E+03  -0.99999E+03  -0.99999E+03
  -0.99999E+03  -0.99999E+03  -0.99999E+03  -0.99999E+03  -0.99999E+03  -0.99999E+03  -0.99999E+03  -0.99999E+03
  -0.99999E+03  -0.99999E+03  -0.99999E+03  -0.99999E+03  -0.99999E+03  -0.99999E+03  -0.99999E+03  -0.99999E+03
  -0.99999E+03  -0.99999E+03  -0.99999E+03  -0.99999E+03  -0.99999E+03  -0.99999E+03  -0.99999E+03  -0.99999E+03
  -0.99999E+03  -0.99999E+03  -0.99999E+03  -0.99999E+03  -0.99999E+03  -0.99999E+03  -0.99999E+03  -0.99999E+03
   0.30453E+02   0.14216E+02   0.24831E+01   0.44049E+01   0.17335E+02   0.63288E+01   0.11809E+02   0.54699E+01
   0.12086E+03   0.94406E+02   0.28468E+02   0.28859E+02   0.10701E+03   0.20055E+03   0.78547E+02   0.35428E+02
   0.75247E+02   0.10597E+03   0.60449E+02   0.39803E+02   0.11211E+03   0.85270E+02   0.77306E+02   0.19732E+03
  -0.99999E+03  -0.99999E+03  -0.99999E+03  -0.99999E+03  -0.99999E+03  -0.99999E+03  -0.99999E+03  -0.99999E+03
  -0.99999E+03  -0.99999E+03  -0.99999E+03  -0.99999E+03  -0.99999E+03  -0.99999E+03  -0.99999E+03  -0.99999E+03
  -0.99999E+03  -0.99999E+03  -0.99999E+03  -0.99999E+03  -0.99999E+03  -0.99999E+03  -0.99999E+03  -0.99999E+03
  -0.99999E+03  -0.99999E+03  -0.99999E+03  -0.99999E+03  -0.99999E+03  -0.99999E+03  -0.99999E+03  -0.99999E+03
  -0.99999E+03  -0.99999E+03  -0.99999E+03  -0.99999E+03  -0.99999E+03  -0.99999E+03  -0.99999E+03  -0.99999E+03
   0.10000E+01   0.10000E+01   0.10000E+01   0.10000E+01   0.10000E+01   0.10000E+01   0.10000E+01   0.10000E+01


   0.00000E+00   0.00000E+00   0.00000E+00   0.00000E+00   0.00000E+00   0.00000E+00   0.00000E+00   0.00000E+00
   0.99999E+03   0.99999E+03   0.99999E+03   0.99999E+03   0.99999E+03   0.99999E+03   0.99999E+03   0.99999E+03
   0.99999E+03   0.99999E+03   0.99999E+03   0.99999E+03   0.99999E+03   0.99999E+03   0.99999E+03   0.99999E+03
   0.00000E+00   0.00000E+00   0.00000E+00   0.00000E+00   0.00000E+00   0.00000E+00   0.47639E+01   0.00000E+00
   0.99999E+03   0.99999E+03   0.99999E+03   0.99999E+03   0.99999E+03   0.99999E+03   0.99999E+03   0.99999E+03
   0.00000E+00   0.00000E+00   0.00000E+00   0.50701E+02   0.00000E+00   0.00000E+00   0.00000E+00   0.00000E+00
   0.99999E+03   0.99999E+03   0.99999E+03   0.99999E+03   0.99999E+03   0.99999E+03   0.99999E+03   0.99999E+03
   0.99999E+03   0.99999E+03   0.99999E+03   0.99999E+03   0.99999E+03   0.99999E+03   0.99999E+03   0.99999E+03
   0.99999E+03   0.99999E+03   0.99999E+03   0.99999E+03   0.99999E+03   0.99999E+03   0.99999E+03   0.99999E+03
   0.00000E+00   0.00000E+00   0.28683E+01   0.00000E+00   0.00000E+00   0.00000E+00   0.00000E+00   0.00000E+00
   0.99999E+03   0.99999E+03   0.99999E+03   0.99999E+03   0.99999E+03   0.99999E+03   0.99999E+03   0.99999E+03
   0.00000E+00   0.00000E+00   0.00000E+00   0.00000E+00   0.10894E+01   0.00000E+00   0.00000E+00   0.00000E+00
   0.00000E+00   0.33067E+01   0.00000E+00   0.00000E+00   0.00000E+00   0.00000E+00   0.00000E+00   0.00000E+00
   0.99999E+03   0.99999E+03   0.99999E+03   0.99999E+03   0.99999E+03   0.99999E+03   0.99999E+03   0.99999E+03
   0.99999E+03   0.99999E+03   0.99999E+03   0.99999E+03   0.99999E+03   0.99999E+03   0.99999E+03   0.99999E+03
   0.99999E+03   0.99999E+03   0.99999E+03   0.99999E+03   0.99999E+03   0.99999E+03   0.99999E+03   0.99999E+03
   0.99999E+03   0.99999E+03   0.99999E+03   0.99999E+03   0.99999E+03   0.99999E+03   0.99999E+03   0.99999E+03
   0.99999E+03   0.99999E+03   0.99999E+03   0.99999E+03   0.99999E+03   0.99999E+03   0.99999E+03   0.99999E+03
   0.99999E+03   0.99999E+03   0.99999E+03   0.99999E+03   0.99999E+03   0.99999E+03   0.99999E+03   0.99999E+03
   0.99999E+03   0.99999E+03   0.99999E+03   0.99999E+03   0.99999E+03   0.99999E+03   0.99999E+03   0.99999E+03
   0.99999E+03   0.99999E+03   0.99999E+03   0.99999E+03   0.99999E+03   0.99999E+03   0.99999E+03   0.99999E+03
   0.99999E+03   0.99999E+03   0.99999E+03   0.99999E+03   0.99999E+03   0.99999E+03   0.99999E+03   0.99999E+03
   0.99999E+03   0.99999E+03   0.99999E+03   0.99999E+03   0.99999E+03   0.99999E+03   0.99999E+03   0.99999E+03
   0.99999E+03   0.99999E+03   0.99999E+03   0.99999E+03   0.99999E+03   0.99999E+03   0.99999E+03   0.99999E+03
   0.97737E+01   0.00000E+00   0.00000E+00   0.00000E+00   0.00000E+00   0.00000E+00   0.00000E+00   0.00000E+00
   0.00000E+00   0.00000E+00   0.00000E+00   0.00000E+00   0.00000E+00   0.64913E+02   0.00000E+00   0.00000E+00
   0.00000E+00   0.00000E+00   0.00000E+00   0.00000E+00   0.00000E+00   0.00000E+00   0.00000E+00   0.43988E+02
   0.99999E+03   0.99999E+03   0.99999E+03   0.99999E+03   0.99999E+03   0.99999E+03   0.99999E+03   0.99999E+03
   0.99999E+03   0.99999E+03   0.99999E+03   0.99999E+03   0.99999E+03   0.99999E+03   0.99999E+03   0.99999E+03
   0.99999E+03   0.99999E+03   0.99999E+03   0.99999E+03   0.99999E+03   0.99999E+03   0.99999E+03   0.99999E+03
   0.99999E+03   0.99999E+03   0.99999E+03   0.99999E+03   0.99999E+03   0.99999E+03   0.99999E+03   0.99999E+03
   0.99999E+03   0.99999E+03   0.99999E+03   0.99999E+03   0.99999E+03   0.99999E+03   0.99999E+03   0.99999E+03
   0.10000E+01   0.10000E+01   0.10000E+01   0.10000E+01   0.10000E+01   0.10000E+01   0.10000E+01   0.10000E+01

   0.98603E+01   0.81590E+01   0.22689E+02   0.34547E+01   0.20458E+02   0.10443E+02   0.17315E+02   0.67797E+01
  -0.99999E+03  -0.99999E+03  -0.99999E+03  -0.99999E+03  -0.99999E+03  -0.99999E+03  -0.99999E+03  -0.99999E+03
  -0.99999E+03  -0.99999E+03  -0.99999E+03  -0.99999E+03  -0.99999E+03  -0.99999E+03  -0.99999E+03  -0.99999E+03
   0.69390E+01   0.10792E+02   0.11173E+02   0.64710E+01   0.11739E+02   0.64460E+01   0.23630E+02   0.41014E+01
  -0.99999E+03  -0.99999E+03  -0.99999E+03  -0.99999E+03  -0.99999E+03  -0.99999E+03  -0.99999E+03  -0.99999E+03
   0.14794E+02   0.81133E+02   0.19902E+02   0.15094E+03   0.60485E+02   0.18022E+02   0.17105E+02   0.86389E+01
  -0.99999E+03  -0.99999E+03  -0.99999E+03  -0.99999E+03  -0.99999E+03  -0.99999E+03  -0.99999E+03  -0.99999E+03
  -0.99999E+03  -0.99999E+03  -0.99999E+03  -0.99999E+03  -0.99999E+03  -0.99999E+03  -0.99999E+03  -0.99999E+03
  -0.99999E+03  -0.99999E+03  -0.99999E+03  -0.99999E+03  -0.99999E+03  -0.99999E+03  -0.99999E+03  -0.99999E+03
   0.47448E+01   0.55992E+01   0.16557E+02   0.16888E+01   0.97428E+01   0.41621E+01   0.12294E+02   0.24594E+01
  -0.99999E+03  -0.99999E+03  -0.99999E+03  -0.99999E+03  -0.99999E+03  -0.99999E+03  -0.99999E+03  -0.99999E+03
   0.68495E+01   0.13463E+02   0.10082E+02   0.48136E+01   0.17737E+02   0.66040E+01   0.12414E+02   0.38640E+01
   0.16106E+02   0.37428E+02   0.14334E+02   0.12805E+02   0.27583E+02   0.15693E+02   0.25551E+02   0.10748E+02
  -0.99999E+03  -0.99999E+03  -0.99999E+03  -0.99999E+03  -0.99999E+03  -0.99999E+03  -0.99999E+03  -0.99999E+03
  -0.99999E+03  -0.99999E+03  -0.99999E+03  -0.99999E+03  -0.99999E+03  -0.99999E+03  -0.99999E+03  -0.99999E+03
  -0.99999E+03  -0.99999E+03  -0.99999E+03  -0.99999E+03  -0.99999E+03  -0.99999E+03  -0.99999E+03  -0.99999E+03
  -0.99999E+03  -0.99999E+03  -0.99999E+03  -0.99999E+03  -0.99999E+03  -0.99999E+03  -0.99999E+03  -0.99999E+03
  -0.99999E+03  -0.99999E+03  -0.99999E+03  -0.99999E+03  -0.99999E+03  -0.99999E+03  -0.99999E+03  -0.99999E+03
  -0.99999E+03  -0.99999E+03  -0.99999E+03  -0.99999E+03  -0.99999E+03  -0.99999E+03  -0.99999E+03  -0.99999E+03
  -0.99999E+03  -0.99999E+03  -0.99999E+03  -0.99999E+03  -0.99999E+03  -0.99999E+03  -0.99999E+03  -0.99999E+03
  -0.99999E+03  -0.99999E+03  -0.99999E+03  -0.99999E+03  -0.99999E+03  -0.99999E+03  -0.99999E+03  -0.99999E+03
  -0.99999E+03  -0.99999E+03  -0.99999E+03  -0.99999E+03  -0.99999E+03  -0.99999E+03  -0.99999E+03  -0.99999E+03
  -0.99999E+03  -0.99999E+03  -0.99999E+03  -0.99999E+03  -0.99999E+03  -0.99999E+03  -0.99999E+03  -0.99999E+03
  -0.99999E+03  -0.99999E+03  -0.99999E+03  -0.99999E+03  -0.99999E+03  -0.99999E+03  -0.99999E+03  -0.99999E+03
   0.30701E+02   0.14216E+02   0.28839E+01   0.49773E+01   0.17335E+02   0.74247E+01   0.14363E+02   0.74608E+01
   0.13412E+03   0.94406E+02   0.30882E+02   0.34741E+02   0.10701E+03   0.20216E+03   0.10165E+03   0.42882E+02
   0.89805E+02   0.11931E+03   0.72647E+02   0.47001E+02   0.12410E+03   0.10089E+03   0.97118E+02   0.20785E+03
  -0.99999E+03  -0.99999E+03  -0.99999E+03  -0.99999E+03  -0.99999E+03  -0.99999E+03  -0.99999E+03  -0.99999E+03
  -0.99999E+03  -0.99999E+03  -0.99999E+03  -0.99999E+03  -0.99999E+03  -0.99999E+03  -0.99999E+03  -0.99999E+03
  -0.99999E+03  -0.99999E+03  -0.99999E+03  -0.99999E+03  -0.99999E+03  -0.99999E+03  -0.99999E+03  -0.99999E+03
  -0.99999E+03  -0.99999E+03  -0.99999E+03  -0.99999E+03  -0.99999E+03  -0.99999E+03  -0.99999E+03  -0.99999E+03
  -0.99999E+03  -0.99999E+03  -0.99999E+03  -0.99999E+03  -0.99999E+03  -0.99999E+03  -0.99999E+03  -0.99999E+03
   0.10000E+01   0.10000E+01   0.10000E+01   0.10000E+01   0.10000E+01   0.10000E+01   0.10000E+01   0.10000E+01


   0.00000E+00   0.00000E+00   0.00000E+00   0.00000E+00   0.00000E+00   0.00000E+00   0.00000E+00   0.00000E+00
   0.99999E+03   0.99999E+03   0.99999E+03   0.99999E+03   0.99999E+03   0.99999E+03   0.99999E+03   0.99999E+03
   0.99999E+03   0.99999E+03   0.99999E+03   0.99999E+03   0.99999E+03   0.99999E+03   0.99999E+03   0.99999E+03
   0.00000E+00   0.00000E+00   0.00000E+00   0.00000E+00   0.00000E+00   0.00000E+00   0.47639E+01   0.00000E+00
   0.99999E+03   0.99999E+03   0.99999E+03   0.99999E+03   0.99999E+03   0.99999E+03   0.99999E+03   0.99999E+03
   0.00000E+00   0.00000E+00   0.00000E+00   0.50701E+02   0.00000E+00   0.00000E+00   0.00000E+00   0.00000E+00
   0.99999E+03   0.99999E+03   0.99999E+03   0.99999E+03   0.99999E+03   0.99999E+03   0.99999E+03   0.99999E+03
   0.99999E+03   0.99999E+03   0.99999E+03   0.99999E+03   0.99999E+03   0.99999E+03   0.99999E+03   0.99999E+03
   0.99999E+03   0.99999E+03   0.99999E+03   0.99999E+03   0.99999E+03   0.99999E+03   0.99999E+03   0.99999E+03
   0.00000E+00   0.00000E+00   0.28683E+01   0.00000E+00   0.00000E+00   0.00000E+00   0.00000E+00   0.00000E+00
   0.99999E+03   0.99999E+03   0.99999E+03   0.99999E+03   0.99999E+03   0.99999E+03   0.99999E+03   0.99999E+03
   0.00000E+00   0.00000E+00   0.00000E+00   0.00000E+00   0.10894E+01   0.00000E+00   0.00000E+00   0.00000E+00
   0.00000E+00   0.33067E+01   0.00000E+00   0.00000E+00   0.00000E+00   0.00000E+00   0.00000E+00   0.00000E+00
   0.99999E+03   0.99999E+03   0.99999E+03   0.99999E+03   0.99999E+03   0.99999E+03   0.99999E+03   0.99999E+03
   0.99999E+03   0.99999E+03   0.99999E+03   0.99999E+03   0.99999E+03   0.99999E+03   0.99999E+03   0.99999E+03
   0.99999E+03   0.99999E+03   0.99999E+03   0.99999E+03   0.99999E+03   0.99999E+03   0.99999E+03   0.99999E+03
   0.99999E+03   0.99999E+03   0.99999E+03   0.99999E+03   0.99999E+03   0.99999E+03   0.99999E+03   0.99999E+03
   0.99999E+03   0.99999E+03   0.99999E+03   0.99999E+03   0.99999E+03   0.99999E+03   0.99999E+03   0.99999E+03
   0.99999E+03   0.99999E+03   0.99999E+03   0.99999E+03   0.99999E+03   0.99999E+03   0.99999E+03   0.99999E+03
   0.99999E+03   0.99999E+03   0.99999E+03   0.99999E+03   0.99999E+03   0.99999E+03   0.99999E+03   0.99999E+03
   0.99999E+03   0.99999E+03   0.99999E+03   0.99999E+03   0.99999E+03   0.99999E+03   0.99999E+03   0.99999E+03
   0.99999E+03   0.99999E+03   0.99999E+03   0.99999E+03   0.99999E+03   0.99999E+03   0.99999E+03   0.99999E+03
   0.99999E+03   0.99999E+03   0.99999E+03   0.99999E+03   0.99999E+03   0.99999E+03   0.99999E+03   0.99999E+03
   0.99999E+03   0.99999E+03   0.99999E+03   0.99999E+03   0.99999E+03   0.99999E+03   0.99999E+03   0.99999E+03
   0.97737E+01   0.00000E+00   0.00000E+00   0.00000E+00   0.00000E+00   0.00000E+00   0.00000E+00   0.00000E+00
   0.00000E+00   0.00000E+00   0.00000E+00   0.00000E+00   0.00000E+00   0.64913E+02   0.00000E+00   0.00000E+00
   0.00000E+00   0.00000E+00   0.00000E+00   0.00000E+00   0.00000E+00   0.00000E+00   0.00000E+00   0.38778E+02
   0.99999E+03   0.99999E+03   0.99999E+03   0.99999E+03   0.99999E+03   0.99999E+03   0.99999E+03   0.99999E+03
   0.99999E+03   0.99999E+03   0.99999E+03   0.99999E+03   0.99999E+03   0.99999E+03   0.99999E+03   0.99999E+03
   0.99999E+03   0.99999E+03   0.99999E+03   0.99999E+03   0.99999E+03   0.99999E+03   0.99999E+03   0.99999E+03
   0.99999E+03   0.99999E+03   0.99999E+03   0.99999E+03   0.99999E+03   0.99999E+03   0.99999E+03   0.99999E+03
   0.99999E+03   0.99999E+03   0.99999E+03   0.99999E+03   0.99999E+03   0.99999E+03   0.99999E+03   0.99999E+03
   0.10000E+01   0.10000E+01   0.10000E+01   0.10000E+01   0.10000E+01   0.10000E+01   0.10000E+01   0.10000E+01

   0.11727E+02   0.81590E+01   0.23987E+02   0.42276E+01   0.22725E+02   0.12426E+02   0.18344E+02   0.82766E+01
  -0.99999E+03  -0.99999E+03  -0.99999E+03  -0.99999E+03  -0.99999E+03  -0.99999E+03  -0.99999E+03  -0.99999E+03
  -0.99999E+03  -0.99999E+03  -0.99999E+03  -0.99999E+03  -0.99999E+03  -0.99999E+03  -0.99999E+03  -0.99999E+03
   0.78001E+01   0.10792E+02   0.11173E+02   0.73753E+01   0.11739E+02   0.73466E+01   0.24600E+02   0.49455E+01
  -0.99999E+03  -0.99999E+03  -0.99999E+03  -0.99999E+03  -0.99999E+03  -0.99999E+03  -0.99999E+03  -0.99999E+03
   0.15610E+02   0.81133E+02   0.19902E+02   0.15652E+03   0.60485E+02   0.18022E+02   0.17105E+02   0.86389E+01
  -0.99999E+03  -0.99999E+03  -0.99999E+03  -0.99999E+03  -0.99999E+03  -0.99999E+03  -0.99999E+03  -0.99999E+03
  -0.99999E+03  -0.99999E+03  -0.99999E+03  -0.99999E+03  -0.99999E+03  -0.99999E+03  -0.99999E+03  -0.99999E+03
  -0.99999E+03  -0.99999E+03  -0.99999E+03  -0.99999E+03  -0.99999E+03  -0.99999E+03  -0.99999E+03  -0.99999E+03
   0.51894E+01   0.55992E+01   0.17158E+02   0.19605E+01   0.97428E+01   0.46533E+01   0.12294E+02   0.30600E+01
  -0.99999E+03  -0.99999E+03  -0.99999E+03  -0.99999E+03  -0.99999E+03  -0.99999E+03  -0.99999E+03  -0.99999E+03
   0.77394E+01   0.14904E+02   0.11153E+02   0.56019E+01   0.18442E+02   0.74690E+01   0.12414E+02   0.51900E+01
   0.18675E+02   0.39168E+02   0.16718E+02   0.15175E+02   0.27583E+02   0.18084E+02   0.25551E+02   0.13049E+02
  -0.99999E+03  -0.99999E+03  -0.99999E+03  -0.99999E+03  -0.99999E+03  -0.99999E+03  -0.99999E+03  -0.99999E+03
  -0.99999E+03  -0.99999E+03  -0.99999E+03  -0.99999E+03  -0.99999E+03  -0.99999E+03  -0.99999E+03  -0.99999E+03
  -0.99999E+03  -0.99999E+03  -0.99999E+03  -0.99999E+03  -0.99999E+03  -0.99999E+03  -0.99999E+03  -0.99999E+03
  -0.99999E+03  -0.99999E+03  -0.99999E+03  -0.99999E+03  -0.99999E+03  -0.99999E+03  -0.99999E+03  -0.99999E+03
  -0.99999E+03  -0.99999E+03  -0.99999E+03  -0.99999E+03  -0.99999E+03  -0.99999E+03  -0.99999E+03  -0.99999E+03
  -0.99999E+03  -0.99999E+03  -0.99999E+03  -0.99999E+03  -0.99999E+03  -0.99999E+03  -0.99999E+03  -0.99999E+03
  -0.99999E+03  -0.99999E+03  -0.99999E+03  -0.99999E+03  -0.99999E+03  -0.99999E+03  -0.99999E+03  -0.99999E+03
  -0.99999E+03  -0.99999E+03  -0.99999E+03  -0.99999E+03  -0.99999E+03  -0.99999E+03  -0.99999E+03  -0.99999E+03
  -0.99999E+03  -0.99999E+03  -0.99999E+03  -0.99999E+03  -0.99999E+03  -0.99999E+03  -0.99999E+03  -0.99999E+03
  -0.99999E+03  -0.99999E+03  -0.99999E+03  -0.99999E+03  -0.99999E+03  -0.99999E+03  -0.99999E+03  -0.99999E+03
  -0.99999E+03  -0.99999E+03  -0.99999E+03  -0.99999E+03  -0.99999E+03  -0.99999E+03  -0.99999E+03  -0.99999E+03
   0.30950E+02   0.14216E+02   0.28839E+01   0.56133E+01   0.17335E+02   0.86652E+01   0.14363E+02   0.74608E+01
   0.13412E+03   0.94406E+02   0.30882E+02   0.39873E+02   0.10701E+03   0.20370E+03   0.10165E+03   0.51246E+02
   0.10450E+03   0.11931E+03   0.86897E+02   0.54782E+02   0.12410E+03   0.11614E+03   0.11589E+03   0.21910E+03
  -0.99999E+03  -0.99999E+03  -0.99999E+03  -0.99999E+03  -0.99999E+03  -0.99999E+03  -0.99999E+03  -0.99999E+03
  -0.99999E+03  -0.99999E+03  -0.99999E+03  -0.99999E+03  -0.99999E+03  -0.99999E+03  -0.99999E+03  -0.99999E+03
  -0.99999E+03  -0.99999E+03  -0.99999E+03  -0.99999E+03  -0.99999E+03  -0.99999E+03  -0.99999E+03  -0.99999E+03
  -0.99999E+03  -0.99999E+03  -0.99999E+03  -0.99999E+03  -0.99999E+03  -0.99999E+03  -0.99999E+03  -0.99999E+03
  -0.99999E+03  -0.99999E+03  -0.99999E+03  -0.99999E+03  -0.99999E+03  -0.99999E+03  -0.99999E+03  -0.99999E+03
   0.10000E+01   0.10000E+01   0.10000E+01   0.10000E+01   0.10000E+01   0.10000E+01   0.10000E+01   0.10000E+01


     27.00     27.00     27.00     27.00     27.00     27.00     27.00     27.00
   -990.00   -990.00   -990.00   -990.00   -990.00   -990.00   -990.00   -990.00
   -990.00   -990.00   -990.00   -990.00   -990.00   -990.00   -990.00   -990.00
     27.00     27.00     27.00     27.00     27.00     27.00      8.87     27.00
   -990.00   -990.00   -990.00   -990.00   -990.00   -990.00   -990.00   -990.00
     27.00     27.00     27.00     10.07     27.00     27.00     27.00     27.00
   -990.00   -990.00   -990.00   -990.00   -990.00   -990.00   -990.00   -990.00
   -990.00   -990.00   -990.00   -990.00   -990.00   -990.00   -990.00   -990.00
   -990.00   -990.00   -990.00   -990.00   -990.00   -990.00   -990.00   -990.00
     27.00     27.00      5.96     27.00     27.00     27.00     27.00     27.00
   -990.00   -990.00   -990.00   -990.00   -990.00   -990.00   -990.00   -990.00
     27.00     27.00     27.00     27.00      7.23     27.00     27.00     27.00
     27.00      6.58     27.00     27.00     27.00     27.00     27.00     27.00
   -990.00   -990.00   -990.00   -990.00   -990.00   -990.00   -990.00   -990.00
   -990.00   -990.00   -990.00   -990.00   -990.00   -990.00   -990.00   -990.00
   -990.00   -990.00   -990.00   -990.00   -990.00   -990.00   -990.00   -990.00
   -990.00   -990.00   -990.00   -990.00   -990.00   -990.00   -990.00   -990.00
   -990.00   -990.00   -990.00   -990.00   -990.00   -990.00   -990.00   -990.00
   -990.00   -990.00   -990.00   -990.00   -990.00   -990.00   -990.00   -990.00
   -990.00   -990.00   -990.00   -990.00   -990.00   -990.00   -990.00   -990.00
   -990.00   -990.00   -990.00   -990.00   -990.00   -990.00   -990.00   -990.00
   -990.00   -990.00   -990.00   -990.00   -990.00   -990.00   -990.00   -990.00
   -990.00   -990.00   -990.00   -990.00   -990.00   -990.00   -990.00   -990.00
   -990.00   -990.00   -990.00   -990.00   -990.00   -990.00   -990.00   -990.00
      4.76     27.00     27.00     27.00     27.00     27.00     27.00     27.00
     27.00     27.00     27.00     27.00     27.00      4.15     27.00     27.00
     27.00     27.00     27.00     27.00     27.00     27.00     27.00     17.98
   -990.00   -990.00   -990.00   -990.00   -990.00   -990.00   -990.00   -990.00
   -990.00   -990.00   -990.00   -990.00   -990.00   -990.00   -990.00   -990.00
   -990.00   -990.00   -990.00   -990.00   -990.00   -990.00   -990.00   -990.00
   -990.00   -990.00   -990.00   -990.00   -990.00   -990.00   -990.00   -990.00
   -990.00   -990.00   -990.00   -990.00   -990.00   -990.00   -990.00   -990.00
   -990.00   -990.00   -990.00   -990.00   -990.00   -990.00   -990.00   -990.00

     27.86      5.60     36.04     45.81     35.96     35.92     18.82     39.55
   -990.00   -990.00   -990.00   -990.00   -990.00   -990.00   -990.00   -990.00
   -990.00   -990.00   -990.00   -990.00   -990.00   -990.00   -990.00   -990.00
     26.50      8.01      9.13     37.13      6.50     36.78     25.38     25.47
   -990.00   -990.00   -990.00   -990.00   -990.00   -990.00   -990.00   -990.00
     31.84     10.65     11.46     40.60      9.42      8.97     11.18      8.54
   -990.00   -990.00   -990.00   -990.00   -990.00   -990.00   -990.00   -990.00
   -990.00   -990.00   -990.00   -990.00   -990.00   -990.00   -990.00   -990.00
   -990.00   -990.00   -990.00   -990.00   -990.00   -990.00   -990.00   -990.00
     33.13      5.02     25.12     40.09      5.98     34.57     12.68     35.93
   -990.00   -990.00   -990.00   -990.00   -990.00   -990.00   -990.00   -990.00
     39.94     30.86     27.07     36.01     26.29     25.60     14.63     33.00
     29.65     29.61     39.10     44.19      8.65     28.11     13.14     39.68
   -990.00   -990.00   -990.00   -990.00   -990.00   -990.00   -990.00   -990.00
   -990.00   -990.00   -990.00   -990.00   -990.00   -990.00   -990.00   -990.00
   -990.00   -990.00   -990.00   -990.00   -990.00   -990.00   -990.00   -990.00
   -990.00   -990.00   -990.00   -990.00   -990.00   -990.00   -990.00   -990.00
   -990.00   -990.00   -990.00   -990.00   -990.00   -990.00   -990.00   -990.00
   -990.00   -990.00   -990.00   -990.00   -990.00   -990.00   -990.00   -990.00
   -990.00   -990.00   -990.00   -990.00   -990.00   -990.00   -990.00   -990.00
   -990.00   -990.00   -990.00   -990.00   -990.00   -990.00   -990.00   -990.00
   -990.00   -990.00   -990.00   -990.00   -990.00   -990.00   -990.00   -990.00
   -990.00   -990.00   -990.00   -990.00   -990.00   -990.00   -990.00   -990.00
   -990.00   -990.00   -990.00   -990.00   -990.00   -990.00   -990.00   -990.00
     35.46      4.96      8.91     29.19      4.41     38.25     10.78      8.89
      9.46      5.68      8.45     29.22      4.81     38.24     12.40     36.68
     29.22     12.10     30.42     34.80      9.77     30.38     29.57     35.45
   -990.00   -990.00   -990.00   -990.00   -990.00   -990.00   -990.00   -990.00
   -990.00   -990.00   -990.00   -990.00   -990.00   -990.00   -990.00   -990.00
   -990.00   -990.00   -990.00   -990.00   -990.00   -990.00   -990.00   -990.00
   -990.00   -990.00   -990.00   -990.00   -990.00   -990.00   -990.00   -990.00
   -990.00   -990.00   -990.00   -990.00   -990.00   -990.00   -990.00   -990.00
   -990.00   -990.00   -990.00   -990.00   -990.00   -990.00   -990.00   -990.00

   13   91   38    2  107   12   35   18

    0    0    0    0    0    0    0    0
    3   10    5    0   13    1    1    0
    4   26   13    1   32    1    9    5
    4   28   13    1   34    1   10    6

    0   13   35   37


   0.00000E+00   0.00000E+00   0.40010E+01   0.00000E+00   0.00000E+00   0.00000E+00   0.00000E+00   0.00000E+00
   0.00000E+00   0.00000E+00   0.00000E+00   0.00000E+00   0.12496E-01   0.00000E+00   0.00000E+00   0.17919E-01
   0.00000E+00   0.00000E+00   0.14825E-01   0.10588E-02   0.24307E-01   0.41557E-02   0.00000E+00   0.87947E-02
   0.00000E+00   0.00000E+00   0.00000E+00   0.00000E+00   0.00000E+00   0.00000E+00   0.13073E+02   0.00000E+00
   0.00000E+00   0.00000E+00   0.00000E+00   0.00000E+00   0.20427E-02   0.00000E+00   0.00000E+00   0.18193E-02
   0.18315E-02   0.00000E+00   0.00000E+00   0.12620E+03   0.00000E+00   0.00000E+00   0.00000E+00   0.00000E+00
   0.74020E-04   0.14025E-03   0.12816E-02   0.00000E+00   0.00000E+00   0.00000E+00   0.73311E-03   0.87565E-03
   0.00000E+00   0.00000E+00   0.00000E+00   0.00000E+00   0.00000E+00   0.97810E-02   0.00000E+00   0.14247E-01
   0.00000E+00   0.00000E+00   0.00000E+00   0.00000E+00   0.34442E-01   0.00000E+00   0.00000E+00   0.18349E-01
   0.00000E+00   0.00000E+00   0.51650E+01   0.00000E+00   0.00000E+00   0.00000E+00   0.00000E+00   0.00000E+00
   0.00000E+00   0.00000E+00   0.19649E-03   0.00000E+00   0.22059E-02   0.00000E+00   0.00000E+00   0.97222E-03
   0.00000E+00   0.00000E+00   0.00000E+00   0.00000E+00   0.42066E+01   0.00000E+00   0.00000E+00   0.00000E+00
   0.00000E+00   0.16506E+02   0.00000E+00   0.00000E+00   0.00000E+00   0.00000E+00   0.00000E+00   0.00000E+00
   0.11167E-02   0.00000E+00   0.12252E-01   0.00000E+00   0.11684E-01   0.00000E+00   0.10138E+00   0.15678E-01
   0.48031E-02   0.11120E-02   0.00000E+00   0.00000E+00   0.00000E+00   0.00000E+00   0.00000E+00   0.16390E-03
   0.00000E+00   0.00000E+00   0.00000E+00   0.00000E+00   0.15615E-01   0.00000E+00   0.63053E-02   0.15210E-01
   0.12485E-01   0.00000E+00   0.00000E+00   0.00000E+00   0.66601E-01   0.00000E+00   0.00000E+00   0.73859E-01
   0.44757E-04   0.00000E+00   0.42699E-02   0.00000E+00   0.62846E-02   0.00000E+00   0.41992E-03   0.16211E-02
   0.00000E+00   0.00000E+00   0.00000E+00   0.00000E+00   0.00000E+00   0.96683E-03   0.00000E+00   0.19518E-02
   0.00000E+00   0.00000E+00   0.00000E+00   0.00000E+00   0.84867E-02   0.40420E-02   0.00000E+00   0.60487E-02
   0.00000E+00   0.40104E-01   0.00000E+00   0.33815E-01   0.36530E-01   0.00000E+00   0.00000E+00   0.12627E-02
   0.00000E+00   0.00000E+00   0.82895E-01   0.00000E+00   0.37451E-01   0.50831E-03   0.00000E+00   0.18120E-02
   0.00000E+00   0.78591E-04   0.87275E-02   0.00000E+00   0.12307E-01   0.00000E+00   0.00000E+00   0.12901E-02
   0.00000E+00   0.00000E+00   0.00000E+00   0.00000E+00   0.12912E+00   0.00000E+00   0.00000E+00   0.54216E-01
   0.22054E+02   0.00000E+00   0.00000E+00   0.00000E+00   0.00000E+00   0.00000E+00   0.00000E+00   0.00000E+00
   0.00000E+00   0.00000E+00   0.00000E+00   0.00000E+00   0.00000E+00   0.11614E+03   0.00000E+00   0.00000E+00
   0.00000E+00   0.00000E+00   0.00000E+00   0.00000E+00   0.00000E+00   0.00000E+00   0.00000E+00   0.10721E+03
   0.31087E+00   0.00000E+00   0.00000E+00   0.00000E+00   0.44199E+01   0.54954E+01   0.12714E+00   0.43756E+01
   0.00000E+00   0.00000E+00   0.00000E+00   0.00000E+00   0.00000E+00   0.76972E+01   0.17715E+01   0.14948E+01
   0.00000E+00   0.70053E+02   0.00000E+00   0.14627E+02   0.00000E+00   0.00000E+00   0.00000E+00   0.29655E+01
   0.00000E+00   0.00000E+00   0.14796E+02   0.67107E+00   0.00000E+00   0.26229E+01   0.89233E-01   0.33005E+00
   0.38028E+02   0.10106E+03   0.57095E+02   0.23615E+03   0.41966E+02   0.12096E+03   0.72240E+02   0.11957E+03
   0.10000E+01   0.10000E+01   0.10000E+01   0.10000E+01   0.10000E+01   0.10000E+01   0.10000E+01   0.10000E+01

   0.64365E+01   0.17037E+01   0.20289E+02   0.21684E+01   0.11393E+02   0.65269E+01   0.68716E+01   0.42080E+01
   0.11094E-01   0.10593E-01   0.54024E-02   0.00000E+00   0.34359E-01   0.14378E-02   0.00000E+00   0.39772E-01
   0.13009E-01   0.22463E-01   0.12647E+00   0.17353E-01   0.12037E+00   0.25920E-01   0.34545E-01   0.30567E-01
   0.51785E+01   0.29534E+01   0.31592E+01   0.49084E+01   0.15953E+01   0.47062E+01   0.21977E+02   0.27858E+01
   0.99772E-03   0.21461E-02   0.74315E-03   0.00000E+00   0.51064E-02   0.00000E+00   0.00000E+00   0.43678E-02
   0.12797E+02   0.17108E+01   0.38542E+01   0.14036E+03   0.42717E+01   0.27852E+01   0.16727E+01   0.62848E+00
   0.15418E-02   0.13288E-02   0.52016E-02   0.47230E-05   0.28161E-02   0.25682E-04   0.28714E-02   0.21487E-02
   0.27792E-01   0.48679E-03   0.15555E-01   0.00000E+00   0.19046E-01   0.38076E-01   0.18888E-02   0.29672E-01
   0.32241E-02   0.12667E-01   0.21900E-01   0.48452E-02   0.53434E-01   0.85037E-04   0.10738E-01   0.42402E-01
   0.37352E+01   0.11271E+01   0.15372E+02   0.12422E+01   0.64336E+01   0.31470E+01   0.52101E+01   0.16062E+01
   0.13752E-02   0.23787E-02   0.54819E-02   0.32056E-03   0.55567E-02   0.17766E-07   0.13067E-02   0.28008E-02
   0.47998E+01   0.10240E+02   0.80597E+01   0.34897E+01   0.16189E+02   0.43092E+01   0.18051E+01   0.22578E+01
   0.10525E+02   0.34295E+02   0.10197E+02   0.90813E+01   0.56890E+00   0.10937E+02   0.97345E+01   0.73708E+01
   0.31730E-01   0.19088E-01   0.14861E+00   0.10105E-01   0.13330E+00   0.54411E-02   0.16895E+00   0.58336E-01
   0.64509E-02   0.37672E-02   0.31538E-02   0.12618E-04   0.33882E-02   0.32513E-04   0.20434E-02   0.15753E-02
   0.14409E-01   0.37106E-02   0.84155E-02   0.00000E+00   0.46241E-01   0.25255E-02   0.14253E-01   0.41356E-01
   0.71956E-01   0.79746E-01   0.34850E-01   0.00000E+00   0.18423E+00   0.00000E+00   0.00000E+00   0.16885E+00
   0.65369E-02   0.93268E-02   0.29551E-01   0.26555E-02   0.27522E-01   0.37087E-02   0.92561E-02   0.65560E-02
   0.54918E-04   0.16536E-05   0.12264E-02   0.00000E+00   0.35852E-03   0.21886E-02   0.11984E-07   0.33388E-02
   0.53440E-02   0.10816E-01   0.88511E-02   0.22925E-02   0.18520E-01   0.91423E-02   0.54905E-02   0.14203E-01
   0.23066E-01   0.13600E+00   0.31216E-01   0.66912E-01   0.10616E+00   0.32774E-01   0.46501E-01   0.33447E-01
   0.47414E-01   0.62481E-01   0.44533E+00   0.36844E-01   0.32752E+00   0.81775E-01   0.14043E+00   0.52781E-01
   0.56091E-02   0.17621E-01   0.40622E-01   0.28559E-02   0.36969E-01   0.29237E-02   0.71769E-02   0.98512E-02
   0.77819E-01   0.98758E-01   0.82833E-01   0.75747E-02   0.26347E+00   0.11879E-04   0.67724E-02   0.15675E+00
   0.30233E+02   0.32746E+00   0.69821E+00   0.39216E+01   0.11329E+01   0.55240E+01   0.23269E+01   0.22551E+01
   0.55160E+02   0.97799E+01   0.73116E+01   0.23970E+02   0.73715E+01   0.19898E+03   0.28360E+02   0.29669E+02
   0.62368E+02   0.88359E+01   0.49049E+02   0.33194E+02   0.13038E-09   0.70968E+02   0.59592E+02   0.18854E+03
   0.58463E+01   0.88487E+00   0.91954E+01   0.00000E+00   0.13925E+02   0.10172E+02   0.46506E+01   0.11646E+02
   0.21456E+01   0.00000E+00   0.40515E+01   0.51285E+00   0.39179E+01   0.11321E+02   0.51177E+01   0.41494E+01
   0.10826E+02   0.10559E+03   0.18829E+02   0.50757E+02   0.25882E+02   0.20192E+02   0.92873E+01   0.25837E+02
   0.73971E+01   0.21934E+01   0.44334E+02   0.39084E+01   0.19054E+02   0.12548E+02   0.15585E+02   0.53714E+01
   0.12885E+03   0.25995E+03   0.20470E+03   0.30921E+03   0.16638E+03   0.23330E+03   0.20579E+03   0.23380E+03
   0.10000E+01   0.10000E+01   0.10000E+01   0.10000E+01   0.10000E+01   0.10000E+01   0.10000E+01   0.10000E+01


   0.00000E+00   0.00000E+00   0.00000E+00   0.00000E+00   0.00000E+00  -0.58829E-15  -0.42568E-15   0.00000E+00
   0.00000E+00   0.00000E+00   0.00000E+00   0.00000E+00   0.66589E-02   0.00000E+00   0.00000E+00   0.16324E-01
  -0.17974E-17   0.00000E+00   0.00000E+00   0.30237E-03   0.20460E-01   0.35304E-02   0.00000E+00   0.79520E-02
   0.00000E+00   0.00000E+00   0.00000E+00   0.00000E+00   0.00000E+00   0.00000E+00   0.13073E+02   0.00000E+00
   0.00000E+00   0.00000E+00   0.00000E+00   0.00000E+00   0.12187E-02   0.00000E+00   0.00000E+00   0.16525E-02
   0.18315E-02   0.00000E+00   0.00000E+00   0.12620E+03   0.00000E+00   0.00000E+00  -0.61964E-15  -0.30876E-16
   0.74020E-04   0.14025E-03   0.63122E-03   0.00000E+00   0.00000E+00   0.00000E+00   0.63330E-03   0.80515E-03
   0.00000E+00   0.00000E+00   0.00000E+00   0.00000E+00   0.00000E+00   0.82054E-02   0.00000E+00   0.12838E-01
   0.00000E+00   0.00000E+00  -0.50335E-18   0.00000E+00   0.26401E-01   0.00000E+00  -0.22794E-17   0.17976E-01
  -0.45645E-15  -0.11748E-20   0.41366E+01   0.00000E+00   0.00000E+00   0.00000E+00   0.00000E+00  -0.16687E-15
   0.00000E+00   0.00000E+00   0.00000E+00   0.00000E+00   0.19329E-02   0.00000E+00  -0.88289E-19   0.69046E-03
   0.00000E+00   0.00000E+00  -0.54234E-15   0.00000E+00   0.37315E+01   0.00000E+00  -0.49391E-15  -0.14240E-21
   0.00000E+00   0.16506E+02   0.00000E+00   0.00000E+00   0.00000E+00   0.00000E+00   0.00000E+00   0.00000E+00
   0.00000E+00   0.00000E+00   0.36339E-02   0.00000E+00   0.11684E-01  -0.25435E-17   0.93531E-01   0.13804E-01
   0.15257E-02   0.36560E-11   0.00000E+00   0.00000E+00   0.00000E+00   0.00000E+00   0.00000E+00   0.13921E-07
  -0.45817E-18   0.00000E+00   0.00000E+00   0.00000E+00   0.10749E-01   0.00000E+00   0.51877E-02   0.13612E-01
   0.10699E-01   0.00000E+00   0.00000E+00   0.00000E+00   0.43750E-01   0.00000E+00   0.00000E+00   0.67056E-01
   0.44757E-04   0.00000E+00   0.54522E-03   0.00000E+00   0.52692E-02  -0.67262E-18   0.41992E-03   0.15209E-02
   0.00000E+00   0.00000E+00   0.00000E+00   0.00000E+00   0.00000E+00   0.48524E-03   0.00000E+00   0.18939E-02
   0.00000E+00   0.00000E+00  -0.28723E-24   0.00000E+00   0.62833E-02   0.38844E-02  -0.67823E-18   0.55115E-02
   0.00000E+00   0.34076E-01   0.00000E+00   0.33815E-01   0.24684E-01   0.00000E+00   0.00000E+00   0.12627E-02
  -0.13900E-17   0.00000E+00   0.00000E+00   0.00000E+00   0.26576E-01   0.00000E+00  -0.56948E-17   0.13472E-02
   0.00000E+00   0.52247E-10   0.39827E-02   0.00000E+00   0.11110E-01   0.00000E+00   0.00000E+00   0.11875E-02
   0.00000E+00   0.00000E+00   0.00000E+00  -0.11196E-17   0.94573E-01   0.00000E+00  -0.11743E-18   0.47897E-01
   0.21461E+02   0.00000E+00  -0.32497E-15  -0.16432E-21   0.00000E+00   0.00000E+00   0.00000E+00   0.00000E+00
   0.00000E+00   0.00000E+00   0.00000E+00   0.00000E+00   0.00000E+00   0.10399E+03   0.00000E+00   0.00000E+00
   0.00000E+00  -0.40685E-14   0.00000E+00   0.00000E+00   0.00000E+00   0.00000E+00   0.00000E+00   0.97915E+02
   0.20317E+00   0.00000E+00   0.00000E+00   0.00000E+00   0.32305E+01   0.50276E+01   0.13706E-02   0.39565E+01
   0.00000E+00   0.00000E+00   0.00000E+00   0.00000E+00   0.00000E+00   0.67009E+01   0.16389E+01   0.13489E+01
   0.00000E+00   0.60215E+02   0.00000E+00   0.13966E+02   0.00000E+00   0.00000E+00  -0.39057E-14   0.19994E+01
  -0.32378E-15   0.00000E+00   0.12281E+02   0.54981E+00   0.00000E+00   0.19692E+01   0.00000E+00   0.66010E-01
   0.38028E+02   0.98432E+02   0.39809E+02   0.23615E+03   0.35199E+02   0.10923E+03   0.68697E+02   0.11000E+03
   0.10000E+01   0.10000E+01   0.10000E+01   0.10000E+01   0.10000E+01   0.10000E+01   0.10000E+01   0.10000E+01

   0.80977E+01   0.17037E+01   0.21409E+02   0.27373E+01   0.16751E+02   0.83779E+01   0.68716E+01   0.53859E+01
   0.11909E-01   0.13116E-01   0.78080E-02   0.00000E+00   0.34881E-01   0.20198E-02   0.00000E+00   0.44408E-01
   0.15098E-01   0.28340E-01   0.13201E+00   0.17353E-01   0.13341E+00   0.31156E-01   0.34545E-01   0.35546E-01
   0.60301E+01   0.34622E+01   0.42410E+01   0.56319E+01   0.28581E+01   0.55380E+01   0.22753E+02   0.33598E+01
   0.11224E-02   0.25506E-02   0.11550E-02   0.00000E+00   0.51064E-02   0.00000E+00   0.00000E+00   0.50314E-02
   0.13836E+02   0.18478E+01   0.38856E+01   0.14506E+03   0.47051E+01   0.32453E+01   0.16727E+01   0.99644E+00
   0.16657E-02   0.15599E-02   0.56396E-02   0.13768E-04   0.37982E-02   0.25682E-04   0.28714E-02   0.23069E-02
   0.30651E-01   0.12712E-02   0.16160E-01   0.00000E+00   0.19046E-01   0.39086E-01   0.18888E-02   0.31029E-01
   0.43965E-02   0.18722E-01   0.25236E-01   0.69570E-02   0.54063E-01   0.14881E-02   0.13509E-01   0.50071E-01
   0.42164E+01   0.11271E+01   0.15913E+02   0.14418E+01   0.88102E+01   0.36491E+01   0.52101E+01   0.19461E+01
   0.15225E-02   0.25607E-02   0.57797E-02   0.63398E-03   0.55567E-02   0.31090E-06   0.13067E-02   0.31794E-02
   0.58972E+01   0.11934E+02   0.90668E+01   0.40674E+01   0.17045E+02   0.55112E+01   0.18792E+01   0.29127E+01
   0.13313E+02   0.35687E+02   0.12134E+02   0.10669E+02   0.64265E+00   0.13231E+02   0.97345E+01   0.87989E+01
   0.32112E-01   0.24167E-01   0.16253E+00   0.12740E-01   0.14392E+00   0.14370E-01   0.16895E+00   0.64423E-01
   0.64611E-02   0.40882E-02   0.44203E-02   0.60989E-04   0.37683E-02   0.15714E-03   0.38696E-02   0.32356E-02
   0.14996E-01   0.62014E-02   0.10598E-01   0.00000E+00   0.47158E-01   0.56838E-02   0.14253E-01   0.46435E-01
   0.78270E-01   0.92263E-01   0.49301E-01   0.00000E+00   0.18839E+00   0.00000E+00   0.00000E+00   0.19114E+00
   0.70258E-02   0.10546E-01   0.30133E-01   0.29792E-02   0.28221E-01   0.42864E-02   0.92561E-02   0.75210E-02
   0.12013E-03   0.16536E-05   0.14237E-02   0.00000E+00   0.61488E-03   0.23765E-02   0.11984E-07   0.35694E-02
   0.58886E-02   0.12676E-01   0.10003E-01   0.25537E-02   0.18520E-01   0.10060E-01   0.78761E-02   0.15723E-01
   0.29389E-01   0.14350E+00   0.41009E-01   0.69254E-01   0.10959E+00   0.39855E-01   0.54440E-01   0.40146E-01
   0.54422E-01   0.65237E-01   0.45141E+00   0.40311E-01   0.41597E+00   0.92977E-01   0.14043E+00   0.60246E-01
   0.56091E-02   0.19860E-01   0.42705E-01   0.28559E-02   0.37649E-01   0.35803E-02   0.71769E-02   0.11265E-01
   0.87792E-01   0.11752E+00   0.10140E+00   0.75747E-02   0.26777E+00   0.20788E-03   0.67724E-02   0.18229E+00
   0.30453E+02   0.41886E+00   0.73819E+00   0.44049E+01   0.36334E+01   0.63288E+01   0.26300E+01   0.23667E+01
   0.72386E+02   0.12635E+02   0.73116E+01   0.28859E+02   0.14072E+02   0.20055E+03   0.32730E+02   0.35428E+02
   0.75247E+02   0.94464E+01   0.60449E+02   0.39803E+02   0.18488E+00   0.85270E+02   0.77306E+02   0.19732E+03
   0.68912E+01   0.19489E+01   0.97757E+01   0.00000E+00   0.13925E+02   0.10588E+02   0.46506E+01   0.12649E+02
   0.35495E+01   0.41472E-01   0.46092E+01   0.51285E+00   0.45240E+01   0.11521E+02   0.51177E+01   0.44106E+01
   0.13213E+02   0.10559E+03   0.22894E+02   0.54766E+02   0.29470E+02   0.23096E+02   0.92873E+01   0.26594E+02
   0.82841E+01   0.21934E+01   0.45725E+02   0.41828E+01   0.27233E+02   0.13820E+02   0.15585E+02   0.65670E+01
   0.15552E+03   0.27820E+03   0.20470E+03   0.31764E+03   0.17748E+03   0.23819E+03   0.21555E+03   0.24456E+03
   0.10000E+01   0.10000E+01   0.10000E+01   0.10000E+01   0.10000E+01   0.10000E+01   0.10000E+01   0.10000E+01


   0.00000E+00   0.00000E+00   0.00000E+00   0.00000E+00   0.00000E+00  -0.58829E-15  -0.42568E-15   0.00000E+00
   0.00000E+00   0.00000E+00   0.00000E+00   0.00000E+00   0.31044E-02   0.00000E+00   0.00000E+00   0.14950E-01
  -0.17974E-17   0.00000E+00   0.00000E+00   0.38695E-04   0.17344E-01   0.23655E-02   0.00000E+00   0.71329E-02
   0.00000E+00   0.00000E+00   0.00000E+00   0.00000E+00   0.00000E+00   0.00000E+00   0.12511E+02   0.00000E+00
   0.00000E+00   0.00000E+00   0.00000E+00   0.00000E+00   0.95385E-03   0.00000E+00   0.00000E+00   0.15097E-02
   0.99093E-05   0.00000E+00   0.00000E+00   0.12620E+03   0.00000E+00   0.00000E+00  -0.61964E-15  -0.30876E-16
   0.74020E-04   0.14025E-03   0.63122E-03   0.00000E+00   0.00000E+00   0.00000E+00   0.23439E-03   0.32745E-03
   0.00000E+00   0.00000E+00   0.00000E+00   0.00000E+00   0.00000E+00   0.73274E-02   0.00000E+00   0.11907E-01
   0.00000E+00   0.00000E+00  -0.50335E-18   0.00000E+00   0.17811E-01   0.00000E+00  -0.22794E-17   0.15706E-01
  -0.45645E-15  -0.11748E-20   0.41366E+01   0.00000E+00   0.00000E+00   0.00000E+00   0.00000E+00  -0.16687E-15
   0.00000E+00   0.00000E+00   0.00000E+00   0.00000E+00   0.12763E-02   0.00000E+00  -0.88289E-19   0.13536E-03
   0.00000E+00   0.00000E+00  -0.54234E-15   0.00000E+00   0.30561E+01   0.00000E+00  -0.49391E-15  -0.14240E-21
   0.00000E+00   0.16490E+02   0.00000E+00   0.00000E+00   0.00000E+00   0.00000E+00   0.00000E+00   0.00000E+00
   0.00000E+00   0.00000E+00   0.36339E-02   0.00000E+00   0.11684E-01  -0.25435E-17   0.81203E-01   0.12005E-01
   0.15257E-02   0.00000E+00   0.00000E+00   0.00000E+00   0.00000E+00   0.00000E+00   0.00000E+00   0.00000E+00
  -0.45817E-18   0.00000E+00   0.00000E+00   0.00000E+00   0.31873E-02   0.00000E+00   0.34959E-02   0.12667E-01
   0.73839E-02   0.00000E+00   0.00000E+00   0.00000E+00   0.29304E-01   0.00000E+00   0.00000E+00   0.61209E-01
   0.44757E-04   0.00000E+00   0.54522E-03   0.00000E+00   0.42200E-02  -0.67262E-18   0.32421E-03   0.10405E-02
   0.00000E+00   0.00000E+00   0.00000E+00   0.00000E+00   0.00000E+00   0.38253E-03   0.00000E+00   0.17817E-02
   0.00000E+00   0.00000E+00  -0.28723E-24   0.00000E+00   0.40847E-02   0.36851E-02  -0.67823E-18   0.46501E-02
   0.00000E+00   0.29159E-01   0.00000E+00   0.33012E-01   0.16912E-01   0.00000E+00   0.00000E+00   0.12627E-02
  -0.13900E-17   0.00000E+00   0.00000E+00   0.00000E+00   0.17258E-01   0.00000E+00  -0.56948E-17   0.10042E-02
   0.00000E+00   0.52247E-10   0.18659E-02   0.00000E+00   0.84686E-02   0.00000E+00   0.00000E+00   0.10564E-02
   0.00000E+00   0.00000E+00   0.00000E+00  -0.11196E-17   0.70671E-01   0.00000E+00  -0.11743E-18   0.42153E-01
   0.20600E+02   0.00000E+00  -0.32497E-15  -0.16432E-21   0.00000E+00   0.00000E+00   0.00000E+00   0.00000E+00
   0.00000E+00   0.00000E+00   0.00000E+00   0.00000E+00   0.00000E+00   0.10399E+03   0.00000E+00   0.00000E+00
   0.00000E+00  -0.40685E-14   0.00000E+00   0.00000E+00   0.00000E+00   0.00000E+00   0.00000E+00   0.84170E+02
   0.27172E-01   0.00000E+00   0.00000E+00   0.00000E+00   0.18301E+01   0.48417E+01   0.13706E-02   0.36050E+01
   0.00000E+00   0.00000E+00   0.00000E+00   0.00000E+00   0.00000E+00   0.64670E+01   0.15306E+01   0.12581E+01
   0.00000E+00   0.50308E+02   0.00000E+00   0.13555E+02   0.00000E+00   0.00000E+00  -0.39057E-14   0.18730E+01
  -0.32378E-15   0.00000E+00   0.12281E+02   0.38981E+00   0.00000E+00   0.10233E+01   0.00000E+00   0.00000E+00
   0.38028E+02   0.98432E+02   0.32792E+02   0.23615E+03   0.28879E+02   0.10382E+03   0.56496E+02   0.98130E+02
   0.10000E+01   0.10000E+01   0.10000E+01   0.10000E+01   0.10000E+01   0.10000E+01   0.10000E+01   0.10000E+01

   0.98603E+01   0.18597E+01   0.22689E+02   0.34547E+01   0.20458E+02   0.10443E+02   0.68716E+01   0.67797E+01
   0.12665E-01   0.13704E-01   0.95736E-02   0.00000E+00   0.36496E-01   0.42805E-02   0.00000E+00   0.48901E-01
   0.17403E-01   0.32816E-01   0.13732E+00   0.18670E-01   0.13466E+00   0.33562E-01   0.34545E-01   0.38558E-01
   0.69390E+01   0.38270E+01   0.50812E+01   0.64710E+01   0.33556E+01   0.64460E+01   0.23630E+02   0.41014E+01
   0.12348E-02   0.28287E-02   0.14919E-02   0.00000E+00   0.51453E-02   0.00000E+00   0.00000E+00   0.56569E-02
   0.14794E+02   0.18570E+01   0.39096E+01   0.15094E+03   0.48837E+01   0.36199E+01   0.17590E+01   0.17457E+01
   0.17610E-02   0.18986E-02   0.60750E-02   0.11797E-03   0.43412E-02   0.25682E-04   0.28714E-02   0.25655E-02
   0.32230E-01   0.60081E-02   0.16606E-01   0.00000E+00   0.19581E-01   0.39385E-01   0.18888E-02   0.34327E-01
   0.63703E-02   0.22847E-01   0.26411E-01   0.86021E-02   0.54063E-01   0.32178E-02   0.18255E-01   0.57258E-01
   0.47448E+01   0.11271E+01   0.16557E+02   0.16888E+01   0.99144E+01   0.41621E+01   0.52101E+01   0.24594E+01
   0.17166E-02   0.26377E-02   0.59447E-02   0.65809E-03   0.57719E-02   0.74505E-03   0.13067E-02   0.34657E-02
   0.68495E+01   0.13463E+02   0.10082E+02   0.48136E+01   0.17737E+02   0.66040E+01   0.19497E+01   0.38640E+01
   0.16106E+02   0.37428E+02   0.14334E+02   0.12805E+02   0.14968E+01   0.15693E+02   0.97345E+01   0.10748E+02
   0.35498E-01   0.34759E-01   0.18069E+00   0.16690E-01   0.15225E+00   0.28203E-01   0.16895E+00   0.65640E-01
   0.11482E-01   0.40994E-02   0.44203E-02   0.26413E-03   0.37683E-02   0.15714E-03   0.52709E-02   0.32356E-02
   0.15726E-01   0.72953E-02   0.11920E-01   0.00000E+00   0.47674E-01   0.95126E-02   0.14253E-01   0.50562E-01
   0.82195E-01   0.10395E+00   0.59543E-01   0.00000E+00   0.19148E+00   0.00000E+00   0.00000E+00   0.21721E+00
   0.74803E-02   0.11160E-01   0.30455E-01   0.34575E-02   0.29703E-01   0.47833E-02   0.92561E-02   0.81593E-02
   0.32006E-03   0.16536E-05   0.14237E-02   0.00000E+00   0.61488E-03   0.24352E-02   0.11984E-07   0.37801E-02
   0.66445E-02   0.14131E-01   0.10884E-01   0.28370E-02   0.18520E-01   0.10588E-01   0.94697E-02   0.17811E-01
   0.31662E-01   0.14930E+00   0.50569E-01   0.71045E-01   0.11204E+00   0.44544E-01   0.56639E-01   0.49055E-01
   0.58909E-01   0.65237E-01   0.45243E+00   0.43142E-01   0.45112E+00   0.10322E+00   0.14043E+00   0.62864E-01
   0.56091E-02   0.21440E-01   0.44644E-01   0.34694E-02   0.39879E-01   0.41314E-02   0.71769E-02   0.12184E-01
   0.97080E-01   0.13436E+00   0.11632E+00   0.95444E-02   0.27003E+00   0.61573E-02   0.67724E-02   0.20827E+00
   0.30701E+02   0.16136E+01   0.73819E+00   0.49773E+01   0.39855E+01   0.74247E+01   0.26300E+01   0.24497E+01
   0.72451E+02   0.16011E+02   0.73116E+01   0.34741E+02   0.25478E+02   0.20216E+03   0.38221E+02   0.42882E+02
   0.89805E+02   0.14448E+02   0.72647E+02   0.47001E+02   0.55464E+01   0.10089E+03   0.97118E+02   0.20785E+03
   0.75161E+01   0.24367E+01   0.10065E+02   0.00000E+00   0.14548E+02   0.10702E+02   0.50884E+01   0.13352E+02
   0.41896E+01   0.10782E+01   0.53268E+01   0.58060E+00   0.45240E+01   0.11581E+02   0.51177E+01   0.48952E+01
   0.16302E+02   0.10559E+03   0.26727E+02   0.59746E+02   0.29984E+02   0.24459E+02   0.92873E+01   0.28608E+02
   0.86022E+01   0.21934E+01   0.47248E+02   0.45583E+01   0.30429E+02   0.15049E+02   0.15585E+02   0.82326E+01
   0.15728E+03   0.28141E+03   0.20730E+03   0.32415E+03   0.18680E+03   0.24090E+03   0.21555E+03   0.26178E+03
   0.10000E+01   0.10000E+01   0.10000E+01   0.10000E+01   0.10000E+01   0.10000E+01   0.10000E+01   0.10000E+01


   0.00000E+00  -0.14636E-15   0.00000E+00   0.00000E+00   0.00000E+00  -0.58829E-15  -0.42568E-15  -0.84464E-16
   0.00000E+00   0.00000E+00   0.00000E+00   0.00000E+00   0.00000E+00   0.00000E+00   0.00000E+00   0.13577E-01
  -0.17974E-17   0.00000E+00   0.00000E+00   0.10923E-04   0.12876E-01   0.76721E-03   0.00000E+00   0.59131E-02
  -0.22605E-16   0.00000E+00   0.00000E+00   0.00000E+00   0.00000E+00   0.00000E+00   0.12511E+02  -0.21759E-19
   0.00000E+00   0.00000E+00   0.00000E+00   0.00000E+00   0.51444E-03   0.00000E+00   0.00000E+00   0.13293E-02
   0.14848E-10   0.00000E+00   0.00000E+00   0.12620E+03   0.00000E+00   0.00000E+00  -0.61964E-15  -0.30876E-16
   0.74020E-04   0.19409E-04   0.63122E-03   0.00000E+00   0.00000E+00   0.00000E+00   0.23439E-03   0.24346E-03
   0.00000E+00   0.00000E+00   0.00000E+00   0.00000E+00   0.00000E+00   0.66656E-02   0.00000E+00   0.10815E-01
   0.00000E+00   0.00000E+00  -0.50335E-18   0.00000E+00   0.12538E-01   0.00000E+00  -0.22794E-17   0.12895E-01
  -0.45645E-15  -0.11748E-20   0.41366E+01   0.00000E+00   0.00000E+00   0.00000E+00   0.00000E+00  -0.16687E-15
   0.00000E+00   0.00000E+00   0.00000E+00   0.00000E+00   0.75697E-03   0.00000E+00  -0.88289E-19   0.13536E-03
   0.00000E+00   0.00000E+00  -0.54234E-15   0.00000E+00   0.20097E+01   0.00000E+00  -0.49391E-15  -0.14240E-21
   0.00000E+00   0.16082E+02   0.00000E+00   0.00000E+00   0.00000E+00   0.00000E+00   0.00000E+00   0.00000E+00
   0.00000E+00   0.00000E+00   0.36339E-02   0.00000E+00   0.10108E-01  -0.25435E-17   0.81203E-01   0.99508E-02
   0.15257E-02   0.00000E+00   0.00000E+00   0.00000E+00  -0.66390E-24   0.00000E+00  -0.23392E-23   0.00000E+00
  -0.45817E-18   0.00000E+00   0.00000E+00   0.00000E+00   0.46894E-03   0.00000E+00   0.32528E-02   0.10741E-01
   0.49553E-02   0.00000E+00   0.00000E+00   0.00000E+00   0.10696E-01   0.00000E+00   0.00000E+00   0.52159E-01
   0.44757E-04   0.00000E+00   0.54522E-03   0.00000E+00   0.30189E-02  -0.67262E-18   0.00000E+00   0.84425E-03
   0.00000E+00   0.00000E+00   0.00000E+00   0.00000E+00   0.00000E+00   0.38253E-03   0.00000E+00   0.16590E-02
   0.00000E+00   0.00000E+00  -0.28723E-24   0.00000E+00   0.25916E-02   0.32913E-02  -0.67823E-18   0.39510E-02
   0.00000E+00   0.24545E-01   0.00000E+00   0.31700E-01   0.98695E-02   0.00000E+00   0.00000E+00   0.94879E-03
  -0.13900E-17   0.00000E+00   0.00000E+00   0.00000E+00   0.97241E-02   0.00000E+00  -0.56948E-17  -0.14953E-17
   0.00000E+00   0.52247E-10   0.18659E-02   0.00000E+00   0.60064E-02   0.00000E+00   0.00000E+00   0.76982E-03
   0.00000E+00   0.00000E+00   0.00000E+00  -0.11196E-17   0.51870E-01   0.00000E+00  -0.92779E-18   0.36034E-01
   0.19588E+02  -0.24535E-22  -0.32497E-15  -0.16432E-21  -0.37486E-26   0.00000E+00   0.00000E+00   0.00000E+00
   0.00000E+00   0.00000E+00   0.00000E+00   0.00000E+00   0.00000E+00   0.10399E+03   0.00000E+00   0.00000E+00
   0.00000E+00  -0.40685E-14   0.00000E+00   0.00000E+00   0.00000E+00   0.00000E+00   0.00000E+00   0.71792E+02
   0.70122E-02   0.00000E+00   0.00000E+00   0.00000E+00   0.57343E+00   0.47522E+01   0.00000E+00   0.29548E+01
   0.00000E+00   0.00000E+00   0.00000E+00   0.00000E+00   0.00000E+00   0.60647E+01   0.14054E+01   0.11688E+01
  -0.27135E-15   0.42634E+02   0.00000E+00   0.13555E+02   0.00000E+00   0.00000E+00  -0.39057E-14   0.14734E+01
  -0.32378E-15   0.00000E+00   0.12281E+02   0.88646E-01   0.00000E+00   0.00000E+00   0.00000E+00   0.00000E+00
   0.38028E+02   0.97309E+02   0.25936E+02   0.23476E+03   0.28879E+02   0.10210E+03   0.56150E+02   0.81398E+02
   0.10000E+01   0.10000E+01   0.10000E+01   0.10000E+01   0.10000E+01   0.10000E+01   0.10000E+01   0.10000E+01

   0.11727E+02   0.19313E+01   0.23987E+02   0.42276E+01   0.22725E+02   0.12426E+02   0.68716E+01   0.82766E+01
   0.13237E-01   0.15107E-01   0.99241E-02   0.00000E+00   0.37418E-01   0.64136E-02   0.00000E+00   0.53678E-01
   0.19279E-01   0.34541E-01   0.14135E+00   0.20431E-01   0.14080E+00   0.34893E-01   0.34545E-01   0.41284E-01
   0.78001E+01   0.39993E+01   0.56889E+01   0.73753E+01   0.33556E+01   0.73466E+01   0.24600E+02   0.49455E+01
   0.13458E-02   0.30828E-02   0.16456E-02   0.00000E+00   0.52756E-02   0.22502E-04   0.00000E+00   0.61657E-02
   0.15610E+02   0.18570E+01   0.39121E+01   0.15652E+03   0.48906E+01   0.36199E+01   0.20904E+01   0.22191E+01
   0.18221E-02   0.18986E-02   0.63287E-02   0.23004E-03   0.44236E-02   0.25682E-04   0.28714E-02   0.29895E-02
   0.33410E-01   0.98547E-02   0.17144E-01   0.00000E+00   0.22777E-01   0.39385E-01   0.18888E-02   0.35859E-01
   0.81084E-02   0.26403E-01   0.26844E-01   0.99994E-02   0.54063E-01   0.46590E-02   0.23871E-01   0.62440E-01
   0.51894E+01   0.11271E+01   0.17158E+02   0.19605E+01   0.99144E+01   0.46533E+01   0.52101E+01   0.30600E+01
   0.18843E-02   0.30918E-02   0.59447E-02   0.65809E-03   0.58724E-02   0.14525E-02   0.13067E-02   0.38649E-02
   0.77394E+01   0.14904E+02   0.11153E+02   0.56019E+01   0.18442E+02   0.74690E+01   0.29157E+01   0.51900E+01
   0.18675E+02   0.39168E+02   0.16718E+02   0.15175E+02   0.19013E+01   0.18084E+02   0.97345E+01   0.13049E+02
   0.39623E-01   0.52259E-01   0.19981E+00   0.19060E-01   0.15225E+00   0.35573E-01   0.16895E+00   0.65640E-01
   0.11482E-01   0.40994E-02   0.46845E-02   0.44867E-03   0.41754E-02   0.15714E-03   0.64803E-02   0.32356E-02
   0.16334E-01   0.95732E-02   0.12254E-01   0.00000E+00   0.48246E-01   0.12943E-01   0.19709E-01   0.53551E-01
   0.85911E-01   0.11281E+00   0.62197E-01   0.00000E+00   0.19727E+00   0.25945E-02   0.00000E+00   0.24045E+00
   0.79650E-02   0.12099E-01   0.30496E-01   0.39820E-02   0.30033E-01   0.51805E-02   0.92561E-02   0.90083E-02
   0.58115E-03   0.82432E-04   0.14237E-02   0.00000E+00   0.61488E-03   0.27447E-02   0.11984E-07   0.37801E-02
   0.72132E-02   0.14989E-01   0.11381E-01   0.29146E-02   0.18520E-01   0.10959E-01   0.10234E-01   0.19842E-01
   0.34483E-01   0.15525E+00   0.59970E-01   0.74526E-01   0.11390E+00   0.47980E-01   0.56639E-01   0.56123E-01
   0.61191E-01   0.68281E-01   0.45243E+00   0.46320E-01   0.46556E+00   0.11204E+00   0.14043E+00   0.78910E-01
   0.57990E-02   0.23013E-01   0.45372E-01   0.41857E-02   0.39879E-01   0.45605E-02   0.71769E-02   0.13208E-01
   0.10479E+00   0.14587E+00   0.12090E+00   0.12635E-01   0.27003E+00   0.11781E-01   0.73946E-02   0.23503E+00
   0.30950E+02   0.24412E+01   0.73819E+00   0.56133E+01   0.40524E+01   0.86652E+01   0.26300E+01   0.25416E+01
   0.72451E+02   0.18014E+02   0.74135E+01   0.39873E+02   0.29366E+02   0.20370E+03   0.41606E+02   0.51246E+02
   0.10450E+03   0.20774E+02   0.86897E+02   0.54782E+02   0.83546E+01   0.11614E+03   0.11589E+03   0.21910E+03
   0.80159E+01   0.33761E+01   0.10122E+02   0.83839E-02   0.14548E+02   0.10789E+02   0.82607E+01   0.14047E+02
   0.48246E+01   0.19824E+01   0.60399E+01   0.85806E+00   0.48927E+01   0.11658E+02   0.54871E+01   0.55058E+01
   0.16302E+02   0.10559E+03   0.26727E+02   0.64673E+02   0.32576E+02   0.25148E+02   0.10911E+02   0.32861E+02
   0.86022E+01   0.21934E+01   0.48867E+02   0.49685E+01   0.30429E+02   0.16166E+02   0.15585E+02   0.99270E+01
   0.15728E+03   0.28806E+03   0.22085E+03   0.33171E+03   0.19149E+03   0.24261E+03   0.21555E+03   0.28583E+03
   0.10000E+01   0.10000E+01   0.10000E+01   0.10000E+01   0.10000E+01   0.10000E+01   0.10000E+01   0.10000E+01


     27.00     27.00     27.00     27.00     27.00     27.00     27.00     27.00
   -990.00   -990.00   -990.00   -990.00   -990.00   -990.00   -990.00   -990.00
   -990.00   -990.00   -990.00   -990.00   -990.00   -990.00   -990.00   -990.00
     27.00     27.00     27.00     27.00     27.00     27.00      8.87     27.00
   -990.00   -990.00   -990.00   -990.00   -990.00   -990.00   -990.00   -990.00
     27.00     27.00     27.00     10.07     27.00     27.00     27.00     27.00
   -990.00   -990.00   -990.00   -990.00   -990.00   -990.00   -990.00   -990.00
   -990.00   -990.00   -990.00   -990.00   -990.00   -990.00   -990.00   -990.00
   -990.00   -990.00   -990.00   -990.00   -990.00   -990.00   -990.00   -990.00
     27.00     27.00      5.96     27.00     27.00     27.00     27.00     27.00
   -990.00   -990.00   -990.00   -990.00   -990.00   -990.00   -990.00   -990.00
     27.00     27.00     27.00     27.00      7.23     27.00     27.00     27.00
     27.00      6.58     27.00     27.00     27.00     27.00     27.00     27.00
   -990.00   -990.00   -990.00   -990.00   -990.00   -990.00   -990.00   -990.00
   -990.00   -990.00   -990.00   -990.00   -990.00   -990.00   -990.00   -990.00
   -990.00   -990.00   -990.00   -990.00   -990.00   -990.00   -990.00   -990.00
   -990.00   -990.00   -990.00   -990.00   -990.00   -990.00   -990.00   -990.00
   -990.00   -990.00   -990.00   -990.00   -990.00   -990.00   -990.00   -990.00
   -990.00   -990.00   -990.00   -990.00   -990.00   -990.00   -990.00   -990.00
   -990.00   -990.00   -990.00   -990.00   -990.00   -990.00   -990.00   -990.00
   -990.00   -990.00   -990.00   -990.00   -990.00   -990.00   -990.00   -990.00
   -990.00   -990.00   -990.00   -990.00   -990.00   -990.00   -990.00   -990.00
   -990.00   -990.00   -990.00   -990.00   -990.00   -990.00   -990.00   -990.00
   -990.00   -990.00   -990.00   -990.00   -990.00   -990.00   -990.00   -990.00
      4.76     27.00     27.00     27.00     27.00     27.00     27.00     27.00
     27.00     27.00     27.00     27.00     27.00      4.15     27.00     27.00
     27.00     27.00     27.00     27.00     27.00     27.00     27.00     17.98
   -990.00   -990.00   -990.00   -990.00   -990.00   -990.00   -990.00   -990.00
   -990.00   -990.00   -990.00   -990.00   -990.00   -990.00   -990.00   -990.00
   -990.00   -990.00   -990.00   -990.00   -990.00   -990.00   -990.00   -990.00
   -990.00   -990.00   -990.00   -990.00   -990.00   -990.00   -990.00   -990.00
   -990.00   -990.00   -990.00   -990.00   -990.00   -990.00   -990.00   -990.00
   -990.00   -990.00   -990.00   -990.00   -990.00   -990.00   -990.00   -990.00

     27.86      5.60     36.04     45.81     35.96     35.92     18.82     39.55
   -990.00   -990.00   -990.00   -990.00   -990.00   -990.00   -990.00   -990.00
   -990.00   -990.00   -990.00   -990.00   -990.00   -990.00   -990.00   -990.00
     26.50      8.01      9.13     37.13      6.50     36.78     25.38     25.47
   -990.00   -990.00   -990.00   -990.00   -990.00   -990.00   -990.00   -990.00
     31.84     10.65     11.46     40.60      9.42      8.97     11.18      8.54
   -990.00   -990.00   -990.00   -990.00   -990.00   -990.00   -990.00   -990.00
   -990.00   -990.00   -990.00   -990.00   -990.00   -990.00   -990.00   -990.00
   -990.00   -990.00   -990.00   -990.00   -990.00   -990.00   -990.00   -990.00
     33.13      5.02     25.12     40.09      5.98     34.57     12.68     35.93
   -990.00   -990.00   -990.00   -990.00   -990.00   -990.00   -990.00   -990.00
     39.94     30.86     27.07     36.01     26.29     25.60     14.63     33.00
     29.65     29.61     39.10     44.19      8.65     28.11     13.14     39.68
   -990.00   -990.00   -990.00   -990.00   -990.00   -990.00   -990.00   -990.00
   -990.00   -990.00   -990.00   -990.00   -990.00   -990.00   -990.00   -990.00
   -990.00   -990.00   -990.00   -990.00   -990.00   -990.00   -990.00   -990.00
   -990.00   -990.00   -990.00   -990.00   -990.00   -990.00   -990.00   -990.00
   -990.00   -990.00   -990.00   -990.00   -990.00   -990.00   -990.00   -990.00
   -990.00   -990.00   -990.00   -990.00   -990.00   -990.00   -990.00   -990.00
   -990.00   -990.00   -990.00   -990.00   -990.00   -990.00   -990.00   -990.00
   -990.00   -990.00   -990.00   -990.00   -990.00   -990.00   -990.00   -990.00
   -990.00   -990.00   -990.00   -990.00   -990.00   -990.00   -990.00   -990.00
   -990.00   -990.00   -990.00   -990.00   -990.00   -990.00   -990.00   -990.00
   -990.00   -990.00   -990.00   -990.00   -990.00   -990.00   -990.00   -990.00
     35.46      4.96      8.91     29.19      4.41     38.25     10.78      8.89
      9.46      5.68      8.45     29.22      4.81     38.24     12.40     36.68
     29.22     12.10     30.42     34.80      9.77     30.38     29.57     35.45
   -990.00   -990.00   -990.00   -990.00   -990.00   -990.00   -990.00   -990.00
   -990.00   -990.00   -990.00   -990.00   -990.00   -990.00   -990.00   -990.00
   -990.00   -990.00   -990.00   -990.00   -990.00   -990.00   -990.00   -990.00
   -990.00   -990.00   -990.00   -990.00   -990.00   -990.00   -990.00   -990.00
   -990.00   -990.00   -990.00   -990.00   -990.00   -990.00   -990.00   -990.00
   -990.00   -990.00   -990.00   -990.00   -990.00   -990.00   -990.00   -990.00

   13   91   38    2  107   12   35   18

    0    0    0    0    0    0    0    0
    3   10    5    0   13    1    1    0
    4   26   13    1   32    1    9    5
    4   28   13    1   34    1   10    6

    0   13   35   37

