
       0      -0.131
    0    0    0    0    0    0    0    0
    3   10    5    0   13    1    1    0
    4   26   13    1   32    1    9    5
    4   28   13    1   34    1   10    6


   0.00000E+00   0.00000E+00   0.00000E+00   0.00000E+00   0.00000E+00  -0.58829E-15  -0.42568E-15   0.00000E+00
   0.00000E+00   0.00000E+00   0.00000E+00   0.00000E+00   0.31044E-02   0.00000E+00   0.00000E+00   0.14950E-01
  -0.17974E-17   0.00000E+00   0.00000E+00   0.38695E-04   0.17344E-01   0.23655E-02   0.00000E+00   0.71329E-02
   0.00000E+00   0.00000E+00   0.00000E+00   0.00000E+00   0.00000E+00   0.00000E+00   0.12511E+02   0.00000E+00
   0.00000E+00   0.00000E+00   0.00000E+00   0.00000E+00   0.95385E-03   0.00000E+00   0.00000E+00   0.15097E-02
   0.99093E-05   0.00000E+00   0.00000E+00   0.12620E+03   0.00000E+00   0.00000E+00  -0.61964E-15  -0.30876E-16
   0.74020E-04   0.14025E-03   0.63122E-03   0.00000E+00   0.00000E+00   0.00000E+00   0.23439E-03   0.32745E-03
   0.00000E+00   0.00000E+00   0.00000E+00   0.00000E+00   0.00000E+00   0.73274E-02   0.00000E+00   0.11907E-01
   0.00000E+00   0.00000E+00  -0.50335E-18   0.00000E+00   0.17811E-01   0.00000E+00  -0.22794E-17   0.15706E-01
  -0.45645E-15  -0.11748E-20   0.41366E+01   0.00000E+00   0.00000E+00   0.00000E+00   0.00000E+00  -0.16687E-15
   0.00000E+00   0.00000E+00   0.00000E+00   0.00000E+00   0.12763E-02   0.00000E+00  -0.88289E-19   0.13536E-03
   0.00000E+00   0.00000E+00  -0.54234E-15   0.00000E+00   0.30561E+01   0.00000E+00  -0.49391E-15  -0.14240E-21
   0.00000E+00   0.16490E+02   0.00000E+00   0.00000E+00   0.00000E+00   0.00000E+00   0.00000E+00   0.00000E+00
   0.00000E+00   0.00000E+00   0.36339E-02   0.00000E+00   0.11684E-01  -0.25435E-17   0.81203E-01   0.12005E-01
   0.15257E-02   0.00000E+00   0.00000E+00   0.00000E+00   0.00000E+00   0.00000E+00   0.00000E+00   0.00000E+00
  -0.45817E-18   0.00000E+00   0.00000E+00   0.00000E+00   0.31873E-02   0.00000E+00   0.34959E-02   0.12667E-01
   0.73839E-02   0.00000E+00   0.00000E+00   0.00000E+00   0.29304E-01   0.00000E+00   0.00000E+00   0.61209E-01
   0.44757E-04   0.00000E+00   0.54522E-03   0.00000E+00   0.42200E-02  -0.67262E-18   0.32421E-03   0.10405E-02
   0.00000E+00   0.00000E+00   0.00000E+00   0.00000E+00   0.00000E+00   0.38253E-03   0.00000E+00   0.17817E-02
   0.00000E+00   0.00000E+00  -0.28723E-24   0.00000E+00   0.40847E-02   0.36851E-02  -0.67823E-18   0.46501E-02
   0.00000E+00   0.29159E-01   0.00000E+00   0.33012E-01   0.16912E-01   0.00000E+00   0.00000E+00   0.12627E-02
  -0.13900E-17   0.00000E+00   0.00000E+00   0.00000E+00   0.17258E-01   0.00000E+00  -0.56948E-17   0.10042E-02
   0.00000E+00   0.52247E-10   0.18659E-02   0.00000E+00   0.84686E-02   0.00000E+00   0.00000E+00   0.10564E-02
   0.00000E+00   0.00000E+00   0.00000E+00  -0.11196E-17   0.70671E-01   0.00000E+00  -0.11743E-18   0.42153E-01
   0.20600E+02   0.00000E+00  -0.32497E-15  -0.16432E-21   0.00000E+00   0.00000E+00   0.00000E+00   0.00000E+00
   0.00000E+00   0.00000E+00   0.00000E+00   0.00000E+00   0.00000E+00   0.10399E+03   0.00000E+00   0.00000E+00
   0.00000E+00  -0.40685E-14   0.00000E+00   0.00000E+00   0.00000E+00   0.00000E+00   0.00000E+00   0.84170E+02
   0.27172E-01   0.00000E+00   0.00000E+00   0.00000E+00   0.18301E+01   0.48417E+01   0.13706E-02   0.36050E+01
   0.00000E+00   0.00000E+00   0.00000E+00   0.00000E+00   0.00000E+00   0.64670E+01   0.15306E+01   0.12581E+01
   0.00000E+00   0.50308E+02   0.00000E+00   0.13555E+02   0.00000E+00   0.00000E+00  -0.39057E-14   0.18730E+01
  -0.32378E-15   0.00000E+00   0.12281E+02   0.38981E+00   0.00000E+00   0.10233E+01   0.00000E+00   0.00000E+00
   0.38028E+02   0.98432E+02   0.32792E+02   0.23615E+03   0.28879E+02   0.10382E+03   0.56496E+02   0.98130E+02
   0.10000E+01   0.10000E+01   0.10000E+01   0.10000E+01   0.10000E+01   0.10000E+01   0.10000E+01   0.10000E+01

   0.98603E+01   0.18597E+01   0.22689E+02   0.34547E+01   0.20458E+02   0.10443E+02   0.68716E+01   0.67797E+01
   0.12665E-01   0.13704E-01   0.95736E-02   0.00000E+00   0.36496E-01   0.42805E-02   0.00000E+00   0.48901E-01
   0.17403E-01   0.32816E-01   0.13732E+00   0.18670E-01   0.13466E+00   0.33562E-01   0.34545E-01   0.38558E-01
   0.69390E+01   0.38270E+01   0.50812E+01   0.64710E+01   0.33556E+01   0.64460E+01   0.23630E+02   0.41014E+01
   0.12348E-02   0.28287E-02   0.14919E-02   0.00000E+00   0.51453E-02   0.00000E+00   0.00000E+00   0.56569E-02
   0.14794E+02   0.18570E+01   0.39096E+01   0.15094E+03   0.48837E+01   0.36199E+01   0.17590E+01   0.17457E+01
   0.17610E-02   0.18986E-02   0.60750E-02   0.11797E-03   0.43412E-02   0.25682E-04   0.28714E-02   0.25655E-02
   0.32230E-01   0.60081E-02   0.16606E-01   0.00000E+00   0.19581E-01   0.39385E-01   0.18888E-02   0.34327E-01
   0.63703E-02   0.22847E-01   0.26411E-01   0.86021E-02   0.54063E-01   0.32178E-02   0.18255E-01   0.57258E-01
   0.47448E+01   0.11271E+01   0.16557E+02   0.16888E+01   0.99144E+01   0.41621E+01   0.52101E+01   0.24594E+01
   0.17166E-02   0.26377E-02   0.59447E-02   0.65809E-03   0.57719E-02   0.74505E-03   0.13067E-02   0.34657E-02
   0.68495E+01   0.13463E+02   0.10082E+02   0.48136E+01   0.17737E+02   0.66040E+01   0.19497E+01   0.38640E+01
   0.16106E+02   0.37428E+02   0.14334E+02   0.12805E+02   0.14968E+01   0.15693E+02   0.97345E+01   0.10748E+02
   0.35498E-01   0.34759E-01   0.18069E+00   0.16690E-01   0.15225E+00   0.28203E-01   0.16895E+00   0.65640E-01
   0.11482E-01   0.40994E-02   0.44203E-02   0.26413E-03   0.37683E-02   0.15714E-03   0.52709E-02   0.32356E-02
   0.15726E-01   0.72953E-02   0.11920E-01   0.00000E+00   0.47674E-01   0.95126E-02   0.14253E-01   0.50562E-01
   0.82195E-01   0.10395E+00   0.59543E-01   0.00000E+00   0.19148E+00   0.00000E+00   0.00000E+00   0.21721E+00
   0.74803E-02   0.11160E-01   0.30455E-01   0.34575E-02   0.29703E-01   0.47833E-02   0.92561E-02   0.81593E-02
   0.32006E-03   0.16536E-05   0.14237E-02   0.00000E+00   0.61488E-03   0.24352E-02   0.11984E-07   0.37801E-02
   0.66445E-02   0.14131E-01   0.10884E-01   0.28370E-02   0.18520E-01   0.10588E-01   0.94697E-02   0.17811E-01
   0.31662E-01   0.14930E+00   0.50569E-01   0.71045E-01   0.11204E+00   0.44544E-01   0.56639E-01   0.49055E-01
   0.58909E-01   0.65237E-01   0.45243E+00   0.43142E-01   0.45112E+00   0.10322E+00   0.14043E+00   0.62864E-01
   0.56091E-02   0.21440E-01   0.44644E-01   0.34694E-02   0.39879E-01   0.41314E-02   0.71769E-02   0.12184E-01
   0.97080E-01   0.13436E+00   0.11632E+00   0.95444E-02   0.27003E+00   0.61573E-02   0.67724E-02   0.20827E+00
   0.30701E+02   0.16136E+01   0.73819E+00   0.49773E+01   0.39855E+01   0.74247E+01   0.26300E+01   0.24497E+01
   0.72451E+02   0.16011E+02   0.73116E+01   0.34741E+02   0.25478E+02   0.20216E+03   0.38221E+02   0.42882E+02
   0.89805E+02   0.14448E+02   0.72647E+02   0.47001E+02   0.55464E+01   0.10089E+03   0.97118E+02   0.20785E+03
   0.75161E+01   0.24367E+01   0.10065E+02   0.00000E+00   0.14548E+02   0.10702E+02   0.50884E+01   0.13352E+02
   0.41896E+01   0.10782E+01   0.53268E+01   0.58060E+00   0.45240E+01   0.11581E+02   0.51177E+01   0.48952E+01
   0.16302E+02   0.10559E+03   0.26727E+02   0.59746E+02   0.29984E+02   0.24459E+02   0.92873E+01   0.28608E+02
   0.86022E+01   0.21934E+01   0.47248E+02   0.45583E+01   0.30429E+02   0.15049E+02   0.15585E+02   0.82326E+01
   0.15728E+03   0.28141E+03   0.20730E+03   0.32415E+03   0.18680E+03   0.24090E+03   0.21555E+03   0.26178E+03
   0.10000E+01   0.10000E+01   0.10000E+01   0.10000E+01   0.10000E+01   0.10000E+01   0.10000E+01   0.10000E+01

   0.00000   0.00000   0.00000   0.00000   0.00000   0.00000   0.00000   0.00000
   0.00000   0.00000   0.00000   0.00000   0.05343   0.00000   0.00000   0.26706
   0.00000   0.00000   0.00000   0.00022   0.09913   0.01354   0.00000   0.04083
   0.00000   0.00000   0.00000   0.00000   0.00000   0.00000   0.60610   0.00000
   0.00000   0.00000   0.00000   0.00000   0.13528   0.00000   0.00000   0.21166
   0.00000   0.00000   0.00000   0.88616   0.00000   0.00000   0.00000   0.00000
   0.01334   0.02646   0.07336   0.00000   0.00000   0.00000   0.02710   0.03695
   0.00000   0.00000   0.00000   0.00000   0.00000   0.10642   0.00000   0.17461
   0.00000   0.00000   0.00000   0.00000   0.22228   0.00000   0.00000   0.19662
   0.00000   0.00000   0.27985   0.00000   0.00000   0.00000   0.00000   0.00000
   0.00000   0.00000   0.00000   0.00000   0.14323   0.00000   0.00000   0.01502
   0.00000   0.00000   0.00000   0.00000   0.18500   0.00000   0.00000   0.00000
   0.00000   0.52249   0.00000   0.00000   0.00000   0.00000   0.00000   0.00000
   0.00000   0.00000   0.01137   0.00000   0.04379   0.00000   0.24997   0.03719
   0.40302   0.00000   0.00000   0.00000   0.00000   0.00000   0.00000   0.00000
   0.00000   0.00000   0.00000   0.00000   0.04280   0.00000   0.04704   0.17457
   0.02477   0.00000   0.00000   0.00000   0.09854   0.00000   0.00000   0.20761
   0.00964   0.00000   0.01333   0.00000   0.10253   0.00000   0.00787   0.02524
   0.00000   0.00000   0.00000   0.00000   0.00000   0.09190   0.00000   0.42509
   0.00000   0.00000   0.00000   0.00000   0.12471   0.11200   0.00000   0.14314
   0.00000   0.13225   0.00000   0.15138   0.07608   0.00000   0.00000   0.00678
   0.00000   0.00000   0.00000   0.00000   0.03474   0.00000   0.00000   0.00201
   0.00000   0.00200   0.03240   0.00000   0.14777   0.00000   0.00000   0.01823
   0.00000   0.00000   0.00000   0.00000   0.21162   0.00000   0.00000   0.12854
   0.68650   0.00000   0.00000   0.00000   0.00000   0.00000   0.00000   0.00000
   0.00000   0.00000   0.00000   0.00000   0.00000   0.52671   0.00000   0.00000
   0.00000   0.00000   0.00000   0.00000   0.00000   0.00000   0.00000   0.46429
   0.00082   0.00000   0.00000   0.00000   0.05413   0.14454   0.00062   0.10815
   0.00000   0.00000   0.00000   0.00000   0.00000   0.32832   0.07764   0.06407
   0.00000   0.35672   0.00000   0.10021   0.00000   0.00000   0.00000   0.01328
   0.00000   0.00000   0.25206   0.00799   0.00000   0.02098   0.00000   0.00000
   0.03655   0.09883   0.03046   0.21988   0.02680   0.09638   0.05226   0.09103
   1.00000   1.00000   1.00000   1.00000   1.00000   1.00000   1.00000   1.00000

   0.47181   0.09929   1.00000   0.17729   1.00000   0.49322   0.33544   0.34084
   0.22331   0.23960   0.17251   0.00000   0.65618   0.07555   0.00000   0.84160
   0.09936   0.18755   0.78486   0.10740   0.77098   0.19185   0.16811   0.22007
   0.32369   0.18537   0.25763   0.30549   0.16275   0.29984   1.00000   0.19546
   0.17197   0.38642   0.21305   0.00000   0.72134   0.00000   0.00000   0.76842
   0.09967   0.01251   0.02744   0.98841   0.03429   0.02578   0.01278   0.01240
   0.20482   0.21950   0.69636   0.01339   0.50305   0.00000   0.29243   0.29566
   0.46811   0.08664   0.24194   0.00000   0.28388   0.55682   0.02214   0.50363
   0.08452   0.28723   0.33430   0.11189   0.68636   0.04337   0.22853   0.71455
   0.31354   0.03193   1.00000   0.11358   0.66709   0.27580   0.33444   0.16618
   0.18891   0.29601   0.64614   0.07206   0.62857   0.08126   0.11665   0.37053
   0.41750   0.81500   0.61215   0.29695   1.00000   0.40101   0.12275   0.24140
   0.47751   1.00000   0.43388   0.39354   0.04751   0.45884   0.28268   0.33243
   0.10964   0.10741   0.55480   0.05191   0.47042   0.08634   0.46784   0.20265
   0.87717   0.38276   0.34835   0.02466   0.32436   0.00034   0.46077   0.16817
   0.21314   0.09898   0.16478   0.00000   0.66068   0.12536   0.19300   0.67897
   0.28094   0.34955   0.20549   0.00000   0.66354   0.00000   0.00000   0.72132
   0.18117   0.27044   0.73997   0.08407   0.72143   0.11665   0.19712   0.19763
   0.07685   0.00000   0.30366   0.00000   0.13238   0.56749   0.00000   0.90810
   0.20226   0.43142   0.33430   0.08662   0.53568   0.32310   0.29150   0.54022
   0.14280   0.67165   0.23189   0.32222   0.50639   0.20090   0.25862   0.22125
   0.11941   0.12936   0.91073   0.08740   0.91062   0.20908   0.26308   0.12715
   0.09411   0.37412   0.77407   0.06058   0.69253   0.07266   0.11064   0.21275
   0.29768   0.40236   0.35583   0.02947   0.83131   0.01917   0.01987   0.62490
   1.00000   0.05386   0.01795   0.16589   0.13306   0.24743   0.08655   0.08174
   0.36684   0.08108   0.02984   0.17581   0.12904   1.00000   0.19353   0.21711
   0.48688   0.08467   0.39652   0.26452   0.03251   0.53043   0.53571   1.00000
   0.22437   0.07251   0.29923   0.00000   0.43523   0.32107   0.15219   0.39492
   0.21270   0.05471   0.26872   0.02951   0.22911   0.58743   0.24763   0.24955
   0.11511   0.71973   0.19758   0.42364   0.22048   0.17732   0.05890   0.20466
   0.18103   0.00553   0.96859   0.09523   0.62059   0.31412   0.29219   0.17142
   0.14600   0.26127   0.19241   0.30085   0.17352   0.22333   0.19043   0.24217
   1.00000   1.00000   1.00000   1.00000   1.00000   1.00000   1.00000   1.00000
