
       0      -0.131
    0    0    0    0    0    0    0    0
    3   10    5    0   13    1    1    0
    4   26   13    1   32    1    9    5
    4   28   13    1   34    1   10    6


   0.00000E+00   0.00000E+00   0.00000E+00   0.00000E+00   0.00000E+00  -0.58829E-15  -0.42568E-15   0.00000E+00
   0.00000E+00   0.00000E+00   0.00000E+00   0.00000E+00   0.66589E-02   0.00000E+00   0.00000E+00   0.16324E-01
  -0.17974E-17   0.00000E+00   0.00000E+00   0.30237E-03   0.20460E-01   0.35304E-02   0.00000E+00   0.79520E-02
   0.00000E+00   0.00000E+00   0.00000E+00   0.00000E+00   0.00000E+00   0.00000E+00   0.13073E+02   0.00000E+00
   0.00000E+00   0.00000E+00   0.00000E+00   0.00000E+00   0.12187E-02   0.00000E+00   0.00000E+00   0.16525E-02
   0.18315E-02   0.00000E+00   0.00000E+00   0.12620E+03   0.00000E+00   0.00000E+00  -0.61964E-15  -0.30876E-16
   0.74020E-04   0.14025E-03   0.63122E-03   0.00000E+00   0.00000E+00   0.00000E+00   0.63330E-03   0.80515E-03
   0.00000E+00   0.00000E+00   0.00000E+00   0.00000E+00   0.00000E+00   0.82054E-02   0.00000E+00   0.12838E-01
   0.00000E+00   0.00000E+00  -0.50335E-18   0.00000E+00   0.26401E-01   0.00000E+00  -0.22794E-17   0.17976E-01
  -0.45645E-15  -0.11748E-20   0.41366E+01   0.00000E+00   0.00000E+00   0.00000E+00   0.00000E+00  -0.16687E-15
   0.00000E+00   0.00000E+00   0.00000E+00   0.00000E+00   0.19329E-02   0.00000E+00  -0.88289E-19   0.69046E-03
   0.00000E+00   0.00000E+00  -0.54234E-15   0.00000E+00   0.37315E+01   0.00000E+00  -0.49391E-15  -0.14240E-21
   0.00000E+00   0.16506E+02   0.00000E+00   0.00000E+00   0.00000E+00   0.00000E+00   0.00000E+00   0.00000E+00
   0.00000E+00   0.00000E+00   0.36339E-02   0.00000E+00   0.11684E-01  -0.25435E-17   0.93531E-01   0.13804E-01
   0.15257E-02   0.36560E-11   0.00000E+00   0.00000E+00   0.00000E+00   0.00000E+00   0.00000E+00   0.13921E-07
  -0.45817E-18   0.00000E+00   0.00000E+00   0.00000E+00   0.10749E-01   0.00000E+00   0.51877E-02   0.13612E-01
   0.10699E-01   0.00000E+00   0.00000E+00   0.00000E+00   0.43750E-01   0.00000E+00   0.00000E+00   0.67056E-01
   0.44757E-04   0.00000E+00   0.54522E-03   0.00000E+00   0.52692E-02  -0.67262E-18   0.41992E-03   0.15209E-02
   0.00000E+00   0.00000E+00   0.00000E+00   0.00000E+00   0.00000E+00   0.48524E-03   0.00000E+00   0.18939E-02
   0.00000E+00   0.00000E+00  -0.28723E-24   0.00000E+00   0.62833E-02   0.38844E-02  -0.67823E-18   0.55115E-02
   0.00000E+00   0.34076E-01   0.00000E+00   0.33815E-01   0.24684E-01   0.00000E+00   0.00000E+00   0.12627E-02
  -0.13900E-17   0.00000E+00   0.00000E+00   0.00000E+00   0.26576E-01   0.00000E+00  -0.56948E-17   0.13472E-02
   0.00000E+00   0.52247E-10   0.39827E-02   0.00000E+00   0.11110E-01   0.00000E+00   0.00000E+00   0.11875E-02
   0.00000E+00   0.00000E+00   0.00000E+00  -0.11196E-17   0.94573E-01   0.00000E+00  -0.11743E-18   0.47897E-01
   0.21461E+02   0.00000E+00  -0.32497E-15  -0.16432E-21   0.00000E+00   0.00000E+00   0.00000E+00   0.00000E+00
   0.00000E+00   0.00000E+00   0.00000E+00   0.00000E+00   0.00000E+00   0.10399E+03   0.00000E+00   0.00000E+00
   0.00000E+00  -0.40685E-14   0.00000E+00   0.00000E+00   0.00000E+00   0.00000E+00   0.00000E+00   0.97915E+02
   0.20317E+00   0.00000E+00   0.00000E+00   0.00000E+00   0.32305E+01   0.50276E+01   0.13706E-02   0.39565E+01
   0.00000E+00   0.00000E+00   0.00000E+00   0.00000E+00   0.00000E+00   0.67009E+01   0.16389E+01   0.13489E+01
   0.00000E+00   0.60215E+02   0.00000E+00   0.13966E+02   0.00000E+00   0.00000E+00  -0.39057E-14   0.19994E+01
  -0.32378E-15   0.00000E+00   0.12281E+02   0.54981E+00   0.00000E+00   0.19692E+01   0.00000E+00   0.66010E-01
   0.38028E+02   0.98432E+02   0.39809E+02   0.23615E+03   0.35199E+02   0.10923E+03   0.68697E+02   0.11000E+03
   0.10000E+01   0.10000E+01   0.10000E+01   0.10000E+01   0.10000E+01   0.10000E+01   0.10000E+01   0.10000E+01

   0.80977E+01   0.17037E+01   0.21409E+02   0.27373E+01   0.16751E+02   0.83779E+01   0.68716E+01   0.53859E+01
   0.11909E-01   0.13116E-01   0.78080E-02   0.00000E+00   0.34881E-01   0.20198E-02   0.00000E+00   0.44408E-01
   0.15098E-01   0.28340E-01   0.13201E+00   0.17353E-01   0.13341E+00   0.31156E-01   0.34545E-01   0.35546E-01
   0.60301E+01   0.34622E+01   0.42410E+01   0.56319E+01   0.28581E+01   0.55380E+01   0.22753E+02   0.33598E+01
   0.11224E-02   0.25506E-02   0.11550E-02   0.00000E+00   0.51064E-02   0.00000E+00   0.00000E+00   0.50314E-02
   0.13836E+02   0.18478E+01   0.38856E+01   0.14506E+03   0.47051E+01   0.32453E+01   0.16727E+01   0.99644E+00
   0.16657E-02   0.15599E-02   0.56396E-02   0.13768E-04   0.37982E-02   0.25682E-04   0.28714E-02   0.23069E-02
   0.30651E-01   0.12712E-02   0.16160E-01   0.00000E+00   0.19046E-01   0.39086E-01   0.18888E-02   0.31029E-01
   0.43965E-02   0.18722E-01   0.25236E-01   0.69570E-02   0.54063E-01   0.14881E-02   0.13509E-01   0.50071E-01
   0.42164E+01   0.11271E+01   0.15913E+02   0.14418E+01   0.88102E+01   0.36491E+01   0.52101E+01   0.19461E+01
   0.15225E-02   0.25607E-02   0.57797E-02   0.63398E-03   0.55567E-02   0.31090E-06   0.13067E-02   0.31794E-02
   0.58972E+01   0.11934E+02   0.90668E+01   0.40674E+01   0.17045E+02   0.55112E+01   0.18792E+01   0.29127E+01
   0.13313E+02   0.35687E+02   0.12134E+02   0.10669E+02   0.64265E+00   0.13231E+02   0.97345E+01   0.87989E+01
   0.32112E-01   0.24167E-01   0.16253E+00   0.12740E-01   0.14392E+00   0.14370E-01   0.16895E+00   0.64423E-01
   0.64611E-02   0.40882E-02   0.44203E-02   0.60989E-04   0.37683E-02   0.15714E-03   0.38696E-02   0.32356E-02
   0.14996E-01   0.62014E-02   0.10598E-01   0.00000E+00   0.47158E-01   0.56838E-02   0.14253E-01   0.46435E-01
   0.78270E-01   0.92263E-01   0.49301E-01   0.00000E+00   0.18839E+00   0.00000E+00   0.00000E+00   0.19114E+00
   0.70258E-02   0.10546E-01   0.30133E-01   0.29792E-02   0.28221E-01   0.42864E-02   0.92561E-02   0.75210E-02
   0.12013E-03   0.16536E-05   0.14237E-02   0.00000E+00   0.61488E-03   0.23765E-02   0.11984E-07   0.35694E-02
   0.58886E-02   0.12676E-01   0.10003E-01   0.25537E-02   0.18520E-01   0.10060E-01   0.78761E-02   0.15723E-01
   0.29389E-01   0.14350E+00   0.41009E-01   0.69254E-01   0.10959E+00   0.39855E-01   0.54440E-01   0.40146E-01
   0.54422E-01   0.65237E-01   0.45141E+00   0.40311E-01   0.41597E+00   0.92977E-01   0.14043E+00   0.60246E-01
   0.56091E-02   0.19860E-01   0.42705E-01   0.28559E-02   0.37649E-01   0.35803E-02   0.71769E-02   0.11265E-01
   0.87792E-01   0.11752E+00   0.10140E+00   0.75747E-02   0.26777E+00   0.20788E-03   0.67724E-02   0.18229E+00
   0.30453E+02   0.41886E+00   0.73819E+00   0.44049E+01   0.36334E+01   0.63288E+01   0.26300E+01   0.23667E+01
   0.72386E+02   0.12635E+02   0.73116E+01   0.28859E+02   0.14072E+02   0.20055E+03   0.32730E+02   0.35428E+02
   0.75247E+02   0.94464E+01   0.60449E+02   0.39803E+02   0.18488E+00   0.85270E+02   0.77306E+02   0.19732E+03
   0.68912E+01   0.19489E+01   0.97757E+01   0.00000E+00   0.13925E+02   0.10588E+02   0.46506E+01   0.12649E+02
   0.35495E+01   0.41472E-01   0.46092E+01   0.51285E+00   0.45240E+01   0.11521E+02   0.51177E+01   0.44106E+01
   0.13213E+02   0.10559E+03   0.22894E+02   0.54766E+02   0.29470E+02   0.23096E+02   0.92873E+01   0.26594E+02
   0.82841E+01   0.21934E+01   0.45725E+02   0.41828E+01   0.27233E+02   0.13820E+02   0.15585E+02   0.65670E+01
   0.15552E+03   0.27820E+03   0.20470E+03   0.31764E+03   0.17748E+03   0.23819E+03   0.21555E+03   0.24456E+03
   0.10000E+01   0.10000E+01   0.10000E+01   0.10000E+01   0.10000E+01   0.10000E+01   0.10000E+01   0.10000E+01

   0.00000   0.00000   0.00000   0.00000   0.00000  -0.00000  -0.00000   0.00000
   0.00000   0.00000   0.00000   0.00000   0.11504   0.00000   0.00000   0.29096
  -0.00000   0.00000   0.00000   0.00173   0.11704   0.02024   0.00000   0.04559
   0.00000   0.00000   0.00000   0.00000   0.00000   0.00000   0.63400   0.00000
   0.00000   0.00000   0.00000   0.00000   0.17171   0.00000   0.00000   0.23108
   0.00001   0.00000   0.00000   0.88618   0.00000   0.00000  -0.00000  -0.00000
   0.02244   0.05854   0.07336   0.00000   0.00000   0.00000   0.07279   0.09341
   0.00000   0.00000   0.00000   0.00000   0.00000   0.11898   0.00000   0.18841
   0.00000   0.00000  -0.00000   0.00000   0.33404   0.00000  -0.00000   0.22941
  -0.00000  -0.00000   0.27985   0.00000   0.00000   0.00000   0.00000  -0.00000
   0.00000   0.00000   0.00000   0.00000   0.20717   0.00000  -0.00000   0.07584
   0.00000   0.00000  -0.00000   0.00000   0.22963   0.00000  -0.00000  -0.00000
   0.00000   0.54165   0.00000   0.00000   0.00000   0.00000   0.00000   0.00000
   0.00000   0.00000   0.01137   0.00000   0.05345  -0.00000   0.28826   0.04281
   0.15076   0.00000   0.00000   0.00000   0.00000   0.00000   0.00000   0.00000
  -0.00000   0.00000   0.00000   0.00000   0.14495   0.00000   0.06985   0.18834
   0.03614   0.00000   0.00000   0.00000   0.14658   0.00000   0.00000   0.22915
   0.01399   0.00000   0.01333   0.00000   0.12820  -0.00000   0.01425   0.03691
   0.00000   0.00000   0.00000   0.00000   0.00000   0.11742   0.00000   0.44313
   0.00000   0.00000  -0.00000   0.00000   0.19352   0.11895  -0.00000   0.16922
   0.00000   0.15530   0.00000   0.16912   0.11107   0.00000   0.00000   0.00677
  -0.00000   0.00000   0.00000   0.00000   0.05356   0.00000  -0.00000   0.00271
   0.00000   0.00000   0.06897   0.00000   0.19266   0.00000   0.00000   0.02054
   0.00000   0.00000   0.00000  -0.00000   0.28194   0.00000  -0.00000   0.14808
   0.71553   0.00000  -0.00000  -0.00000   0.00000   0.00000   0.00000   0.00000
   0.00000   0.00000   0.00000   0.00000   0.00000   0.52665   0.00000   0.00000
   0.00000  -0.00000   0.00000   0.00000   0.00000   0.00000   0.00000   0.53451
   0.00610   0.00000   0.00000   0.00000   0.09566   0.15032   0.00004   0.11871
   0.00000   0.00000   0.00000   0.00000   0.00000   0.33941   0.08312   0.06873
   0.00000   0.42770   0.00000   0.10331   0.00000   0.00000  -0.00000   0.01472
  -0.00000   0.00000   0.25206   0.01128   0.00000   0.04068   0.00000   0.00136
   0.03684   0.09136   0.03698   0.22062   0.03268   0.10140   0.06362   0.10207
   1.00000   1.00000   1.00000   1.00000   1.00000   1.00000   1.00000   1.00000

   0.40203   0.08902   1.00000   0.14303   0.88168   0.41326   0.33544   0.27693
   0.21086   0.23188   0.14110   0.00000   0.62573   0.03580   0.00000   0.76720
   0.08623   0.16182   0.75515   0.09924   0.76929   0.17819   0.16811   0.20311
   0.28540   0.16775   0.21322   0.26861   0.13880   0.26113   1.00000   0.16087
   0.15607   0.35937   0.16529   0.00000   0.70953   0.00000   0.00000   0.68397
   0.09530   0.01273   0.02727   0.97344   0.03303   0.02292   0.01014   0.00669
   0.19356   0.17886   0.64822   0.00159   0.44043   0.00000   0.29243   0.26545
   0.44447   0.01826   0.23541   0.00000   0.23968   0.55161   0.02214   0.44357
   0.05837   0.23373   0.32002   0.09040   0.67970   0.02004   0.16942   0.62391
   0.28249   0.03318   1.00000   0.09747   0.59358   0.24451   0.33444   0.13189
   0.16741   0.28048   0.61946   0.06946   0.60587   0.00003   0.11665   0.34259
   0.36446   0.73548   0.55796   0.25281   1.00000   0.34053   0.11763   0.18233
   0.40569   1.00000   0.37392   0.33129   0.02040   0.39819   0.25974   0.27436
   0.10005   0.07560   0.50135   0.03961   0.44617   0.04421   0.46784   0.19880
   0.58430   0.37704   0.43676   0.00603   0.33421   0.01553   0.35575   0.31971
   0.20327   0.08411   0.14695   0.00000   0.65243   0.07566   0.19184   0.62614
   0.26695   0.30912   0.17046   0.00000   0.65087   0.00000   0.00000   0.63720
   0.17137   0.25575   0.73318   0.07246   0.69043   0.10457   0.19712   0.18211
   0.02779   0.00000   0.30366   0.00000   0.13931   0.55605   0.00000   0.85543
   0.17990   0.39043   0.30737   0.07805   0.55040   0.30670   0.24241   0.47818
   0.13259   0.64567   0.18809   0.31428   0.49500   0.17983   0.24810   0.18119
   0.11018   0.13169   0.90968   0.08156   0.84635   0.18819   0.26308   0.12154
   0.09079   0.34541   0.74057   0.04648   0.65546   0.06305   0.11064   0.19650
   0.26917   0.35035   0.30918   0.02255   0.82176   0.00065   0.01688   0.54745
   1.00000   0.01398   0.02464   0.14691   0.12130   0.21100   0.08776   0.07896
   0.36660   0.06400   0.02976   0.14612   0.07127   1.00000   0.16577   0.17945
   0.41929   0.05537   0.33767   0.22710   0.00108   0.46549   0.43774   1.00000
   0.20604   0.05793   0.29168   0.00000   0.40889   0.31769   0.13044   0.37456
   0.17979   0.00211   0.23313   0.01742   0.22998   0.58434   0.24842   0.22489
   0.09357   0.74429   0.16935   0.38900   0.21742   0.16779   0.06091   0.19165
   0.17364   0.02233   0.94467   0.08727   0.55782   0.28821   0.29219   0.13681
   0.14438   0.25834   0.18980   0.29484   0.16487   0.22092   0.19999   0.22650
   1.00000   1.00000   1.00000   1.00000   1.00000   1.00000   1.00000   1.00000
