
       0      -0.131
    0    0    0    0    0    0    0    0
    3   10    5    0   13    1    1    0
    4   26   13    1   32    1    9    5
    4   28   13    1   34    1   10    6


   0.00000E+00  -0.14636E-15   0.00000E+00   0.00000E+00   0.00000E+00  -0.58829E-15  -0.42568E-15  -0.84464E-16
   0.00000E+00   0.00000E+00   0.00000E+00   0.00000E+00   0.00000E+00   0.00000E+00   0.00000E+00   0.13577E-01
  -0.17974E-17   0.00000E+00   0.00000E+00   0.10923E-04   0.12876E-01   0.76721E-03   0.00000E+00   0.59131E-02
  -0.22605E-16   0.00000E+00   0.00000E+00   0.00000E+00   0.00000E+00   0.00000E+00   0.12511E+02  -0.21759E-19
   0.00000E+00   0.00000E+00   0.00000E+00   0.00000E+00   0.51444E-03   0.00000E+00   0.00000E+00   0.13293E-02
   0.14848E-10   0.00000E+00   0.00000E+00   0.12620E+03   0.00000E+00   0.00000E+00  -0.61964E-15  -0.30876E-16
   0.74020E-04   0.19409E-04   0.63122E-03   0.00000E+00   0.00000E+00   0.00000E+00   0.23439E-03   0.24346E-03
   0.00000E+00   0.00000E+00   0.00000E+00   0.00000E+00   0.00000E+00   0.66656E-02   0.00000E+00   0.10815E-01
   0.00000E+00   0.00000E+00  -0.50335E-18   0.00000E+00   0.12538E-01   0.00000E+00  -0.22794E-17   0.12895E-01
  -0.45645E-15  -0.11748E-20   0.41366E+01   0.00000E+00   0.00000E+00   0.00000E+00   0.00000E+00  -0.16687E-15
   0.00000E+00   0.00000E+00   0.00000E+00   0.00000E+00   0.75697E-03   0.00000E+00  -0.88289E-19   0.13536E-03
   0.00000E+00   0.00000E+00  -0.54234E-15   0.00000E+00   0.20097E+01   0.00000E+00  -0.49391E-15  -0.14240E-21
   0.00000E+00   0.16082E+02   0.00000E+00   0.00000E+00   0.00000E+00   0.00000E+00   0.00000E+00   0.00000E+00
   0.00000E+00   0.00000E+00   0.36339E-02   0.00000E+00   0.10108E-01  -0.25435E-17   0.81203E-01   0.99508E-02
   0.15257E-02   0.00000E+00   0.00000E+00   0.00000E+00  -0.66390E-24   0.00000E+00  -0.23392E-23   0.00000E+00
  -0.45817E-18   0.00000E+00   0.00000E+00   0.00000E+00   0.46894E-03   0.00000E+00   0.32528E-02   0.10741E-01
   0.49553E-02   0.00000E+00   0.00000E+00   0.00000E+00   0.10696E-01   0.00000E+00   0.00000E+00   0.52159E-01
   0.44757E-04   0.00000E+00   0.54522E-03   0.00000E+00   0.30189E-02  -0.67262E-18   0.00000E+00   0.84425E-03
   0.00000E+00   0.00000E+00   0.00000E+00   0.00000E+00   0.00000E+00   0.38253E-03   0.00000E+00   0.16590E-02
   0.00000E+00   0.00000E+00  -0.28723E-24   0.00000E+00   0.25916E-02   0.32913E-02  -0.67823E-18   0.39510E-02
   0.00000E+00   0.24545E-01   0.00000E+00   0.31700E-01   0.98695E-02   0.00000E+00   0.00000E+00   0.94879E-03
  -0.13900E-17   0.00000E+00   0.00000E+00   0.00000E+00   0.97241E-02   0.00000E+00  -0.56948E-17  -0.14953E-17
   0.00000E+00   0.52247E-10   0.18659E-02   0.00000E+00   0.60064E-02   0.00000E+00   0.00000E+00   0.76982E-03
   0.00000E+00   0.00000E+00   0.00000E+00  -0.11196E-17   0.51870E-01   0.00000E+00  -0.92779E-18   0.36034E-01
   0.19588E+02  -0.24535E-22  -0.32497E-15  -0.16432E-21  -0.37486E-26   0.00000E+00   0.00000E+00   0.00000E+00
   0.00000E+00   0.00000E+00   0.00000E+00   0.00000E+00   0.00000E+00   0.10399E+03   0.00000E+00   0.00000E+00
   0.00000E+00  -0.40685E-14   0.00000E+00   0.00000E+00   0.00000E+00   0.00000E+00   0.00000E+00   0.71792E+02
   0.70122E-02   0.00000E+00   0.00000E+00   0.00000E+00   0.57343E+00   0.47522E+01   0.00000E+00   0.29548E+01
   0.00000E+00   0.00000E+00   0.00000E+00   0.00000E+00   0.00000E+00   0.60647E+01   0.14054E+01   0.11688E+01
  -0.27135E-15   0.42634E+02   0.00000E+00   0.13555E+02   0.00000E+00   0.00000E+00  -0.39057E-14   0.14734E+01
  -0.32378E-15   0.00000E+00   0.12281E+02   0.88646E-01   0.00000E+00   0.00000E+00   0.00000E+00   0.00000E+00
   0.38028E+02   0.97309E+02   0.25936E+02   0.23476E+03   0.28879E+02   0.10210E+03   0.56150E+02   0.81398E+02
   0.10000E+01   0.10000E+01   0.10000E+01   0.10000E+01   0.10000E+01   0.10000E+01   0.10000E+01   0.10000E+01

   0.11727E+02   0.19313E+01   0.23987E+02   0.42276E+01   0.22725E+02   0.12426E+02   0.68716E+01   0.82766E+01
   0.13237E-01   0.15107E-01   0.99241E-02   0.00000E+00   0.37418E-01   0.64136E-02   0.00000E+00   0.53678E-01
   0.19279E-01   0.34541E-01   0.14135E+00   0.20431E-01   0.14080E+00   0.34893E-01   0.34545E-01   0.41284E-01
   0.78001E+01   0.39993E+01   0.56889E+01   0.73753E+01   0.33556E+01   0.73466E+01   0.24600E+02   0.49455E+01
   0.13458E-02   0.30828E-02   0.16456E-02   0.00000E+00   0.52756E-02   0.22502E-04   0.00000E+00   0.61657E-02
   0.15610E+02   0.18570E+01   0.39121E+01   0.15652E+03   0.48906E+01   0.36199E+01   0.20904E+01   0.22191E+01
   0.18221E-02   0.18986E-02   0.63287E-02   0.23004E-03   0.44236E-02   0.25682E-04   0.28714E-02   0.29895E-02
   0.33410E-01   0.98547E-02   0.17144E-01   0.00000E+00   0.22777E-01   0.39385E-01   0.18888E-02   0.35859E-01
   0.81084E-02   0.26403E-01   0.26844E-01   0.99994E-02   0.54063E-01   0.46590E-02   0.23871E-01   0.62440E-01
   0.51894E+01   0.11271E+01   0.17158E+02   0.19605E+01   0.99144E+01   0.46533E+01   0.52101E+01   0.30600E+01
   0.18843E-02   0.30918E-02   0.59447E-02   0.65809E-03   0.58724E-02   0.14525E-02   0.13067E-02   0.38649E-02
   0.77394E+01   0.14904E+02   0.11153E+02   0.56019E+01   0.18442E+02   0.74690E+01   0.29157E+01   0.51900E+01
   0.18675E+02   0.39168E+02   0.16718E+02   0.15175E+02   0.19013E+01   0.18084E+02   0.97345E+01   0.13049E+02
   0.39623E-01   0.52259E-01   0.19981E+00   0.19060E-01   0.15225E+00   0.35573E-01   0.16895E+00   0.65640E-01
   0.11482E-01   0.40994E-02   0.46845E-02   0.44867E-03   0.41754E-02   0.15714E-03   0.64803E-02   0.32356E-02
   0.16334E-01   0.95732E-02   0.12254E-01   0.00000E+00   0.48246E-01   0.12943E-01   0.19709E-01   0.53551E-01
   0.85911E-01   0.11281E+00   0.62197E-01   0.00000E+00   0.19727E+00   0.25945E-02   0.00000E+00   0.24045E+00
   0.79650E-02   0.12099E-01   0.30496E-01   0.39820E-02   0.30033E-01   0.51805E-02   0.92561E-02   0.90083E-02
   0.58115E-03   0.82432E-04   0.14237E-02   0.00000E+00   0.61488E-03   0.27447E-02   0.11984E-07   0.37801E-02
   0.72132E-02   0.14989E-01   0.11381E-01   0.29146E-02   0.18520E-01   0.10959E-01   0.10234E-01   0.19842E-01
   0.34483E-01   0.15525E+00   0.59970E-01   0.74526E-01   0.11390E+00   0.47980E-01   0.56639E-01   0.56123E-01
   0.61191E-01   0.68281E-01   0.45243E+00   0.46320E-01   0.46556E+00   0.11204E+00   0.14043E+00   0.78910E-01
   0.57990E-02   0.23013E-01   0.45372E-01   0.41857E-02   0.39879E-01   0.45605E-02   0.71769E-02   0.13208E-01
   0.10479E+00   0.14587E+00   0.12090E+00   0.12635E-01   0.27003E+00   0.11781E-01   0.73946E-02   0.23503E+00
   0.30950E+02   0.24412E+01   0.73819E+00   0.56133E+01   0.40524E+01   0.86652E+01   0.26300E+01   0.25416E+01
   0.72451E+02   0.18014E+02   0.74135E+01   0.39873E+02   0.29366E+02   0.20370E+03   0.41606E+02   0.51246E+02
   0.10450E+03   0.20774E+02   0.86897E+02   0.54782E+02   0.83546E+01   0.11614E+03   0.11589E+03   0.21910E+03
   0.80159E+01   0.33761E+01   0.10122E+02   0.83839E-02   0.14548E+02   0.10789E+02   0.82607E+01   0.14047E+02
   0.48246E+01   0.19824E+01   0.60399E+01   0.85806E+00   0.48927E+01   0.11658E+02   0.54871E+01   0.55058E+01
   0.16302E+02   0.10559E+03   0.26727E+02   0.64673E+02   0.32576E+02   0.25148E+02   0.10911E+02   0.32861E+02
   0.86022E+01   0.21934E+01   0.48867E+02   0.49685E+01   0.30429E+02   0.16166E+02   0.15585E+02   0.99270E+01
   0.15728E+03   0.28806E+03   0.22085E+03   0.33171E+03   0.19149E+03   0.24261E+03   0.21555E+03   0.28583E+03
   0.10000E+01   0.10000E+01   0.10000E+01   0.10000E+01   0.10000E+01   0.10000E+01   0.10000E+01   0.10000E+01

   0.00000  -0.00000   0.00000   0.00000   0.00000   0.00000   0.00000  -0.00000
   0.00000   0.00000   0.00000   0.00000   0.00000   0.00000   0.00000   0.23435
   0.00000   0.00000   0.00000   0.00006   0.07358   0.00437   0.00000   0.03380
  -0.00000   0.00000   0.00000   0.00000   0.00000   0.00000   0.60872  -0.00000
   0.00000   0.00000   0.00000   0.00000   0.06988   0.00000   0.00000   0.17929
   0.00000   0.00000   0.00000   0.88458   0.00000   0.00000  -0.00000  -0.00000
   0.01234   0.00219   0.07336   0.00000   0.00000   0.00000   0.05197   0.02741
   0.00000   0.00000   0.00000   0.00000   0.00000   0.09705   0.00000   0.15645
   0.00000   0.00000   0.00000   0.00000   0.15591   0.00000  -0.00000   0.15862
   0.00000   0.00000   0.27985   0.00000   0.00000   0.00000   0.00000   0.00000
   0.00000   0.00000   0.00000   0.00000   0.08339   0.00000  -0.00000   0.05413
   0.00000   0.00000   0.00000   0.00000   0.11882   0.00000   0.00000   0.00000
   0.00000   0.46271   0.00000   0.00000   0.00000   0.00000   0.00000   0.00000
   0.00000   0.00000   0.01137   0.00000   0.03129   0.00000   0.25588   0.03083
   0.38166   0.00000   0.00000   0.00000  -0.00000   0.00000  -0.00000   0.00000
   0.00000   0.00000   0.00000   0.00000   0.00627   0.00000   0.04379   0.14385
   0.01654   0.00000   0.00000   0.00000   0.03538   0.00000   0.00000   0.17356
   0.00313   0.00000   0.01333   0.00000   0.07316   0.00000   0.00000   0.02042
   0.00000   0.00000   0.00000   0.00000   0.00000   0.10974   0.00000   0.37518
   0.00000   0.00000   0.00000   0.00000   0.07928   0.10077   0.00000   0.12061
   0.00000   0.11118   0.00000   0.14495   0.04442   0.00000   0.00000   0.00434
   0.00000   0.00000   0.00000   0.00000   0.01958   0.00000   0.00000  -0.00000
   0.00000   0.00256   0.05595   0.00000   0.10502   0.00000   0.00000   0.01327
   0.00000   0.00000   0.00000   0.00000   0.15618   0.00000  -0.00000   0.10838
   0.65259  -0.00000   0.00000   0.00000  -0.00000   0.00000   0.00000   0.00000
   0.00000   0.00000   0.00000   0.00000   0.00000   0.52714   0.00000   0.00000
   0.00000  -0.00000   0.00000   0.00000   0.00000   0.00000   0.00000   0.38251
   0.00021   0.00000   0.00000   0.00000   0.01699   0.14160   0.00000   0.08845
   0.00000   0.00000   0.00000   0.00000   0.00000   0.30726   0.07127   0.05949
  -0.00000   0.30161   0.00000   0.10254   0.00000   0.00000   0.00000   0.01042
   0.00000   0.00000   0.25206   0.00180   0.00000   0.00000   0.00000   0.00000
   0.03813   0.09037   0.02408   0.21773   0.02914   0.09478   0.05187   0.07551
   1.00000   1.00000   1.00000   1.00000   1.00000   1.00000   1.00000   1.00000

   0.53979   0.10313   1.00000   0.21282   1.00000   0.56239   0.33544   0.40542
   0.23522   0.26456   0.17713   0.00000   0.67237   0.11205   0.00000   0.91465
   0.11004   0.19746   0.80778   0.11768   0.80066   0.19941   0.16811   0.23547
   0.35895   0.19357   0.29197   0.34366   0.16206   0.33610   1.00000   0.23440
   0.18759   0.42283   0.23323   0.00000   0.74075   0.00315   0.00000   0.83749
   0.10318   0.01242   0.02745   0.99677   0.03435   0.02207   0.01540   0.01589
   0.21209   0.19430   0.72095   0.02590   0.50986   0.00125   0.29243   0.34357
   0.48642   0.14317   0.24855   0.00000   0.33188   0.54814   0.02214   0.52464
   0.10750   0.33646   0.34265   0.12998   0.67740   0.06275   0.29361   0.77640
   0.33817   0.04656   1.00000   0.13111   0.58194   0.30434   0.33444   0.20601
   0.20678   0.34062   0.64927   0.04632   0.63361   0.15808   0.11665   0.41702
   0.46481   0.88118   0.66816   0.34083   1.00000   0.44685   0.18382   0.32327
   0.53729   1.00000   0.49568   0.45821   0.06034   0.51336   0.30116   0.39949
   0.12082   0.16118   0.61043   0.05929   0.45171   0.10864   0.46784   0.20015
   0.79631   0.34149   0.40288   0.04170   0.36763   0.00154   0.58071   0.19492
   0.22135   0.13061   0.16730   0.00000   0.66983   0.16876   0.26393   0.71617
   0.29411   0.38116   0.21408   0.00000   0.68556   0.00894   0.00000   0.79532
   0.19294   0.29321   0.74032   0.09682   0.72281   0.12623   0.19712   0.21834
   0.14725   0.01892   0.30366   0.00000   0.11481   0.62070   0.00000   0.89026
   0.21915   0.45855   0.34977   0.08919   0.52380   0.33481   0.31243   0.60158
   0.15549   0.69874   0.27422   0.33756   0.51505   0.21630   0.22146   0.25313
   0.12418   0.13785   0.89568   0.09395   0.92059   0.22722   0.26308   0.15956
   0.10117   0.40240   0.78516   0.07338   0.67717   0.08071   0.11064   0.23050
   0.32141   0.43923   0.37199   0.03902   0.83496   0.03660   0.02270   0.70238
   1.00000   0.08149   0.01548   0.18694   0.13527   0.28869   0.07931   0.08481
   0.36641   0.09122   0.03754   0.20160   0.14874   1.00000   0.21070   0.25936
   0.54941   0.12176   0.46258   0.30339   0.04896   0.58694   0.61749   1.00000
   0.23885   0.10093   0.29999   0.00025   0.42882   0.32362   0.24729   0.41522
   0.24443   0.10062   0.30391   0.04356   0.24724   0.59118   0.27806   0.28055
   0.11111   0.70281   0.15413   0.45752   0.23045   0.18180   0.08071   0.23508
   0.18101   0.00554   0.99265   0.10401   0.55544   0.33810   0.29219   0.20653
   0.14422   0.26743   0.20469   0.30793   0.17782   0.22480   0.19684   0.26404
   1.00000   1.00000   1.00000   1.00000   1.00000   1.00000   1.00000   1.00000
