
       0      -0.131
    0    0    0    0    0    0    0    0
    3   10    5    0   13    1    1    0
    4   26   13    1   32    1    9    5
    4   28   13    1   34    1   10    6


   0.00000E+00   0.00000E+00   0.40010E+01   0.00000E+00   0.00000E+00   0.00000E+00   0.00000E+00   0.00000E+00
   0.00000E+00   0.00000E+00   0.00000E+00   0.00000E+00   0.12496E-01   0.00000E+00   0.00000E+00   0.17919E-01
   0.00000E+00   0.00000E+00   0.14825E-01   0.10588E-02   0.24307E-01   0.41557E-02   0.00000E+00   0.87947E-02
   0.00000E+00   0.00000E+00   0.00000E+00   0.00000E+00   0.00000E+00   0.00000E+00   0.13073E+02   0.00000E+00
   0.00000E+00   0.00000E+00   0.00000E+00   0.00000E+00   0.20427E-02   0.00000E+00   0.00000E+00   0.18193E-02
   0.18315E-02   0.00000E+00   0.00000E+00   0.12620E+03   0.00000E+00   0.00000E+00   0.00000E+00   0.00000E+00
   0.74020E-04   0.14025E-03   0.12816E-02   0.00000E+00   0.00000E+00   0.00000E+00   0.73311E-03   0.87565E-03
   0.00000E+00   0.00000E+00   0.00000E+00   0.00000E+00   0.00000E+00   0.97810E-02   0.00000E+00   0.14247E-01
   0.00000E+00   0.00000E+00   0.00000E+00   0.00000E+00   0.34442E-01   0.00000E+00   0.00000E+00   0.18349E-01
   0.00000E+00   0.00000E+00   0.51650E+01   0.00000E+00   0.00000E+00   0.00000E+00   0.00000E+00   0.00000E+00
   0.00000E+00   0.00000E+00   0.19649E-03   0.00000E+00   0.22059E-02   0.00000E+00   0.00000E+00   0.97222E-03
   0.00000E+00   0.00000E+00   0.00000E+00   0.00000E+00   0.42066E+01   0.00000E+00   0.00000E+00   0.00000E+00
   0.00000E+00   0.16506E+02   0.00000E+00   0.00000E+00   0.00000E+00   0.00000E+00   0.00000E+00   0.00000E+00
   0.11167E-02   0.00000E+00   0.12252E-01   0.00000E+00   0.11684E-01   0.00000E+00   0.10138E+00   0.15678E-01
   0.48031E-02   0.11120E-02   0.00000E+00   0.00000E+00   0.00000E+00   0.00000E+00   0.00000E+00   0.16390E-03
   0.00000E+00   0.00000E+00   0.00000E+00   0.00000E+00   0.15615E-01   0.00000E+00   0.63053E-02   0.15210E-01
   0.12485E-01   0.00000E+00   0.00000E+00   0.00000E+00   0.66601E-01   0.00000E+00   0.00000E+00   0.73859E-01
   0.44757E-04   0.00000E+00   0.42699E-02   0.00000E+00   0.62846E-02   0.00000E+00   0.41992E-03   0.16211E-02
   0.00000E+00   0.00000E+00   0.00000E+00   0.00000E+00   0.00000E+00   0.96683E-03   0.00000E+00   0.19518E-02
   0.00000E+00   0.00000E+00   0.00000E+00   0.00000E+00   0.84867E-02   0.40420E-02   0.00000E+00   0.60487E-02
   0.00000E+00   0.40104E-01   0.00000E+00   0.33815E-01   0.36530E-01   0.00000E+00   0.00000E+00   0.12627E-02
   0.00000E+00   0.00000E+00   0.82895E-01   0.00000E+00   0.37451E-01   0.50831E-03   0.00000E+00   0.18120E-02
   0.00000E+00   0.78591E-04   0.87275E-02   0.00000E+00   0.12307E-01   0.00000E+00   0.00000E+00   0.12901E-02
   0.00000E+00   0.00000E+00   0.00000E+00   0.00000E+00   0.12912E+00   0.00000E+00   0.00000E+00   0.54216E-01
   0.22054E+02   0.00000E+00   0.00000E+00   0.00000E+00   0.00000E+00   0.00000E+00   0.00000E+00   0.00000E+00
   0.00000E+00   0.00000E+00   0.00000E+00   0.00000E+00   0.00000E+00   0.11614E+03   0.00000E+00   0.00000E+00
   0.00000E+00   0.00000E+00   0.00000E+00   0.00000E+00   0.00000E+00   0.00000E+00   0.00000E+00   0.10721E+03
   0.31087E+00   0.00000E+00   0.00000E+00   0.00000E+00   0.44199E+01   0.54954E+01   0.12714E+00   0.43756E+01
   0.00000E+00   0.00000E+00   0.00000E+00   0.00000E+00   0.00000E+00   0.76972E+01   0.17715E+01   0.14948E+01
   0.00000E+00   0.70053E+02   0.00000E+00   0.14627E+02   0.00000E+00   0.00000E+00   0.00000E+00   0.29655E+01
   0.00000E+00   0.00000E+00   0.14796E+02   0.67107E+00   0.00000E+00   0.26229E+01   0.89233E-01   0.33005E+00
   0.38028E+02   0.10106E+03   0.57095E+02   0.23615E+03   0.41966E+02   0.12096E+03   0.72240E+02   0.11957E+03
   0.10000E+01   0.10000E+01   0.10000E+01   0.10000E+01   0.10000E+01   0.10000E+01   0.10000E+01   0.10000E+01

   0.64365E+01   0.17037E+01   0.20289E+02   0.21684E+01   0.11393E+02   0.65269E+01   0.68716E+01   0.42080E+01
   0.11094E-01   0.10593E-01   0.54024E-02   0.00000E+00   0.34359E-01   0.14378E-02   0.00000E+00   0.39772E-01
   0.13009E-01   0.22463E-01   0.12647E+00   0.17353E-01   0.12037E+00   0.25920E-01   0.34545E-01   0.30567E-01
   0.51785E+01   0.29534E+01   0.31592E+01   0.49084E+01   0.15953E+01   0.47062E+01   0.21977E+02   0.27858E+01
   0.99772E-03   0.21461E-02   0.74315E-03   0.00000E+00   0.51064E-02   0.00000E+00   0.00000E+00   0.43678E-02
   0.12797E+02   0.17108E+01   0.38542E+01   0.14036E+03   0.42717E+01   0.27852E+01   0.16727E+01   0.62848E+00
   0.15418E-02   0.13288E-02   0.52016E-02   0.47230E-05   0.28161E-02   0.25682E-04   0.28714E-02   0.21487E-02
   0.27792E-01   0.48679E-03   0.15555E-01   0.00000E+00   0.19046E-01   0.38076E-01   0.18888E-02   0.29672E-01
   0.32241E-02   0.12667E-01   0.21900E-01   0.48452E-02   0.53434E-01   0.85037E-04   0.10738E-01   0.42402E-01
   0.37352E+01   0.11271E+01   0.15372E+02   0.12422E+01   0.64336E+01   0.31470E+01   0.52101E+01   0.16062E+01
   0.13752E-02   0.23787E-02   0.54819E-02   0.32056E-03   0.55567E-02   0.17766E-07   0.13067E-02   0.28008E-02
   0.47998E+01   0.10240E+02   0.80597E+01   0.34897E+01   0.16189E+02   0.43092E+01   0.18051E+01   0.22578E+01
   0.10525E+02   0.34295E+02   0.10197E+02   0.90813E+01   0.56890E+00   0.10937E+02   0.97345E+01   0.73708E+01
   0.31730E-01   0.19088E-01   0.14861E+00   0.10105E-01   0.13330E+00   0.54411E-02   0.16895E+00   0.58336E-01
   0.64509E-02   0.37672E-02   0.31538E-02   0.12618E-04   0.33882E-02   0.32513E-04   0.20434E-02   0.15753E-02
   0.14409E-01   0.37106E-02   0.84155E-02   0.00000E+00   0.46241E-01   0.25255E-02   0.14253E-01   0.41356E-01
   0.71956E-01   0.79746E-01   0.34850E-01   0.00000E+00   0.18423E+00   0.00000E+00   0.00000E+00   0.16885E+00
   0.65369E-02   0.93268E-02   0.29551E-01   0.26555E-02   0.27522E-01   0.37087E-02   0.92561E-02   0.65560E-02
   0.54918E-04   0.16536E-05   0.12264E-02   0.00000E+00   0.35852E-03   0.21886E-02   0.11984E-07   0.33388E-02
   0.53440E-02   0.10816E-01   0.88511E-02   0.22925E-02   0.18520E-01   0.91423E-02   0.54905E-02   0.14203E-01
   0.23066E-01   0.13600E+00   0.31216E-01   0.66912E-01   0.10616E+00   0.32774E-01   0.46501E-01   0.33447E-01
   0.47414E-01   0.62481E-01   0.44533E+00   0.36844E-01   0.32752E+00   0.81775E-01   0.14043E+00   0.52781E-01
   0.56091E-02   0.17621E-01   0.40622E-01   0.28559E-02   0.36969E-01   0.29237E-02   0.71769E-02   0.98512E-02
   0.77819E-01   0.98758E-01   0.82833E-01   0.75747E-02   0.26347E+00   0.11879E-04   0.67724E-02   0.15675E+00
   0.30233E+02   0.32746E+00   0.69821E+00   0.39216E+01   0.11329E+01   0.55240E+01   0.23269E+01   0.22551E+01
   0.55160E+02   0.97799E+01   0.73116E+01   0.23970E+02   0.73715E+01   0.19898E+03   0.28360E+02   0.29669E+02
   0.62368E+02   0.88359E+01   0.49049E+02   0.33194E+02   0.13038E-09   0.70968E+02   0.59592E+02   0.18854E+03
   0.58463E+01   0.88487E+00   0.91954E+01   0.00000E+00   0.13925E+02   0.10172E+02   0.46506E+01   0.11646E+02
   0.21456E+01   0.00000E+00   0.40515E+01   0.51285E+00   0.39179E+01   0.11321E+02   0.51177E+01   0.41494E+01
   0.10826E+02   0.10559E+03   0.18829E+02   0.50757E+02   0.25882E+02   0.20192E+02   0.92873E+01   0.25837E+02
   0.73971E+01   0.21934E+01   0.44334E+02   0.39084E+01   0.19054E+02   0.12548E+02   0.15585E+02   0.53714E+01
   0.12885E+03   0.25995E+03   0.20470E+03   0.30921E+03   0.16638E+03   0.23330E+03   0.20579E+03   0.23380E+03
   0.10000E+01   0.10000E+01   0.10000E+01   0.10000E+01   0.10000E+01   0.10000E+01   0.10000E+01   0.10000E+01

   0.00000   0.00000   0.21733   0.00000   0.00000   0.00000   0.00000   0.00000
   0.00000   0.00000   0.00000   0.00000   0.22206   0.00000   0.00000   0.31813
   0.00000   0.00000   0.08500   0.00606   0.13915   0.02377   0.00000   0.05046
   0.00000   0.00000   0.00000   0.00000   0.00000   0.00000   0.63284   0.00000
   0.00000   0.00000   0.00000   0.00000   0.27717   0.00000   0.00000   0.25371
   0.00001   0.00000   0.00000   0.88619   0.00000   0.00000   0.00000   0.00000
   0.00810   0.01534   0.14842   0.00000   0.00000   0.00000   0.08346   0.09969
   0.00000   0.00000   0.00000   0.00000   0.00000   0.14188   0.00000   0.20902
   0.00000   0.00000   0.00000   0.00000   0.42631   0.00000   0.00000   0.23411
   0.00000   0.00000   0.35039   0.00000   0.00000   0.00000   0.00000   0.00000
   0.00000   0.00000   0.02174   0.00000   0.23627   0.00000   0.00000   0.10603
   0.00000   0.00000   0.00000   0.00000   0.26167   0.00000   0.00000   0.00000
   0.00000   0.52165   0.00000   0.00000   0.00000   0.00000   0.00000   0.00000
   0.00348   0.00000   0.03819   0.00000   0.03615   0.00000   0.31450   0.04866
   0.44124   0.09931   0.00000   0.00000   0.00000   0.00000   0.00000   0.01478
   0.00000   0.00000   0.00000   0.00000   0.21147   0.00000   0.08482   0.20667
   0.04227   0.00000   0.00000   0.00000   0.22238   0.00000   0.00000   0.24982
   0.00110   0.00000   0.10413   0.00000   0.15299   0.00000   0.01029   0.03945
   0.00000   0.00000   0.00000   0.00000   0.00000   0.20919   0.00000   0.46165
   0.00000   0.00000   0.00000   0.00000   0.26074   0.12419   0.00000   0.18580
   0.00000   0.18262   0.00000   0.15317   0.16459   0.00000   0.00000   0.00577
   0.00000   0.00000   0.16800   0.00000   0.07556   0.00103   0.00000   0.00366
   0.00000   0.00136   0.15097   0.00000   0.21352   0.00000   0.00000   0.02235
   0.00000   0.00000   0.00000   0.00000   0.38342   0.00000   0.00000   0.16753
   0.73545   0.00000   0.00000   0.00000   0.00000   0.00000   0.00000   0.00000
   0.00000   0.00000   0.00000   0.00000   0.00000   0.58822   0.00000   0.00000
   0.00000   0.00000   0.00000   0.00000   0.00000   0.00000   0.00000   0.60171
   0.00933   0.00000   0.00000   0.00000   0.13154   0.16447   0.00378   0.13135
   0.00000   0.00000   0.00000   0.00000   0.00000   0.38986   0.08991   0.07621
   0.00000   0.51592   0.00000   0.10825   0.00000   0.00000   0.00000   0.02193
   0.00000   0.00000   0.30730   0.01404   0.00000   0.05491   0.00185   0.00685
   0.03531   0.09379   0.05300   0.21888   0.03896   0.11230   0.06702   0.11094
   1.00000   1.00000   1.00000   1.00000   1.00000   1.00000   1.00000   1.00000

   0.33006   0.09118   1.00000   0.11439   0.60430   0.33127   0.37325   0.21997
   0.19546   0.18824   0.09785   0.00000   0.61520   0.02553   0.00000   0.68790
   0.07434   0.12829   0.72404   0.09952   0.69170   0.14916   0.19806   0.17485
   0.24714   0.14384   0.15731   0.23597   0.07733   0.22433   1.00000   0.13385
   0.13814   0.29120   0.10667   0.00000   0.70951   0.00000   0.00000   0.58976
   0.08895   0.01201   0.02705   0.95569   0.02998   0.01955   0.01139   0.00428
   0.17898   0.15274   0.60062   0.00055   0.32548   0.00281   0.33254   0.24689
   0.40315   0.00700   0.22638   0.00000   0.27700   0.53831   0.02747   0.42556
   0.04271   0.15679   0.27861   0.06275   0.67303   0.00113   0.13475   0.52547
   0.25218   0.07654   1.00000   0.08432   0.43671   0.21256   0.35345   0.10907
   0.15023   0.26388   0.58715   0.03484   0.62774   0.00000   0.14456   0.30395
   0.29939   0.63880   0.50134   0.21797   0.99225   0.26893   0.11265   0.14160
   0.32709   0.99877   0.31796   0.28418   0.01804   0.33623   0.30886   0.23118
   0.09906   0.05950   0.45482   0.03136   0.41434   0.01688   0.52669   0.18025
   0.58180   0.34320   0.28515   0.00116   0.30547   0.00299   0.17535   0.14239
   0.19514   0.04974   0.11698   0.00000   0.62704   0.03406   0.19119   0.55986
   0.24468   0.26627   0.12080   0.00000   0.63335   0.00000   0.00000   0.56281
   0.15906   0.22635   0.71941   0.06455   0.67442   0.09048   0.22572   0.15900
   0.01325   0.00040   0.26537   0.00000   0.08150   0.51354   0.00000   0.76819
   0.16316   0.33232   0.27205   0.07022   0.56639   0.27957   0.16850   0.43265
   0.10412   0.61277   0.14321   0.30361   0.47924   0.14782   0.21175   0.15150
   0.09594   0.12618   0.89848   0.07448   0.66351   0.16555   0.28463   0.10657
   0.09824   0.30723   0.70473   0.04976   0.64142   0.05140   0.12415   0.17206
   0.23778   0.29325   0.25264   0.02328   0.80609   0.00004   0.02074   0.47039
   0.99648   0.01093   0.02331   0.13084   0.03781   0.18421   0.07766   0.07524
   0.27936   0.04953   0.03702   0.12137   0.03732   1.00000   0.14363   0.15031
   0.35454   0.05179   0.27959   0.19173   0.00000   0.39829   0.34378   1.00000
   0.17497   0.02637   0.27507   0.00000   0.41456   0.30264   0.13838   0.34559
   0.10867   0.00000   0.20548   0.02609   0.19922   0.57561   0.26015   0.21143
   0.07737   0.76169   0.13934   0.36434   0.19127   0.14670   0.06885   0.18814
   0.15473   0.04571   0.92048   0.08160   0.39504   0.26180   0.32369   0.11193
   0.11962   0.24138   0.19004   0.28701   0.15448   0.21644   0.19101   0.21670
   1.00000   1.00000   1.00000   1.00000   1.00000   1.00000   1.00000   1.00000
