
       0      -0.071
    0    0    0    0    0    0    0
    0    0    0    0    0    0    0
    0    0    0    0    0    0    0
    0    0    0    0    0    0    0


  -0.32587E-16   0.00000E+00   0.00000E+00   0.00000E+00   0.00000E+00  -0.40318E-16   0.12667E+02
   0.20190E-03   0.58226E-03   0.00000E+00   0.00000E+00   0.96656E-01   0.54507E-02   0.10069E-02
   0.19400E-01   0.83200E-02   0.00000E+00   0.13524E-01   0.83661E-02   0.45644E-03   0.10317E+00
   0.10178E+00   0.13061E-02   0.21511E+00   0.00000E+00   0.10301E+00  -0.86627E-18  -0.81865E-19
  -0.10541E-17   0.48716E+01   0.00000E+00   0.00000E+00   0.00000E+00   0.00000E+00   0.76361E+01
   0.11271E-02   0.30012E-03   0.00000E+00   0.00000E+00   0.17425E-02   0.26995E-03   0.00000E+00
   0.00000E+00  -0.22691E-14   0.14549E+03  -0.53693E-17   0.00000E+00  -0.53462E-19  -0.93102E-15
   0.00000E+00   0.00000E+00   0.00000E+00   0.00000E+00   0.44608E-03   0.29088E-05   0.55584E-02
   0.51278E-02   0.47921E-02   0.00000E+00   0.36014E-01   0.00000E+00   0.00000E+00   0.17770E-01
   0.00000E+00  -0.50375E-19   0.00000E+00   0.00000E+00   0.11350E-02   0.40011E-01   0.10753E-01
   0.00000E+00   0.00000E+00   0.00000E+00   0.00000E+00   0.00000E+00   0.00000E+00   0.10276E+02
   0.10341E-04   0.15941E-06   0.00000E+00   0.22954E-04   0.12220E-03   0.12019E-16   0.27703E-02
   0.00000E+00   0.26036E+01   0.00000E+00   0.00000E+00   0.00000E+00   0.00000E+00   0.32645E+01
   0.00000E+00   0.11989E+02   0.00000E+00   0.00000E+00   0.00000E+00   0.00000E+00   0.00000E+00
   0.11340E-01   0.63918E-02   0.00000E+00   0.00000E+00   0.25477E-01  -0.35175E-18   0.19026E+00
   0.35042E-03   0.39204E-03  -0.62204E-22   0.00000E+00   0.12431E-05  -0.57820E-24   0.74698E-03
   0.74572E-02   0.00000E+00   0.00000E+00   0.00000E+00   0.00000E+00   0.25340E-02   0.17017E-01
   0.34154E-01   0.48880E-02   0.00000E+00   0.00000E+00   0.56957E-01   0.63059E-02   0.00000E+00
   0.15484E-04   0.14120E-02   0.83037E-10   0.00000E+00   0.27720E-02  -0.15073E-20   0.23765E-01
   0.36202E-02   0.00000E+00   0.91879E-03   0.66281E-04   0.19318E-02   0.70847E-03   0.00000E+00
   0.13670E-03   0.14853E-02   0.00000E+00   0.38292E-02   0.49144E-02   0.33638E-03   0.50839E-03
   0.85195E-02   0.97247E-01   0.00000E+00   0.00000E+00   0.13720E-01   0.10334E-02   0.27373E-02
   0.00000E+00   0.11948E-01  -0.12333E-17   0.11496E-01   0.00000E+00   0.00000E+00   0.50739E+00
   0.23590E-02   0.00000E+00  -0.49388E-19   0.00000E+00   0.42802E-02   0.79170E-03   0.34236E-01
   0.00000E+00   0.00000E+00   0.00000E+00   0.00000E+00   0.00000E+00   0.20194E+00   0.00000E+00
   0.10395E+02  -0.13533E-25   0.00000E+00   0.00000E+00  -0.10880E-15  -0.22864E-16  -0.59651E-16
   0.00000E+00  -0.44822E-25  -0.12001E-22   0.80940E+02   0.00000E+00   0.00000E+00   0.00000E+00
  -0.12056E-16   0.00000E+00   0.00000E+00   0.00000E+00   0.50028E+02  -0.13765E-16   0.00000E+00
   0.39398E+01   0.00000E+00   0.00000E+00   0.35533E+01   0.46105E+01   0.00000E+00   0.43418E+01
   0.00000E+00   0.54908E+00   0.00000E+00   0.63242E+01   0.15706E+01   0.00000E+00   0.84429E+00
   0.00000E+00   0.48629E+02   0.00000E+00  -0.24238E-16   0.00000E+00   0.00000E+00   0.00000E+00
  -0.40198E-17   0.32781E-01   0.18981E+00   0.14599E+01   0.27746E-01  -0.17748E-16   0.33579E+02
   0.11905E+02   0.16221E+03   0.26962E+03   0.12276E+03   0.86415E+02   0.27410E+01   0.15293E+03
   0.10000E+01   0.10000E+01   0.10000E+01   0.10000E+01   0.10000E+01   0.10000E+01   0.10000E+01

   0.61599E+01   0.66088E+01   0.47070E+01   0.85595E+01   0.72135E+01   0.51612E+01   0.25939E+02
   0.13410E+00   0.10101E+00   0.12853E-11   0.77436E-01   0.26754E+00   0.14180E+00   0.65217E-01
   0.50200E-01   0.42823E-01   0.11063E-01   0.49098E-01   0.44100E-01   0.24428E-01   0.14627E+00
   0.24188E+00   0.16830E+00   0.35911E+00   0.30725E-01   0.31444E+00   0.59914E-01   0.45954E-01
   0.42518E+01   0.18419E+02   0.33197E+01   0.44865E+01   0.43541E+01   0.94473E+01   0.20663E+02
   0.36298E-02   0.23770E-02   0.00000E+00   0.00000E+00   0.45565E-02   0.20104E-02   0.00000E+00
   0.88800E+01   0.60205E+02   0.22633E+03   0.14325E+02   0.23875E+02   0.13982E+02   0.18100E+02
   0.13080E-02   0.15456E-02   0.78214E-03   0.10478E-02   0.23911E-02   0.17976E-02   0.77338E-02
   0.34290E-01   0.36209E-01   0.18997E-01   0.86268E-01   0.22864E-01   0.38073E-01   0.46948E-01
   0.20863E-01   0.12796E-01   0.47916E-02   0.31728E-01   0.87418E-01   0.12382E+00   0.42035E-01
   0.22020E+01   0.32434E+01   0.18234E+01   0.34937E+01   0.39416E+01   0.23091E+01   0.17673E+02
   0.21362E-02   0.19368E-02   0.37435E-03   0.14414E-02   0.18173E-02   0.64685E-03   0.51263E-02
   0.32461E+01   0.11266E+02   0.33211E+01   0.35163E+01   0.69153E+01   0.17500E+01   0.10259E+02
   0.95462E+01   0.40747E+02   0.11454E+02   0.93734E+01   0.16345E+02   0.53486E+01   0.13452E+02
   0.55170E-01   0.68234E-01   0.13276E-01   0.44328E-01   0.11614E+00   0.36385E-01   0.27046E+00
   0.30115E-02   0.14557E-02   0.24500E-03   0.22910E-03   0.20142E-02   0.11776E-02   0.24202E-02
   0.22575E-01   0.90470E-02   0.18700E-03   0.59085E-02   0.87918E-02   0.26404E-01   0.27662E-01
   0.11954E+00   0.70157E-01   0.73262E-02   0.69108E-02   0.15159E+00   0.60267E-01   0.10813E-01
   0.53925E-02   0.92509E-02   0.35279E-02   0.54585E-02   0.12880E-01   0.50329E-02   0.33605E-01
   0.86741E-02   0.23405E-02   0.31087E-02   0.25357E-02   0.68483E-02   0.51177E-02   0.10916E-02
   0.68789E-02   0.73833E-02   0.79928E-03   0.10236E-01   0.14760E-01   0.34135E-02   0.44906E-02
   0.53540E-01   0.18919E+00   0.48853E-01   0.15897E-01   0.90819E-01   0.31156E-01   0.73669E-01
   0.20164E-03   0.16210E+00   0.59430E-01   0.16723E+00   0.86300E-01   0.14046E+00   0.70748E+00
   0.10458E-01   0.81235E-02   0.36332E-02   0.60873E-02   0.18370E-01   0.10737E-01   0.46377E-01
   0.26501E+00   0.19773E+00   0.12950E+00   0.27976E+00   0.33843E+00   0.77583E+00   0.17591E+00
   0.16529E+02   0.22942E+01   0.15620E+01   0.20428E+01   0.47983E+01   0.18244E+01   0.14334E+01
   0.45164E+02   0.46456E+02   0.29041E+02   0.16231E+03   0.45904E+02   0.42686E+02   0.39422E+02
   0.75586E+02   0.59548E+02   0.43261E+02   0.76325E+02   0.16823E+03   0.21429E+02   0.40520E+02
   0.13570E+02   0.29859E+01   0.16693E+01   0.10130E+02   0.15670E+02   0.24778E+01   0.91211E+01
   0.29486E+01   0.45798E+01   0.19756E+01   0.12645E+02   0.67993E+01   0.26527E+01   0.61444E+01
   0.55726E+02   0.20608E+03   0.88591E+02   0.69924E+02   0.78321E+02   0.35170E+02   0.50041E+02
   0.42048E+01   0.99073E+01   0.56505E+01   0.11747E+02   0.10663E+02   0.69782E+01   0.46391E+02
   0.14863E+03   0.37585E+03   0.47415E+03   0.27183E+03   0.29057E+03   0.74486E+02   0.32555E+03
   0.10000E+01   0.10000E+01   0.10000E+01   0.10000E+01   0.10000E+01   0.10000E+01   0.10000E+01

   0.00000   0.00000   0.00000   0.00000   0.00000   0.00000   0.61317
   0.00064   0.00184   0.00000   0.00000   0.31017   0.01751   0.00323
   0.09118   0.03910   0.00000   0.06333   0.03940   0.00215   0.48545
   0.13926   0.00185   0.30202   0.00000   0.14548   0.00000   0.00000
   0.00000   0.17685   0.00000   0.00000   0.00000   0.00000   0.27706
   0.15542   0.04151   0.00000   0.00000   0.25303   0.03754   0.00000
   0.00000   0.00000   0.70812  -0.00000   0.00000  -0.00000   0.00000
   0.00000   0.00000   0.00000   0.00000   0.05171   0.00261   0.62543
   0.04052   0.03786   0.00000   0.28419   0.00000   0.00000   0.14097
   0.00000  -0.00000   0.00000   0.00000   0.00752   0.26796   0.07394
   0.00000   0.00000   0.00000   0.00000   0.00000   0.00000   0.69875
   0.00152   0.00148   0.00000   0.00338   0.01506   0.00000   0.47056
   0.00000   0.15552   0.00000   0.00000   0.00000   0.00000   0.19275
   0.00000   0.32697   0.00000   0.00000   0.00000   0.00000   0.00000
   0.03340   0.01915   0.00000   0.00000   0.07653   0.00000   0.56978
   0.06675   0.08762   0.00000   0.00000   0.00034   0.00000   0.24987
   0.13786   0.00000   0.00000   0.00000   0.00000   0.04889   0.32222
   0.14953   0.02146   0.00000   0.00000   0.26369   0.02795   0.00000
   0.00037   0.03462   0.00000   0.00000   0.06797  -0.00000   0.58259
   0.24825   0.00000   0.07033   0.00457   0.13393   0.04866   0.00000
   0.00579   0.06273   0.00000   0.15890   0.20868   0.01430   0.02156
   0.03301   0.37582   0.00000   0.00000   0.05370   0.00402   0.01059
   0.00000   0.01551   0.00000   0.01510   0.00000   0.00000   0.66212
   0.04078   0.00000   0.00000   0.00000   0.07528   0.01533   0.59532
   0.00000   0.00000   0.00000   0.00000   0.00000   0.41539   0.00000
   0.64110   0.00000   0.00000   0.00000   0.00000   0.00000   0.00000
   0.00000   0.00000   0.00000   0.50747   0.00000   0.00000   0.00000
   0.00000   0.00000   0.00000   0.00000   0.36686   0.00000   0.00000
   0.13453   0.00000   0.00000   0.11774   0.15755   0.00000   0.14652
   0.00000   0.02979   0.00000   0.34309   0.08927   0.00000   0.04783
   0.00000   0.28977   0.00000   0.00000   0.00000   0.00000   0.00000
   0.00000   0.00065   0.00374   0.02890   0.00055   0.00000   0.66485
   0.00949   0.12936   0.21537   0.09752   0.06892   0.00218   0.12183
   1.00000   1.00000   1.00000   1.00000   1.00000   1.00000   1.00000

   0.26387   0.28477   0.20110   0.35808   0.30625   0.22704   1.00000
   0.42426   0.32246   0.00000   0.24716   0.85957   0.44492   0.20826
   0.23629   0.20159   0.05215   0.23169   0.20746   0.11491   0.68798
   0.33404   0.23303   0.49623   0.04342   0.43228   0.08313   0.06435
   0.15135   0.64020   0.11783   0.16018   0.15515   0.33069   0.70766
   0.50168   0.33007   0.00000   0.00000   0.63371   0.27938   0.00000
   0.04150   0.28468   1.00000   0.06706   0.11239   0.06596   0.08517
   0.15090   0.17872   0.09039   0.12208   0.27560   0.20587   0.89653
   0.27280   0.28785   0.15082   0.67862   0.18181   0.30083   0.37263
   0.14026   0.08672   0.03280   0.21478   0.58545   0.83288   0.28367
   0.13696   0.20027   0.11298   0.21702   0.24548   0.14357   1.00000
   0.26326   0.23868   0.04733   0.18652   0.28033   0.10016   0.75430
   0.18676   0.63361   0.19190   0.20236   0.39446   0.10100   0.57616
   0.24317   0.99053   0.29513   0.23826   0.41653   0.13756   0.34058
   0.16525   0.20475   0.04001   0.13352   0.34586   0.10883   0.80806
   0.41812   0.25797   0.04838   0.04333   0.37018   0.27334   0.44485
   0.43545   0.17462   0.00363   0.11414   0.16670   0.48812   0.53423
   0.52472   0.31053   0.03288   0.03219   0.66847   0.26539   0.04981
   0.13230   0.22722   0.08660   0.13449   0.31458   0.12310   0.82315
   0.59551   0.16120   0.21317   0.17501   0.46329   0.34867   0.07486
   0.28921   0.31272   0.03421   0.43298   0.62301   0.14330   0.19012
   0.20775   0.73496   0.18903   0.06231   0.35136   0.12119   0.28816
   0.00026   0.21147   0.07750   0.22056   0.11294   0.18298   0.91848
   0.18239   0.14221   0.06368   0.10751   0.31883   0.18706   0.80841
   0.40864   0.30497   0.20312   0.41777   0.51768   1.00000   0.26799
   1.00000   0.14142   0.09622   0.12584   0.29586   0.11246   0.08836
   0.28294   0.29124   0.18192   1.00000   0.28770   0.26745   0.24700
   0.51420   0.41022   0.29786   0.50249   1.00000   0.15305   0.27771
   0.45674   0.10195   0.05736   0.34329   0.52879   0.08363   0.30779
   0.16723   0.26670   0.11495   0.71219   0.39386   0.15098   0.33334
   0.29778   1.00000   0.48822   0.36217   0.41822   0.19276   0.26644
   0.08296   0.19630   0.11184   0.23429   0.21064   0.13801   0.91663
   0.11848   0.29982   0.37840   0.21708   0.23140   0.05939   0.25976
   1.00000   1.00000   1.00000   1.00000   1.00000   1.00000   1.00000
