
       0      -0.071
    0    0    0    0    0    0    0
    0    0    0    0    0    0    0
    0    0    0    0    0    0    0
    0    0    0    0    0    0    0


  -0.32587E-16   0.00000E+00   0.00000E+00   0.00000E+00   0.00000E+00  -0.40318E-16   0.15068E+02
   0.16875E-01   0.60538E-02   0.00000E+00   0.00000E+00   0.12934E+00   0.10210E-01   0.75952E-02
   0.24014E-01   0.10756E-01   0.00000E+00   0.14640E-01   0.11795E-01   0.11229E-02   0.10760E+00
   0.10842E+00   0.16516E-01   0.24329E+00   0.00000E+00   0.14262E+00  -0.86627E-18  -0.81865E-19
   0.00000E+00   0.73138E+01   0.00000E+00   0.00000E+00   0.00000E+00   0.61262E+00   0.10693E+02
   0.14805E-02   0.55914E-03   0.00000E+00   0.00000E+00   0.23775E-02   0.38993E-03   0.00000E+00
   0.00000E+00  -0.22691E-14   0.16183E+03   0.00000E+00   0.00000E+00   0.00000E+00  -0.93102E-15
   0.00000E+00   0.16502E-11   0.14404E-05   0.00000E+00   0.51902E-03   0.29088E-05   0.58998E-02
   0.85199E-02   0.71478E-02   0.79720E-03   0.45172E-01   0.00000E+00   0.00000E+00   0.20043E-01
   0.00000E+00   0.00000E+00   0.00000E+00   0.00000E+00   0.15359E-01   0.50776E-01   0.13593E-01
   0.00000E+00   0.00000E+00   0.00000E+00   0.00000E+00   0.00000E+00   0.00000E+00   0.11422E+02
   0.31803E-03   0.15941E-06   0.00000E+00   0.42450E-04   0.39229E-03   0.12019E-16   0.29040E-02
   0.00000E+00   0.41126E+01   0.00000E+00   0.00000E+00   0.10510E+01   0.00000E+00   0.47024E+01
   0.00000E+00   0.17188E+02   0.00000E+00   0.00000E+00   0.00000E+00   0.00000E+00   0.92858E-01
   0.15117E-01   0.98229E-02   0.00000E+00   0.00000E+00   0.35175E-01  -0.35175E-18   0.19860E+00
   0.11542E-02   0.56894E-03  -0.62204E-22   0.00000E+00   0.20340E-03   0.00000E+00   0.74698E-03
   0.14763E-01   0.19596E-03   0.00000E+00   0.00000E+00   0.60049E-04   0.26506E-02   0.19959E-01
   0.47026E-01   0.12452E-01   0.00000E+00   0.00000E+00   0.77361E-01   0.95489E-02   0.00000E+00
   0.11840E-03   0.18992E-02   0.86877E-05   0.00000E+00   0.38052E-02   0.00000E+00   0.24824E-01
   0.47539E-02   0.44352E-04   0.91879E-03   0.35039E-03   0.27735E-02   0.93309E-03   0.00000E+00
   0.40163E-03   0.21258E-02   0.00000E+00   0.39412E-02   0.65849E-02   0.43683E-03   0.91028E-03
   0.13437E-01   0.11152E+00   0.50319E-03   0.00000E+00   0.20246E-01   0.16924E-02   0.15876E-01
   0.00000E+00   0.25727E-01  -0.12333E-17   0.48972E-01   0.00000E+00   0.00000E+00   0.52893E+00
   0.33364E-02   0.00000E+00  -0.49388E-19   0.00000E+00   0.56479E-02   0.79170E-03   0.35369E-01
   0.00000E+00   0.00000E+00   0.00000E+00   0.00000E+00   0.00000E+00   0.30942E+00   0.00000E+00
   0.12601E+02  -0.13533E-25   0.00000E+00   0.00000E+00  -0.10880E-15  -0.22864E-16  -0.59651E-16
   0.00000E+00   0.00000E+00   0.00000E+00   0.95551E+02   0.00000E+00   0.00000E+00   0.00000E+00
  -0.12056E-16   0.00000E+00   0.00000E+00   0.00000E+00   0.69994E+02  -0.13765E-16   0.00000E+00
   0.51176E+01   0.00000E+00   0.00000E+00   0.40277E+01   0.66853E+01   0.00000E+00   0.47134E+01
   0.00000E+00   0.89000E+00   0.00000E+00   0.72184E+01   0.20848E+01   0.00000E+00   0.98188E+00
   0.00000E+00   0.80984E+02   0.00000E+00  -0.24238E-16   0.00000E+00   0.00000E+00   0.00000E+00
  -0.40198E-17   0.31907E+00   0.36792E+00   0.31694E+01   0.51784E+00  -0.17748E-16   0.34810E+02
   0.15915E+02   0.19310E+03   0.30603E+03   0.12540E+03   0.11777E+03   0.32819E+01   0.18092E+03
   0.10000E+01   0.10000E+01   0.10000E+01   0.10000E+01   0.10000E+01   0.10000E+01   0.10000E+01

   0.39649E+01   0.44658E+01   0.30616E+01   0.55554E+01   0.50921E+01   0.22364E+01   0.23564E+02
   0.10166E+00   0.72040E-01   0.00000E+00   0.61229E-01   0.25171E+00   0.61757E-01   0.50265E-01
   0.45099E-01   0.33439E-01   0.93643E-02   0.44457E-01   0.36158E-01   0.12447E-01   0.13861E+00
   0.20629E+00   0.13487E+00   0.34000E+00   0.13454E-01   0.29637E+00   0.23978E-01   0.29584E-01
   0.28527E+01   0.14878E+02   0.21719E+01   0.30169E+01   0.21750E+01   0.60053E+01   0.18338E+02
   0.30307E-02   0.18618E-02   0.00000E+00   0.00000E+00   0.43126E-02   0.12197E-02   0.00000E+00
   0.75327E+01   0.39591E+02   0.21750E+03   0.12017E+02   0.16018E+02   0.67123E+01   0.12640E+02
   0.10815E-02   0.11426E-02   0.62873E-03   0.82969E-03   0.19164E-02   0.65090E-03   0.75259E-02
   0.31047E-01   0.26660E-01   0.15736E-01   0.82384E-01   0.13811E-01   0.17476E-01   0.36044E-01
   0.16090E-01   0.85113E-02   0.30443E-02   0.27804E-01   0.73563E-01   0.11011E+00   0.36385E-01
   0.15516E+01   0.22847E+01   0.13659E+01   0.26410E+01   0.28241E+01   0.95354E+00   0.16521E+02
   0.14194E-02   0.10630E-02   0.37435E-03   0.14414E-02   0.17793E-02   0.34241E-03   0.44036E-02
   0.18886E+01   0.91529E+01   0.23102E+01   0.23566E+01   0.53142E+01   0.83547E+00   0.87669E+01
   0.55540E+01   0.34400E+02   0.78959E+01   0.48445E+01   0.11645E+02   0.24330E+01   0.10202E+02
   0.46385E-01   0.50654E-01   0.75994E-02   0.35748E-01   0.94264E-01   0.15485E-01   0.25408E+00
   0.30115E-02   0.11764E-02   0.13672E-03   0.10647E-03   0.18013E-02   0.29008E-03   0.24202E-02
   0.21695E-01   0.67283E-02   0.00000E+00   0.50253E-02   0.46551E-02   0.13664E-01   0.26084E-01
   0.99488E-01   0.53693E-01   0.27204E-02   0.30294E-03   0.14638E+00   0.34435E-01   0.34159E-02
   0.43332E-02   0.72435E-02   0.27691E-02   0.44263E-02   0.10478E-01   0.22427E-02   0.31799E-01
   0.77727E-02   0.16997E-02   0.20265E-02   0.22600E-02   0.62730E-02   0.28960E-02   0.31911E-03
   0.53407E-02   0.58342E-02   0.52205E-03   0.93828E-02   0.13534E-01   0.20614E-02   0.35738E-02
   0.40938E-01   0.17272E+00   0.35737E-01   0.77658E-02   0.70980E-01   0.17086E-01   0.60645E-01
   0.00000E+00   0.12494E+00   0.44274E-01   0.14922E+00   0.57525E-01   0.70871E-01   0.68329E+00
   0.89681E-02   0.59673E-02   0.29431E-02   0.46288E-02   0.15041E-01   0.57652E-02   0.45019E-01
   0.18748E+00   0.12742E+00   0.84889E-01   0.19814E+00   0.23524E+00   0.69560E+00   0.12345E+00
   0.16352E+02   0.15287E+01   0.11856E+01   0.17662E+01   0.24257E+01   0.73620E+00   0.72184E+00
   0.39302E+02   0.32676E+02   0.24520E+02   0.16101E+03   0.28841E+02   0.21326E+02   0.23884E+02
   0.50818E+02   0.39074E+02   0.28916E+02   0.52268E+02   0.15405E+03   0.90842E+01   0.23508E+02
   0.11671E+02   0.18291E+01   0.11735E+01   0.91302E+01   0.14111E+02   0.64760E+00   0.77836E+01
   0.25569E+01   0.34627E+01   0.17825E+01   0.12404E+02   0.57340E+01   0.87295E+00   0.44018E+01
   0.31762E+02   0.18026E+03   0.63813E+02   0.40041E+02   0.53860E+02   0.16441E+02   0.28116E+02
   0.29363E+01   0.72717E+01   0.43881E+01   0.10195E+02   0.78723E+01   0.27940E+01   0.45046E+02
   0.12105E+03   0.34951E+03   0.44754E+03   0.24974E+03   0.25876E+03   0.43175E+02   0.28952E+03
   0.10000E+01   0.10000E+01   0.10000E+01   0.10000E+01   0.10000E+01   0.10000E+01   0.10000E+01

   0.00000   0.00000   0.00000   0.00000   0.00000   0.00000   0.70137
   0.05394   0.01930   0.00000   0.00000   0.41639   0.03287   0.02435
   0.11302   0.05039   0.00000   0.07041   0.05555   0.00529   0.50580
   0.15004   0.02333   0.34192   0.00000   0.20151   0.00000   0.00000
   0.00000   0.26485   0.00000   0.00000   0.00000   0.02208   0.38900
   0.20683   0.07778   0.00000   0.00000   0.34440   0.05454   0.00000
   0.00000  -0.00000   0.78241   0.00000   0.00000   0.00000  -0.00000
   0.00000   0.00000   0.00128   0.00000   0.06009   0.00347   0.68108
   0.06734   0.05674   0.00634   0.35861   0.00000   0.00000   0.15916
   0.00000   0.00000   0.00000   0.00000   0.10032   0.34298   0.09324
   0.00000   0.00000   0.00000   0.00000   0.00000   0.00000   0.74457
   0.10379   0.00002   0.00000   0.02207   0.07592   0.00001   0.49301
   0.00000   0.24256   0.00000   0.00000   0.06125   0.00000   0.27619
   0.00000   0.45898   0.00000   0.00000   0.00000   0.00000   0.00243
   0.04513   0.02943   0.00000   0.00000   0.10577   0.00000   0.59580
   0.21824   0.10608  -0.00000   0.00000   0.03667   0.00000   0.21927
   0.28456   0.00378   0.00000   0.00000   0.00116   0.05129   0.38491
   0.20889   0.05508   0.00000   0.00000   0.35717   0.04257   0.00000
   0.00288   0.04694   0.00021   0.00000   0.09336   0.00000   0.60837
   0.32855   0.00360   0.06184   0.02393   0.19237   0.06280   0.00000
   0.01708   0.09033   0.00000   0.16870   0.28038   0.01861   0.03864
   0.05232   0.43355   0.00196   0.00000   0.07918   0.00660   0.06196
   0.00000   0.03354   0.00000   0.06533   0.00000   0.00000   0.69072
   0.05800   0.00000   0.00000   0.00000   0.09937   0.01390   0.62085
   0.00000   0.00000   0.00000   0.00000   0.00000   0.57473   0.00000
   0.77665   0.00000   0.00000   0.00000  -0.00000   0.00000  -0.00000
   0.00000   0.00000   0.00000   0.59908   0.00000   0.00000   0.00000
  -0.00000   0.00000   0.00000   0.00000   0.50935   0.00000   0.00000
   0.17515   0.00000   0.00000   0.13501   0.22916   0.00000   0.16089
   0.00000   0.04936   0.00000   0.39773   0.11830   0.00000   0.05591
   0.00000   0.47308   0.00000   0.00000   0.00000   0.00000   0.00000
  -0.00000   0.00633   0.00727   0.06262   0.01024   0.00000   0.68881
   0.01268   0.15397   0.24419   0.09998   0.09394   0.00262   0.14415
   1.00000   1.00000   1.00000   1.00000   1.00000   1.00000   1.00000

   0.17587   0.19745   0.13459   0.24297   0.22328   0.09959   0.99825
   0.32427   0.23100   0.00000   0.19642   0.80457   0.19756   0.16101
   0.21221   0.15744   0.04413   0.20943   0.17013   0.05856   0.65316
   0.28616   0.18739   0.47074   0.01906   0.41024   0.03353   0.04143
   0.10219   0.52583   0.07768   0.10819   0.07791   0.21315   0.64374
   0.42094   0.25985   0.00000   0.00000   0.59728   0.16954   0.00000
   0.03532   0.18740   0.99697   0.05662   0.07567   0.03173   0.05973
   0.12490   0.13152   0.07258   0.09639   0.22067   0.07504   0.87125
   0.24688   0.21199   0.12497   0.65117   0.10982   0.13873   0.28668
   0.10890   0.05790   0.02084   0.18857   0.49691   0.74238   0.24596
   0.09699   0.14232   0.08515   0.16504   0.17677   0.05964   0.99709
   0.20210   0.14965   0.05810   0.17138   0.23896   0.05271   0.65413
   0.10950   0.52300   0.13395   0.13646   0.30628   0.04839   0.50087
   0.14403   0.87515   0.20496   0.12511   0.30084   0.06308   0.26317
   0.13900   0.15210   0.02289   0.10741   0.28139   0.04595   0.76336
   0.54298   0.20866   0.02600   0.02019   0.34060   0.05432   0.38272
   0.41858   0.13000   0.00000   0.09703   0.08990   0.26327   0.50391
   0.43966   0.23883   0.01222   0.00141   0.64392   0.15224   0.01572
   0.10630   0.17792   0.06791   0.10879   0.25634   0.05468   0.78142
   0.53467   0.11704   0.13963   0.15598   0.42846   0.19889   0.02216
   0.22593   0.24765   0.02230   0.39836   0.58019   0.08760   0.15165
   0.15939   0.67319   0.13880   0.03041   0.27552   0.06651   0.23689
   0.00000   0.16303   0.05778   0.19636   0.07518   0.09249   0.89087
   0.15659   0.10498   0.05149   0.08153   0.26154   0.10058   0.78814
   0.30410   0.20549   0.13831   0.31510   0.38233   1.00000   0.19771
   1.00000   0.09426   0.07308   0.10885   0.14958   0.04540   0.04452
   0.24623   0.20485   0.15358   1.00000   0.18079   0.13373   0.14973
   0.35874   0.27721   0.20533   0.36367   1.00000   0.06558   0.16777
   0.39429   0.06261   0.04032   0.31017   0.47302   0.02193   0.26354
   0.14573   0.20150   0.10342   0.70223   0.33303   0.04842   0.24254
   0.17705   0.97986   0.35833   0.21935   0.29805   0.09198   0.15583
   0.05793   0.14383   0.08680   0.20274   0.15560   0.05524   0.89014
   0.09649   0.27865   0.35688   0.19926   0.20622   0.03442   0.23088
   1.00000   1.00000   1.00000   1.00000   1.00000   1.00000   1.00000
