
       0      -0.071
    0    0    0    0    0    0    0
    0    0    0    0    0    0    0
    0    0    0    0    0    0    0
    0    0    0    0    0    0    0


  -0.32587E-16   0.00000E+00   0.00000E+00   0.00000E+00   0.00000E+00  -0.40318E-16   0.16137E+02
   0.18516E-01   0.83986E-02   0.00000E+00   0.35330E-03   0.14388E+00   0.11329E-01   0.10697E-01
   0.24117E-01   0.11394E-01   0.00000E+00   0.14640E-01   0.11795E-01   0.11969E-02   0.10996E+00
   0.11218E+00   0.24208E-01   0.25263E+00   0.00000E+00   0.16180E+00  -0.86627E-18  -0.81865E-19
   0.00000E+00   0.83216E+01   0.00000E+00   0.00000E+00   0.00000E+00   0.90755E+00   0.11839E+02
   0.15674E-02   0.62289E-03   0.00000E+00   0.00000E+00   0.26649E-02   0.45234E-03   0.00000E+00
   0.00000E+00   0.00000E+00   0.16747E+03   0.00000E+00   0.00000E+00   0.00000E+00   0.00000E+00
   0.00000E+00   0.16502E-11   0.14404E-05   0.00000E+00   0.52218E-03   0.29088E-05   0.60006E-02
   0.90579E-02   0.91238E-02   0.13430E-02   0.47091E-01   0.00000E+00   0.00000E+00   0.21076E-01
   0.00000E+00   0.00000E+00   0.00000E+00   0.12846E-02   0.30017E-01   0.55079E-01   0.15921E-01
   0.00000E+00   0.00000E+00   0.00000E+00   0.00000E+00   0.00000E+00   0.00000E+00   0.11956E+02
   0.31803E-03   0.43624E-05   0.00000E+00   0.42450E-04   0.39229E-03   0.12019E-16   0.29040E-02
   0.00000E+00   0.47848E+01   0.00000E+00   0.00000E+00   0.15318E+01   0.00000E+00   0.52562E+01
   0.00000E+00   0.19525E+02   0.00000E+00   0.00000E+00   0.66651E+00   0.00000E+00   0.17062E+01
   0.15987E-01   0.11101E-01   0.00000E+00   0.00000E+00   0.39625E-01  -0.35175E-18   0.20359E+00
   0.13567E-02   0.62287E-03   0.00000E+00   0.00000E+00   0.50840E-03   0.00000E+00   0.74698E-03
   0.15463E-01   0.71387E-03   0.00000E+00   0.00000E+00   0.52671E-03   0.28550E-02   0.20682E-01
   0.49757E-01   0.14319E-01   0.00000E+00   0.00000E+00   0.86773E-01   0.11242E-01   0.00000E+00
   0.91652E-03   0.22176E-02   0.12664E-03   0.00000E+00   0.41995E-02   0.00000E+00   0.25374E-01
   0.49437E-02   0.44352E-04   0.10160E-02   0.36893E-03   0.32802E-02   0.96891E-03   0.00000E+00
   0.53721E-03   0.21877E-02   0.00000E+00   0.44191E-02   0.72311E-02   0.45681E-03   0.11608E-02
   0.14629E-01   0.11946E+00   0.50319E-03   0.00000E+00   0.23969E-01   0.21847E-02   0.21524E-01
   0.00000E+00   0.32239E-01  -0.12333E-17   0.48972E-01   0.00000E+00   0.23365E-02   0.54123E+00
   0.36083E-02   0.00000E+00  -0.49388E-19   0.00000E+00   0.60708E-02   0.87406E-03   0.36144E-01
   0.00000E+00   0.00000E+00   0.00000E+00   0.00000E+00   0.00000E+00   0.35378E+00   0.00000E+00
   0.13109E+02  -0.13533E-25   0.00000E+00   0.00000E+00   0.00000E+00  -0.22864E-16  -0.59651E-16
   0.00000E+00   0.00000E+00   0.00000E+00   0.98939E+02   0.00000E+00   0.00000E+00   0.00000E+00
   0.00000E+00   0.00000E+00   0.00000E+00   0.00000E+00   0.79344E+02  -0.13765E-16   0.00000E+00
   0.53755E+01   0.00000E+00   0.00000E+00   0.42096E+01   0.76624E+01   0.00000E+00   0.48749E+01
   0.00000E+00   0.10011E+01   0.22601E-01   0.77040E+01   0.22955E+01   0.00000E+00   0.11512E+01
   0.00000E+00   0.95342E+02   0.00000E+00  -0.24238E-16   0.00000E+00   0.00000E+00   0.00000E+00
   0.00000E+00   0.39255E+00   0.40250E+00   0.32248E+01   0.69593E+00  -0.17748E-16   0.35621E+02
   0.16035E+02   0.20686E+03   0.31504E+03   0.12856E+03   0.13147E+03   0.36958E+01   0.19481E+03
   0.10000E+01   0.10000E+01   0.10000E+01   0.10000E+01   0.10000E+01   0.10000E+01   0.10000E+01

   0.28809E+01   0.35598E+01   0.23958E+01   0.40634E+01   0.41911E+01   0.14522E+01   0.22417E+02
   0.85806E-01   0.59193E-01   0.00000E+00   0.51209E-01   0.24325E+00   0.42963E-01   0.42252E-01
   0.42389E-01   0.29624E-01   0.81546E-02   0.41385E-01   0.31919E-01   0.87441E-02   0.13602E+00
   0.18791E+00   0.12084E+00   0.32455E+00   0.61878E-02   0.28461E+00   0.16632E-01   0.20260E-01
   0.21784E+01   0.13667E+02   0.16622E+01   0.23097E+01   0.13229E+01   0.48590E+01   0.17376E+02
   0.27468E-02   0.16292E-02   0.00000E+00   0.00000E+00   0.42363E-02   0.97593E-03   0.00000E+00
   0.71047E+01   0.33879E+02   0.21324E+03   0.10780E+02   0.13402E+02   0.49460E+01   0.10614E+02
   0.97944E-03   0.10182E-02   0.57809E-03   0.65641E-03   0.17024E-02   0.44595E-03   0.73615E-02
   0.29655E-01   0.24267E-01   0.14104E-01   0.80931E-01   0.10745E-01   0.11056E-01   0.33281E-01
   0.13060E-01   0.69465E-02   0.20627E-02   0.25158E-01   0.66548E-01   0.96410E-01   0.34278E-01
   0.12665E+01   0.18601E+01   0.11957E+01   0.22550E+01   0.23330E+01   0.58081E+00   0.15869E+02
   0.14194E-02   0.10630E-02   0.23915E-03   0.14414E-02   0.17793E-02   0.29584E-03   0.44036E-02
   0.13178E+01   0.83523E+01   0.18870E+01   0.18238E+01   0.46913E+01   0.56358E+00   0.81781E+01
   0.37694E+01   0.31820E+02   0.64916E+01   0.30955E+01   0.99410E+01   0.15643E+01   0.88063E+01
   0.42489E-01   0.44109E-01   0.51778E-02   0.31506E-01   0.84799E-01   0.10227E-01   0.24958E+00
   0.22795E-02   0.11413E-02   0.70530E-04   0.60310E-04   0.14802E-02   0.12812E-03   0.22291E-02
   0.21180E-01   0.57373E-02   0.00000E+00   0.44002E-02   0.37685E-02   0.10176E-01   0.25505E-01
   0.89660E-01   0.46573E-01   0.61209E-03   0.00000E+00   0.14343E+00   0.26674E-01   0.78365E-03
   0.38524E-02   0.64503E-02   0.25100E-02   0.39074E-02   0.93835E-02   0.15084E-02   0.31191E-01
   0.72750E-02   0.14611E-02   0.18623E-02   0.18793E-02   0.59751E-02   0.23279E-02   0.91459E-04
   0.46435E-02   0.51778E-02   0.24618E-03   0.84858E-02   0.12998E-01   0.15580E-02   0.31522E-02
   0.33638E-01   0.16476E+00   0.31145E-01   0.42021E-02   0.63775E-01   0.12521E-01   0.54090E-01
   0.00000E+00   0.11307E+00   0.38576E-01   0.13711E+00   0.42498E-01   0.47687E-01   0.66841E+00
   0.83975E-02   0.50197E-02   0.25928E-02   0.39664E-02   0.13519E-01   0.43441E-02   0.44132E-01
   0.14759E+00   0.10037E+00   0.65884E-01   0.15948E+00   0.18943E+00   0.66421E+00   0.10156E+00
   0.16280E+02   0.12895E+01   0.10521E+01   0.16760E+01   0.17137E+01   0.46872E+00   0.55144E+00
   0.36861E+02   0.28330E+02   0.22060E+02   0.16049E+03   0.21975E+02   0.15079E+02   0.18328E+02
   0.39413E+02   0.30704E+02   0.22448E+02   0.40882E+02   0.14838E+03   0.61476E+01   0.17204E+02
   0.10589E+02   0.14528E+01   0.86137E+00   0.85380E+01   0.13595E+02   0.32171E+00   0.71544E+01
   0.24137E+01   0.31253E+01   0.16879E+01   0.11452E+02   0.54332E+01   0.52591E+00   0.34675E+01
   0.21010E+02   0.16632E+03   0.53474E+02   0.28070E+02   0.43903E+02   0.10730E+02   0.18997E+02
   0.23624E+01   0.62641E+01   0.39103E+01   0.93127E+01   0.65970E+01   0.16298E+01   0.44020E+02
   0.10108E+03   0.33398E+03   0.43145E+03   0.22655E+03   0.24401E+03   0.31979E+02   0.27476E+03
   0.10000E+01   0.10000E+01   0.10000E+01   0.10000E+01   0.10000E+01   0.10000E+01   0.10000E+01

  -0.00000   0.00000   0.00000   0.00000   0.00000  -0.00000   0.74136
   0.06005   0.02684   0.00000   0.00113   0.46326   0.03638   0.03431
   0.11356   0.05360   0.00000   0.06901   0.05555   0.00564   0.51655
   0.15561   0.03420   0.35521   0.00000   0.22848  -0.00000  -0.00000
   0.00000   0.30069   0.00000   0.00000   0.00000   0.03266   0.42919
   0.21893   0.08734   0.00000   0.00000   0.38515   0.06354   0.00000
   0.00000   0.00000   0.80452   0.00000   0.00000   0.00000   0.00000
   0.00000   0.00000   0.00017   0.00000   0.06072   0.00121   0.69346
   0.07171   0.07247   0.01067   0.37410   0.00000   0.00000   0.16747
   0.00000   0.00000   0.00000   0.00855   0.20234   0.37174   0.10834
   0.00000   0.00000   0.00000   0.00000   0.00000   0.00000   0.76603
   0.04656   0.00064   0.00000   0.00681   0.06086   0.00000   0.45053
   0.00000   0.28095   0.00000   0.00000   0.08924   0.00000   0.30791
   0.00000   0.51732   0.00000   0.00000   0.01743   0.00000   0.04469
   0.04776   0.03327   0.00000   0.00000   0.11917  -0.00000   0.60943
   0.25609   0.11701   0.00000   0.00000   0.09324   0.00000   0.14295
   0.29846   0.01378   0.00000   0.00000   0.01019   0.05524   0.39922
   0.22083   0.06389   0.00000   0.00000   0.39968   0.05032   0.00000
   0.02243   0.05437   0.00310   0.00000   0.10304   0.00000   0.62106
   0.34178   0.00312   0.07034   0.02565   0.22648   0.06707   0.00000
   0.02283   0.09274   0.00000   0.18623   0.30624   0.01956   0.04930
   0.05697   0.46494   0.00196   0.00000   0.09356   0.00851   0.08378
   0.00000   0.04208  -0.00000   0.06437   0.00000   0.00306   0.70537
   0.06279   0.00000  -0.00000   0.00000   0.10681   0.01535   0.63398
   0.00000   0.00000   0.00000   0.00000   0.00000   0.63158   0.00000
   0.80934  -0.00000   0.00000   0.00000   0.00000  -0.00000  -0.00000
   0.00000   0.00000   0.00000   0.62028   0.00000   0.00000   0.00000
   0.00000   0.00000   0.00000   0.00000   0.57587  -0.00000   0.00000
   0.18348   0.00000   0.00000   0.14252   0.26275   0.00000   0.16630
   0.00000   0.05656   0.00129   0.42985   0.13019   0.00000   0.06571
   0.00000   0.55310   0.00000  -0.00000   0.00000   0.00000   0.00000
   0.00000   0.00778   0.00795   0.06376   0.01375  -0.00000   0.70280
   0.01278   0.16491   0.25108   0.10248   0.10487   0.00295   0.15522
   1.00000   1.00000   1.00000   1.00000   1.00000   1.00000   1.00000

   0.12883   0.15869   0.10618   0.17969   0.18588   0.06484   0.97140
   0.27447   0.19006   0.00000   0.16454   0.77980   0.13796   0.13554
   0.19945   0.13945   0.03841   0.19490   0.15020   0.04098   0.64147
   0.26106   0.16806   0.45035   0.00878   0.39478   0.02336   0.02838
   0.07812   0.48569   0.05958   0.08288   0.04744   0.17317   0.61502
   0.38239   0.22783   0.00000   0.00000   0.58792   0.13822   0.00000
   0.03342   0.16039   0.99329   0.05096   0.06346   0.02340   0.05021
   0.11341   0.11788   0.06664   0.07621   0.19412   0.05117   0.84931
   0.23577   0.19297   0.11203   0.64076   0.08546   0.08783   0.26469
   0.08859   0.04731   0.01412   0.17060   0.45068   0.65499   0.23218
   0.07932   0.11629   0.07471   0.14119   0.14619   0.03638   0.97412
   0.22020   0.16491   0.03910   0.22420   0.26051   0.04535   0.65595
   0.07653   0.47986   0.10954   0.10580   0.27130   0.03269   0.47014
   0.09813   0.81711   0.16902   0.08032   0.25801   0.04067   0.22837
   0.12744   0.13239   0.01559   0.09462   0.25330   0.03045   0.75035
   0.42369   0.20282   0.01306   0.01140   0.28106   0.02404   0.36657
   0.40892   0.11089   0.00000   0.08494   0.07282   0.19642   0.49275
   0.39739   0.20750   0.00275   0.00000   0.63368   0.11840   0.00359
   0.09452   0.15837   0.06147   0.09574   0.22967   0.03685   0.76730
   0.50247   0.10080   0.12839   0.12996   0.40963   0.15992   0.00636
   0.19721   0.22003   0.01053   0.35971   0.55262   0.06623   0.13374
   0.13109   0.64229   0.12114   0.01644   0.24785   0.04875   0.21120
   0.00000   0.14759   0.05040   0.18033   0.05552   0.06226   0.87332
   0.14699   0.08830   0.04533   0.06980   0.23524   0.07627   0.77305
   0.24363   0.16438   0.10872   0.25916   0.31365   1.00000   0.16584
   0.99961   0.07945   0.06484   0.10331   0.10569   0.02890   0.03400
   0.23096   0.17767   0.13816   1.00000   0.13778   0.09454   0.11492
   0.28145   0.22001   0.16087   0.28872   1.00000   0.04447   0.12377
   0.35850   0.04979   0.02958   0.29043   0.45790   0.01093   0.24274
   0.13689   0.18187   0.09752   0.66528   0.31566   0.02927   0.19347
   0.11865   0.92662   0.30255   0.15568   0.24609   0.06053   0.10671
   0.04661   0.12377   0.07732   0.18498   0.13039   0.03219   0.87233
   0.08059   0.26627   0.34394   0.18069   0.19448   0.02550   0.21910
   1.00000   1.00000   1.00000   1.00000   1.00000   1.00000   1.00000
