
       0      -0.071
    0    0    0    0    0    0    0
    0    0    0    0    0    0    0
    0    0    0    0    0    0    0
    0    0    0    0    0    0    0


  -0.32587E-16   0.00000E+00   0.00000E+00   0.00000E+00   0.00000E+00  -0.40318E-16   0.13873E+02
   0.11671E-01   0.25453E-02   0.00000E+00   0.00000E+00   0.11229E+00   0.76257E-02   0.45488E-02
   0.21612E-01   0.96640E-02   0.00000E+00   0.13947E-01   0.10090E-01   0.98947E-03   0.10506E+00
   0.10354E+00   0.89932E-02   0.22926E+00   0.00000E+00   0.12195E+00  -0.86627E-18  -0.81865E-19
  -0.10541E-17   0.61044E+01   0.00000E+00   0.00000E+00   0.00000E+00   0.27747E+00   0.92529E+01
   0.13129E-02   0.44405E-03   0.00000E+00   0.00000E+00   0.20477E-02   0.32532E-03   0.00000E+00
   0.00000E+00  -0.22691E-14   0.15459E+03   0.00000E+00   0.00000E+00   0.00000E+00  -0.93102E-15
   0.00000E+00   0.00000E+00   0.14044E-05   0.00000E+00   0.51902E-03   0.29088E-05   0.57217E-02
   0.71498E-02   0.60013E-02   0.87913E-04   0.41516E-01   0.00000E+00   0.00000E+00   0.18952E-01
   0.00000E+00   0.00000E+00   0.00000E+00   0.00000E+00   0.34040E-02   0.45075E-01   0.12908E-01
   0.00000E+00   0.00000E+00   0.00000E+00   0.00000E+00   0.00000E+00   0.00000E+00   0.10854E+02
   0.31803E-03   0.15941E-06   0.00000E+00   0.42450E-04   0.39229E-03   0.12019E-16   0.27703E-02
   0.00000E+00   0.33527E+01   0.00000E+00   0.00000E+00   0.45323E+00   0.00000E+00   0.39957E+01
   0.00000E+00   0.14625E+02   0.00000E+00   0.00000E+00   0.00000E+00   0.00000E+00   0.00000E+00
   0.13029E-01   0.79929E-02   0.00000E+00   0.00000E+00   0.30008E-01  -0.35175E-18   0.19377E+00
   0.10214E-02   0.47125E-03  -0.62204E-22   0.00000E+00   0.20340E-03  -0.57820E-24   0.74698E-03
   0.11959E-01   0.00000E+00   0.00000E+00   0.00000E+00   0.00000E+00   0.26506E-02   0.18857E-01
   0.40420E-01   0.90893E-02   0.00000E+00   0.00000E+00   0.66685E-01   0.78067E-02   0.00000E+00
   0.11840E-03   0.16707E-02   0.86877E-05   0.00000E+00   0.32428E-02   0.00000E+00   0.24191E-01
   0.42937E-02   0.00000E+00   0.91879E-03   0.14237E-03   0.23429E-02   0.81950E-03   0.00000E+00
   0.25017E-03   0.18339E-02   0.00000E+00   0.39412E-02   0.57172E-02   0.38502E-03   0.68114E-03
   0.11100E-01   0.10429E+00   0.00000E+00   0.00000E+00   0.15150E-01   0.12475E-02   0.11655E-01
   0.00000E+00   0.21731E-01  -0.12333E-17   0.34360E-01   0.00000E+00   0.00000E+00   0.51747E+00
   0.26715E-02   0.00000E+00  -0.49388E-19   0.00000E+00   0.49192E-02   0.79170E-03   0.34747E-01
   0.00000E+00   0.00000E+00   0.00000E+00   0.00000E+00   0.00000E+00   0.25739E+00   0.00000E+00
   0.11504E+02  -0.13533E-25   0.00000E+00   0.00000E+00  -0.10880E-15  -0.22864E-16  -0.59651E-16
   0.00000E+00  -0.44822E-25  -0.12001E-22   0.89724E+02   0.00000E+00   0.00000E+00   0.00000E+00
  -0.12056E-16   0.00000E+00   0.00000E+00   0.00000E+00   0.59475E+02  -0.13765E-16   0.00000E+00
   0.45697E+01   0.00000E+00   0.00000E+00   0.37693E+01   0.55927E+01   0.00000E+00   0.46144E+01
   0.00000E+00   0.68365E+00   0.00000E+00   0.65965E+01   0.18182E+01   0.00000E+00   0.92198E+00
   0.00000E+00   0.64505E+02   0.00000E+00  -0.24238E-16   0.00000E+00   0.00000E+00   0.00000E+00
  -0.40198E-17   0.19940E+00   0.31939E+00   0.23428E+01   0.40381E+00  -0.17748E-16   0.34149E+02
   0.13874E+02   0.17775E+03   0.28949E+03   0.12540E+03   0.10130E+03   0.29664E+01   0.16548E+03
   0.10000E+01   0.10000E+01   0.10000E+01   0.10000E+01   0.10000E+01   0.10000E+01   0.10000E+01

   0.51211E+01   0.55198E+01   0.38747E+01   0.71636E+01   0.61223E+01   0.34781E+01   0.24786E+02
   0.11915E+00   0.86134E-01   0.71406E-13   0.70533E-01   0.25928E+00   0.96085E-01   0.58688E-01
   0.47677E-01   0.37869E-01   0.10527E-01   0.46911E-01   0.40632E-01   0.17891E-01   0.14154E+00
   0.22526E+00   0.15035E+00   0.34949E+00   0.23442E-01   0.30996E+00   0.39758E-01   0.39282E-01
   0.35924E+01   0.16462E+02   0.27382E+01   0.37689E+01   0.31852E+01   0.75108E+01   0.19517E+02
   0.33527E-02   0.21145E-02   0.00000E+00   0.00000E+00   0.44473E-02   0.16471E-02   0.00000E+00
   0.81271E+01   0.48725E+02   0.22198E+03   0.13126E+02   0.19605E+02   0.96233E+01   0.15305E+02
   0.11913E-02   0.13717E-02   0.66382E-03   0.95836E-03   0.21624E-02   0.97055E-03   0.75259E-02
   0.32705E-01   0.30705E-01   0.17305E-01   0.84415E-01   0.17948E-01   0.27054E-01   0.41547E-01
   0.18639E-01   0.10528E-01   0.38985E-02   0.29947E-01   0.80710E-01   0.12212E+00   0.39190E-01
   0.18679E+01   0.27601E+01   0.15750E+01   0.30636E+01   0.33731E+01   0.15714E+01   0.17157E+02
   0.14194E-02   0.10630E-02   0.37435E-03   0.14414E-02   0.17793E-02   0.53092E-03   0.44036E-02
   0.25795E+01   0.10169E+02   0.27962E+01   0.29503E+01   0.60819E+01   0.12345E+01   0.94981E+01
   0.76964E+01   0.37807E+02   0.96287E+01   0.70562E+01   0.13848E+02   0.37218E+01   0.11832E+02
   0.50622E-01   0.58891E-01   0.10489E-01   0.40230E-01   0.10501E+00   0.24678E-01   0.26093E+00
   0.30115E-02   0.12229E-02   0.16338E-03   0.15252E-03   0.19533E-02   0.54959E-03   0.24202E-02
   0.22104E-01   0.78296E-02   0.16261E-04   0.55195E-02   0.63287E-02   0.20224E-01   0.26778E-01
   0.11021E+00   0.61685E-01   0.49627E-02   0.17311E-02   0.15105E+00   0.48129E-01   0.77775E-02
   0.48634E-02   0.82121E-02   0.31387E-02   0.49699E-02   0.11683E-01   0.34501E-02   0.32451E-01
   0.82726E-02   0.19966E-02   0.20620E-02   0.23392E-02   0.65602E-02   0.41847E-02   0.65556E-03
   0.61404E-02   0.65778E-02   0.72310E-03   0.98570E-02   0.14065E-01   0.26944E-02   0.40776E-02
   0.48085E-01   0.18240E+00   0.41940E-01   0.11960E-01   0.79756E-01   0.23699E-01   0.67546E-01
   0.10811E-12   0.14194E+00   0.51549E-01   0.15959E+00   0.72942E-01   0.10376E+00   0.69058E+00
   0.96516E-02   0.70270E-02   0.33466E-02   0.53950E-02   0.16726E-01   0.82269E-02   0.45390E-01
   0.22644E+00   0.16183E+00   0.10719E+00   0.24038E+00   0.28719E+00   0.73552E+00   0.14915E+00
   0.16434E+02   0.18490E+01   0.13673E+01   0.18955E+01   0.35607E+01   0.13151E+01   0.10622E+01
   0.42258E+02   0.39049E+02   0.26833E+02   0.16165E+03   0.37050E+02   0.30515E+02   0.32668E+02
   0.63640E+02   0.48815E+02   0.35958E+02   0.64388E+02   0.16091E+03   0.14049E+02   0.31950E+02
   0.12713E+02   0.23544E+01   0.14196E+01   0.97097E+01   0.14704E+02   0.15213E+01   0.85016E+01
   0.27419E+01   0.39788E+01   0.18866E+01   0.12559E+02   0.62605E+01   0.16670E+01   0.54839E+01
   0.43993E+02   0.19453E+03   0.75967E+02   0.55175E+02   0.65788E+02   0.24508E+02   0.39088E+02
   0.35597E+01   0.85009E+01   0.49872E+01   0.10984E+02   0.92789E+01   0.46315E+01   0.45578E+02
   0.13965E+03   0.36003E+03   0.46295E+03   0.26312E+03   0.27567E+03   0.57830E+02   0.30753E+03
   0.10000E+01   0.10000E+01   0.10000E+01   0.10000E+01   0.10000E+01   0.10000E+01   0.10000E+01

   0.00000   0.00000   0.00000   0.00000   0.00000   0.00000   0.65797
   0.03759   0.00808   0.00000   0.00000   0.36104   0.02456   0.01457
   0.10164   0.04522   0.00000   0.06523   0.04752   0.00466   0.49455
   0.14257   0.01271   0.32193   0.00000   0.17228  -0.00000   0.00000
  -0.00000   0.22156   0.00000   0.00000   0.00000   0.01001   0.33673
   0.18160   0.06150   0.00000   0.00000   0.29710   0.04542   0.00000
   0.00000   0.00000   0.75060   0.00000   0.00000   0.00000   0.00000
   0.00000   0.00000   0.00016   0.00000   0.06072   0.00335   0.65377
   0.05663   0.04753   0.00070   0.32870   0.00000   0.00000   0.15043
   0.00000   0.00000   0.00000   0.00000   0.02233   0.30335   0.08996
   0.00000   0.00000   0.00000   0.00000   0.00000   0.00000   0.72202
   0.07961   0.03012   0.00000   0.03360   0.06390   0.00281   0.43825
   0.00000   0.19897   0.00000   0.00000   0.02641   0.00000   0.23539
   0.00000   0.39463   0.00000   0.00000   0.00000   0.00000   0.00000
   0.03851   0.02394   0.00000   0.00000   0.09019   0.00000   0.58085
   0.18899   0.09622  -0.00000   0.00000   0.11165  -0.00000   0.20105
   0.22425   0.00000   0.00000   0.00000   0.00000   0.05179   0.36137
   0.17760   0.03999   0.00000   0.00000   0.30845   0.03475   0.00000
   0.00995   0.04095   0.00161   0.00000   0.07951   0.00000   0.59321
   0.29611   0.00000   0.07063   0.00982   0.16270   0.05644   0.00000
   0.01060   0.07755   0.00000   0.16853   0.24308   0.01640   0.02891
   0.04311   0.40453   0.00000   0.00000   0.05929   0.00486   0.04534
   0.00000   0.02826   0.00000   0.04532   0.00000   0.00000   0.67551
   0.04627   0.00000   0.00000   0.00000   0.08654   0.01430   0.60922
   0.00000   0.00000   0.00000   0.00000   0.00000   0.50221   0.00000
   0.70992   0.00000   0.00000   0.00000   0.00000   0.00000   0.00000
   0.00000  -0.00000  -0.00000   0.56255   0.00000   0.00000   0.00000
   0.00000   0.00000   0.00000   0.00000   0.43463   0.00000   0.00000
   0.15612   0.00000   0.00000   0.12649   0.19146   0.00000   0.15754
   0.00000   0.03719   0.00000   0.35889   0.10326   0.00000   0.05235
   0.00000   0.38051   0.00000   0.00000   0.00000   0.00000   0.00000
   0.00000   0.00393   0.00631   0.04654   0.00800   0.00000   0.67596
   0.01105   0.14173   0.23109   0.10031   0.08079   0.00236   0.13185
   1.00000   1.00000   1.00000   1.00000   1.00000   1.00000   1.00000

   0.22369   0.24121   0.16821   0.30695   0.26452   0.15433   1.00000
   0.37855   0.27566   0.00000   0.22580   0.82412   0.30510   0.18763
   0.22437   0.17833   0.04962   0.22115   0.19115   0.08416   0.66568
   0.31180   0.20857   0.48345   0.03318   0.42770   0.05545   0.05499
   0.12835   0.57699   0.09756   0.13490   0.11390   0.26492   0.67707
   0.46451   0.29444   0.00000   0.00000   0.61524   0.23048   0.00000
   0.03805   0.23053   1.00000   0.06166   0.09239   0.04547   0.07218
   0.13742   0.15917   0.07687   0.11141   0.24896   0.11163   0.86492
   0.26012   0.24408   0.13744   0.66571   0.14273   0.21427   0.33022
   0.12573   0.07148   0.02669   0.20293   0.54317   0.81325   0.26475
   0.11648   0.17105   0.09789   0.19094   0.21074   0.09798   1.00000
   0.21453   0.16479   0.04910   0.18037   0.26237   0.08205   0.66517
   0.14910   0.57635   0.16186   0.17036   0.34884   0.07139   0.53824
   0.19818   0.94968   0.24904   0.18091   0.35539   0.09618   0.30273
   0.15162   0.17684   0.03161   0.12101   0.31315   0.07385   0.77926
   0.43882   0.22916   0.03085   0.02894   0.36142   0.10591   0.40402
   0.42632   0.15119   0.00032   0.10660   0.12203   0.37922   0.51703
   0.48548   0.27379   0.02229   0.00810   0.66034   0.21377   0.03580
   0.11940   0.20179   0.07698   0.12231   0.28559   0.08444   0.79408
   0.56834   0.13747   0.14219   0.16181   0.44600   0.28728   0.04534
   0.25891   0.27896   0.03092   0.41781   0.59530   0.11443   0.17284
   0.18656   0.71068   0.16260   0.04687   0.30908   0.09226   0.26405
   0.00000   0.18527   0.06724   0.21020   0.09538   0.13535   0.90055
   0.16832   0.12319   0.05861   0.09513   0.29054   0.14338   0.79424
   0.35860   0.25560   0.17173   0.37032   0.45454   1.00000   0.23303
   1.00000   0.11398   0.08429   0.11680   0.21958   0.08110   0.06550
   0.26473   0.24468   0.16813   1.00000   0.23227   0.19134   0.20473
   0.44174   0.34184   0.25180   0.43738   1.00000   0.10101   0.22414
   0.42865   0.08049   0.04879   0.32953   0.49678   0.05141   0.28721
   0.15700   0.23147   0.10970   0.70925   0.36312   0.09364   0.29836
   0.24040   1.00000   0.42268   0.29434   0.35794   0.13580   0.21261
   0.07023   0.16835   0.09868   0.21876   0.18334   0.09160   0.90050
   0.11132   0.28717   0.36926   0.21004   0.21966   0.04611   0.24530
   1.00000   1.00000   1.00000   1.00000   1.00000   1.00000   1.00000
