
       0      -0.009
    0    0    0    0    0
    0    0    0    0    0
    0    0    0    0    0
    0    0    0    0    0


   0.00000E+00  -0.42389E-15   0.12497E+02  -0.52091E-16  -0.22565E-15
   0.10657E+00   0.00000E+00   0.00000E+00   0.39263E-02   0.89231E-02
   0.12170E-01   0.00000E+00   0.10127E+00   0.12155E-01   0.27243E-01
   0.14299E+00   0.22187E+00   0.00000E+00   0.00000E+00   0.10817E+00
   0.32404E+01   0.00000E+00   0.91469E+01   0.00000E+00   0.00000E+00
   0.26451E-02   0.00000E+00   0.00000E+00   0.00000E+00   0.16268E-02
   0.00000E+00   0.15790E+03  -0.15731E-21   0.00000E+00   0.00000E+00
   0.14081E-04  -0.12528E-18   0.55358E-02  -0.53877E-25   0.18234E-03
   0.83611E-02   0.14905E-02   0.17470E-01   0.41069E-01   0.53373E-02
   0.31950E-01   0.00000E+00   0.23847E-01   0.18830E-01   0.00000E+00
  -0.70878E-16   0.00000E+00   0.10268E+02  -0.38338E-16  -0.17846E-16
   0.40547E-05  -0.77510E-19   0.14643E-02   0.91055E-10   0.76942E-05
   0.27391E+01   0.00000E+00   0.34751E+01   0.00000E+00   0.00000E+00
   0.77041E+01  -0.36428E-15   0.00000E+00   0.00000E+00   0.00000E+00
   0.25716E-01  -0.85807E-19   0.18161E+00   0.00000E+00   0.28855E-01
   0.30736E-03  -0.24879E-19   0.17740E-03   0.00000E+00   0.13821E-04
   0.25466E-02   0.00000E+00   0.18923E-01   0.57952E-03   0.13139E-01
   0.78384E-01   0.00000E+00   0.00000E+00   0.00000E+00   0.56554E-01
   0.34879E-02   0.00000E+00   0.23125E-01   0.00000E+00   0.20227E-02
   0.87529E-03   0.14514E-09   0.00000E+00   0.63193E-04   0.55547E-02
   0.63332E-02   0.00000E+00   0.00000E+00   0.48550E-02   0.46260E-03
   0.86830E-01   0.00000E+00   0.11526E-01   0.00000E+00   0.35749E-03
   0.00000E+00   0.00000E+00   0.50637E+00   0.14737E-01   0.00000E+00
   0.25882E-02  -0.36020E-18   0.33845E-01   0.00000E+00   0.65494E-02
   0.15024E-01   0.00000E+00   0.00000E+00   0.00000E+00   0.00000E+00
   0.00000E+00   0.00000E+00   0.00000E+00   0.00000E+00   0.12638E+02
   0.00000E+00   0.00000E+00   0.00000E+00   0.88349E+02   0.00000E+00
   0.20688E+02   0.00000E+00   0.00000E+00  -0.67784E-15   0.00000E+00
   0.35624E+01   0.00000E+00   0.36114E+01   0.40852E+01   0.71848E+01
   0.12302E+01   0.00000E+00   0.38448E+00   0.61351E+01   0.00000E+00
   0.23480E+02   0.00000E+00   0.00000E+00  -0.63478E-15   0.00000E+00
   0.13199E+00   0.13203E-01   0.33070E+02   0.20689E+01  -0.19244E-15
   0.19126E+03   0.32282E+03   0.14229E+03   0.13226E+03   0.10089E+02
   0.10000E+01   0.10000E+01   0.10000E+01   0.10000E+01   0.10000E+01

   0.72814E+01   0.45999E+01   0.26254E+02   0.84664E+01   0.59372E+01
   0.29771E+00   0.00000E+00   0.34602E-01   0.76523E-01   0.14986E+00
   0.51435E-01   0.18344E-01   0.14701E+00   0.48008E-01   0.53795E-01
   0.33427E+00   0.29753E+00   0.37439E-01   0.27585E-01   0.28226E+00
   0.16581E+02   0.62019E+01   0.21475E+02   0.40910E+01   0.38839E+01
   0.54642E-02   0.21098E-03   0.25154E-05   0.68648E-04   0.43731E-02
   0.49399E+02   0.22487E+03   0.19471E+02   0.13801E+02   0.81289E+01
   0.19572E-02   0.12078E-02   0.10653E-01   0.11089E-02   0.19730E-02
   0.30363E-01   0.18584E-01   0.46248E-01   0.84453E-01   0.31208E-01
   0.87392E-01   0.33102E-03   0.45853E-01   0.48326E-01   0.45551E-01
   0.35684E+01   0.19804E+01   0.17808E+02   0.35172E+01   0.24004E+01
   0.24511E-02   0.60280E-03   0.57767E-02   0.13955E-02   0.30116E-02
   0.12194E+02   0.56067E+01   0.10569E+02   0.34839E+01   0.36639E+01
   0.38614E+02   0.20174E+02   0.13690E+02   0.84699E+01   0.87775E+01
   0.10229E+00   0.19204E-01   0.26900E+00   0.38519E-01   0.69969E-01
   0.34830E-02   0.11192E-02   0.35303E-02   0.27663E-02   0.46851E-02
   0.14150E-01   0.38927E-03   0.28811E-01   0.55522E-02   0.22107E-01
   0.16774E+00   0.12818E-01   0.73112E-02   0.11542E-01   0.14496E+00
   0.12523E-01   0.44126E-02   0.33741E-01   0.53521E-02   0.71962E-02
   0.63211E-02   0.30546E-02   0.45628E-03   0.27997E-02   0.10955E-01
   0.15221E-01   0.15311E-02   0.32617E-02   0.12934E-01   0.84270E-02
   0.20734E+00   0.10324E+00   0.77813E-01   0.21299E-01   0.58295E-01
   0.15898E+00   0.87679E-01   0.72007E+00   0.17183E+00   0.16986E-01
   0.13627E-01   0.32947E-02   0.46763E-01   0.60014E-02   0.14022E-01
   0.42987E+00   0.62594E-01   0.12721E+00   0.27637E+00   0.30389E+00
   0.24016E+01   0.17421E+01   0.11037E+01   0.19651E+01   0.16516E+02
   0.36091E+02   0.29463E+02   0.38550E+02   0.16207E+03   0.44852E+02
   0.14556E+03   0.20862E+02   0.26181E+02   0.56225E+02   0.10345E+03
   0.11815E+02   0.27007E+00   0.76495E+01   0.90658E+01   0.14740E+02
   0.67506E+01   0.18022E+01   0.52325E+01   0.11524E+02   0.45933E+01
   0.18592E+03   0.12732E+03   0.49614E+02   0.63471E+02   0.50232E+02
   0.10764E+02   0.58343E+01   0.47093E+02   0.12334E+02   0.51385E+01
   0.45292E+03   0.54451E+03   0.32324E+03   0.30594E+03   0.18149E+03
   0.10000E+01   0.10000E+01   0.10000E+01   0.10000E+01   0.10000E+01

   0.00000  -0.00000   0.60693   0.00000  -0.00000
   0.33492   0.00000   0.00000   0.01254   0.02794
   0.05736   0.00000   0.47727   0.05761   0.12827
   0.20255   0.31225   0.00000   0.00000   0.15108
   0.12475   0.00000   0.35665   0.00000   0.00000
   0.37690   0.00000   0.00000   0.00000   0.22943
   0.00000   0.76708   0.00000   0.00000   0.00000
   0.00151  -0.00000   0.64668  -0.00000   0.03428
   0.06616   0.01179   0.13840   0.32582   0.04196
   0.22742   0.00000   0.16883   0.13371   0.00000
   0.00000   0.00000   0.70176   0.00000   0.00000
   0.00069  -0.00000   0.33884   0.00000   0.00131
   0.16618   0.00000   0.20726   0.00000   0.00000
   0.21678   0.00000   0.00000   0.00000   0.00000
   0.07639  -0.00000   0.54295   0.00000   0.08675
   0.08650  -0.00000   0.14374   0.00000   0.00533
   0.04939   0.00000   0.36531   0.01128   0.25224
   0.35095   0.00000   0.00000   0.00000   0.25132
   0.08575   0.00000   0.56950   0.00000   0.05783
   0.08842   0.00000   0.00000   0.00451   0.38602
   0.26884   0.00000   0.00000   0.20591   0.01970
   0.33477   0.00000   0.04471   0.00000   0.00137
   0.00000   0.00000   0.66332   0.01947   0.00000
   0.04554  -0.00000   0.59596   0.00000   0.11499
   0.03816   0.00000   0.00000   0.00000   0.00000
   0.00000   0.00000   0.00000   0.00000   0.78100
   0.00000   0.00000   0.00000   0.55436   0.00000
   0.15853   0.00000   0.00000  -0.00000   0.00000
   0.12234   0.00000   0.12292   0.13945   0.24344
   0.07297   0.00000   0.02262   0.36243   0.00000
   0.13936   0.00000   0.00000  -0.00000   0.00000
   0.00260   0.00026   0.65623   0.04107  -0.00000
   0.15406   0.25844   0.11351   0.10567   0.00812
   1.00000   1.00000   1.00000   1.00000   1.00000

   0.31225   0.19694   1.00000   0.35548   0.25602
   0.92780   0.00000   0.10846   0.23868   0.46834
   0.24301   0.08660   0.69431   0.22689   0.25382
   0.46686   0.42179   0.05317   0.03922   0.39599
   0.60215   0.23402   0.75696   0.15259   0.14412
   0.77057   0.03053   0.00038   0.01025   0.62310
   0.23292   1.00000   0.09194   0.06482   0.03802
   0.22393   0.14545   0.94940   0.12451   0.22952
   0.24119   0.14733   0.36667   0.66394   0.24773
   0.62053   0.00239   0.32457   0.34637   0.32345
   0.21998   0.12305   1.00000   0.21891   0.14942
   0.37601   0.09124   0.74633   0.22084   0.37141
   0.68991   0.32792   0.59373   0.20217   0.21129
   0.97369   0.53439   0.35436   0.21966   0.22700
   0.30554   0.05778   0.80256   0.11580   0.20891
   0.74907   0.24625   0.51362   0.34003   0.65953
   0.27164   0.00759   0.55554   0.10780   0.42765
   0.74546   0.05793   0.03384   0.05324   0.64905
   0.30770   0.10852   0.82852   0.13186   0.17690
   0.43928   0.17300   0.02937   0.19614   0.77720
   0.64309   0.06521   0.13807   0.46539   0.36845
   0.80807   0.39742   0.30361   0.08304   0.22621
   0.20850   0.11484   0.95130   0.22736   0.02237
   0.23932   0.05807   0.81810   0.10610   0.24576
   0.95894   0.15024   0.29594   0.61192   0.71513
   0.14805   0.10739   0.06806   0.12107   1.00000
   0.22631   0.18465   0.24169   1.00000   0.28095
   0.98553   0.15433   0.18853   0.38740   0.73658
   0.39840   0.00927   0.26022   0.30715   0.50320
   0.38821   0.10532   0.29985   0.67985   0.27163
   0.99253   0.71337   0.26870   0.33642   0.27476
   0.21337   0.11558   0.93489   0.24595   0.10145
   0.36160   0.43877   0.25844   0.24473   0.14505
   1.00000   1.00000   1.00000   1.00000   1.00000
