
       0      -0.009
    0    0    0    0    0
    0    0    0    0    0
    0    0    0    0    0
    0    0    0    0    0


   0.00000E+00  -0.36997E-15   0.15669E+02   0.00000E+00   0.00000E+00
   0.12841E+00   0.00000E+00   0.00000E+00   0.12694E-01   0.77136E-01
   0.15924E-01   0.31076E-03   0.10724E+00   0.15735E-01   0.31597E-01
   0.19769E+00   0.24598E+00   0.00000E+00   0.00000E+00   0.18536E+00
   0.72350E+01   0.13190E-01   0.12072E+02   0.00000E+00   0.00000E+00
   0.30232E-02   0.00000E+00   0.00000E+00   0.00000E+00   0.28901E-02
   0.26465E-09   0.17515E+03   0.00000E+00   0.00000E+00   0.00000E+00
   0.11455E-03  -0.12528E-18   0.58528E-02   0.00000E+00   0.29752E-03
   0.12172E-01   0.27790E-02   0.19855E-01   0.48044E-01   0.78225E-02
   0.36144E-01   0.00000E+00   0.28147E-01   0.24000E-01   0.19610E-01
   0.00000E+00   0.00000E+00   0.11775E+02   0.00000E+00   0.00000E+00
   0.23168E-03  -0.67670E-19   0.31988E-02   0.16939E-04   0.75684E-03
   0.55679E+01   0.82165E+00   0.52073E+01   0.00000E+00   0.00000E+00
   0.17963E+02   0.40437E+01   0.26529E+01   0.00000E+00   0.00000E+00
   0.35034E-01   0.00000E+00   0.19440E+00   0.18633E-02   0.38248E-01
   0.10751E-02   0.00000E+00   0.12985E-02   0.00000E+00   0.13979E-02
   0.39511E-02   0.00000E+00   0.20382E-01   0.13699E-02   0.16792E-01
   0.89864E-01   0.00000E+00   0.00000E+00   0.00000E+00   0.98438E-01
   0.39505E-02   0.00000E+00   0.24617E-01   0.47665E-04   0.20227E-02
   0.32615E-02   0.44826E-03   0.00000E+00   0.65107E-03   0.63881E-02
   0.64568E-02   0.00000E+00   0.26451E-03   0.50252E-02   0.30997E-02
   0.13470E+00   0.23714E-01   0.25358E-01   0.00000E+00   0.12276E-01
   0.93630E-02   0.00000E+00   0.53356E+00   0.54138E-01   0.00000E+00
   0.31950E-02  -0.24973E-18   0.35445E-01   0.00000E+00   0.81063E-02
   0.95998E-01   0.00000E+00   0.00000E+00   0.22149E-01   0.78313E-01
   0.00000E+00   0.15512E+00   0.00000E+00   0.00000E+00   0.13618E+02
   0.00000E+00   0.00000E+00   0.00000E+00   0.10205E+03   0.00000E+00
   0.48196E+02   0.00000E+00   0.00000E+00   0.00000E+00   0.37214E+02
   0.44983E+01   0.00000E+00   0.41018E+01   0.47930E+01   0.10011E+02
   0.27396E+01   0.00000E+00   0.74105E+00   0.70313E+01   0.81269E+00
   0.76909E+02   0.34142E+02   0.00000E+00   0.00000E+00   0.00000E+00
   0.75101E+00   0.47659E+00   0.34831E+02   0.38240E+01   0.00000E+00
   0.28371E+03   0.36640E+03   0.17830E+03   0.15728E+03   0.44422E+02
   0.10000E+01   0.10000E+01   0.10000E+01   0.10000E+01   0.10000E+01

   0.42594E+01   0.23989E+01   0.23372E+02   0.45214E+01   0.31117E+01
   0.19951E+00   0.00000E+00   0.21418E-01   0.70382E-01   0.14037E+00
   0.37462E-01   0.10787E-01   0.13940E+00   0.39131E-01   0.47215E-01
   0.27882E+00   0.27614E+00   0.11730E-01   0.18274E-01   0.25710E+00
   0.12945E+02   0.29095E+01   0.18474E+02   0.23815E+01   0.20882E+01
   0.42176E-02   0.00000E+00   0.00000E+00   0.00000E+00   0.40069E-02
   0.30947E+02   0.21096E+03   0.10387E+02   0.10486E+02   0.62003E+01
   0.14834E-02   0.61069E-03   0.75020E-02   0.77004E-03   0.13323E-02
   0.21367E-01   0.14232E-01   0.32609E-01   0.76695E-01   0.25896E-01
   0.56367E-01   0.00000E+00   0.40124E-01   0.41092E-01   0.41677E-01
   0.21619E+01   0.12201E+01   0.16470E+02   0.22693E+01   0.15128E+01
   0.13575E-02   0.23411E-03   0.47397E-02   0.13955E-02   0.19927E-02
   0.93835E+01   0.29377E+01   0.86301E+01   0.19226E+01   0.22812E+01
   0.29465E+02   0.11524E+02   0.92323E+01   0.33439E+01   0.48155E+01
   0.76081E-01   0.30028E-02   0.25434E+00   0.33911E-01   0.60277E-01
   0.25822E-02   0.90165E-04   0.24307E-02   0.44766E-04   0.25783E-02
   0.87105E-02   0.00000E+00   0.26922E-01   0.52664E-02   0.20981E-01
   0.12722E+00   0.00000E+00   0.00000E+00   0.32529E-02   0.13292E+00
   0.97057E-02   0.25150E-02   0.32092E-01   0.52856E-02   0.59636E-02
   0.57138E-02   0.15306E-02   0.15912E-08   0.24817E-02   0.89259E-02
   0.11802E-01   0.00000E+00   0.24771E-02   0.10644E-01   0.77701E-02
   0.17876E+00   0.59976E-01   0.58431E-01   0.11926E-01   0.44602E-01
   0.10932E+00   0.53763E-01   0.69040E+00   0.13052E+00   0.00000E+00
   0.10277E-01   0.16089E-02   0.45265E-01   0.47731E-02   0.12087E-01
   0.23260E+00   0.13712E-01   0.54057E-01   0.17521E+00   0.22540E+00
   0.86033E+00   0.11929E+01   0.45910E+00   0.15499E+01   0.16046E+02
   0.13520E+02   0.22449E+02   0.15049E+02   0.15826E+03   0.34836E+02
   0.92901E+02   0.48482E+01   0.93279E+01   0.29937E+02   0.80968E+02
   0.74660E+01   0.00000E+00   0.60551E+01   0.83316E+01   0.14042E+02
   0.47617E+01   0.13114E+01   0.21490E+01   0.10750E+02   0.38207E+01
   0.13875E+03   0.80854E+02   0.21500E+02   0.29147E+02   0.22238E+02
   0.71420E+01   0.39182E+01   0.45119E+02   0.96409E+01   0.32688E+01
   0.39966E+03   0.45183E+03   0.27470E+03   0.25675E+03   0.15741E+03
   0.10000E+01   0.10000E+01   0.10000E+01   0.10000E+01   0.10000E+01

   0.00000  -0.00000   0.72191   0.00000   0.00000
   0.40227   0.00000   0.00000   0.04035   0.24013
   0.07520   0.00147   0.50568   0.07430   0.14918
   0.27932   0.34504   0.00000   0.00000   0.25889
   0.27416   0.00049   0.46097   0.00000   0.00000
   0.43317   0.00000   0.00000   0.00000   0.40661
   0.00000   0.84504   0.00000   0.00000   0.00000
   0.01348  -0.00000   0.67967   0.00000   0.03499
   0.09652   0.02203   0.15741   0.38099   0.06202
   0.25743   0.00000   0.19954   0.17114   0.13887
   0.00000   0.00000   0.76018   0.00000   0.00000
   0.03671  -0.00000   0.49266   0.00263   0.11192
   0.33072   0.04812   0.30818   0.00000   0.00000
   0.49103   0.10823   0.07101   0.00000   0.00000
   0.10471   0.00000   0.58256   0.00561   0.11493
   0.24834   0.00000   0.25433   0.00000   0.26354
   0.07648   0.00000   0.39467   0.02665   0.32451
   0.40694   0.00000   0.00000   0.00000   0.43621
   0.09728   0.00000   0.60419   0.00117   0.04998
   0.22605   0.03083   0.00000   0.04668   0.44031
   0.29732   0.00000   0.01218   0.21446   0.13186
   0.52235   0.09248   0.09841   0.00000   0.04734
   0.01222   0.00000   0.69876   0.07149   0.00000
   0.05616  -0.00000   0.62521   0.00000   0.14312
   0.24002   0.00000   0.00000   0.05562   0.19116
   0.00000   0.00956   0.00000   0.00000   0.84188
   0.00000   0.00000   0.00000   0.63997   0.00000
   0.36574   0.00000   0.00000   0.00000   0.27560
   0.15393   0.00000   0.13973   0.16356   0.33976
   0.16223   0.00000   0.04372   0.41510   0.04772
   0.45397   0.20165   0.00000   0.00000   0.00000
   0.01483   0.00941   0.68956   0.07562   0.00000
   0.22697   0.29262   0.14231   0.12567   0.03555
   1.00000   1.00000   1.00000   1.00000   1.00000

   0.18957   0.10612   1.00000   0.19861   0.13856
   0.62058   0.00000   0.06692   0.21933   0.43875
   0.17687   0.05093   0.65789   0.18475   0.22287
   0.38942   0.38685   0.01666   0.02595   0.35965
   0.48064   0.10996   0.68083   0.08928   0.07826
   0.59339   0.00000   0.00000   0.00000   0.56683
   0.14683   0.98444   0.04930   0.04967   0.02934
   0.17184   0.07066   0.87272   0.08972   0.15447
   0.16961   0.11287   0.25878   0.60714   0.20553
   0.39977   0.00000   0.28522   0.29142   0.29550
   0.13500   0.07628   0.99639   0.14209   0.09477
   0.20973   0.03710   0.69813   0.20638   0.29137
   0.54250   0.17332   0.49978   0.11235   0.13330
   0.76849   0.31200   0.24553   0.08879   0.12773
   0.22727   0.00905   0.75945   0.10142   0.18007
   0.41772   0.01691   0.38831   0.00843   0.43523
   0.16842   0.00000   0.52110   0.10177   0.40577
   0.56379   0.00000   0.00000   0.01494   0.59306
   0.23883   0.06181   0.78854   0.13059   0.14677
   0.39383   0.10414   0.00000   0.17312   0.62106
   0.49906   0.00000   0.10462   0.45141   0.32925
   0.69289   0.23165   0.22784   0.04646   0.17311
   0.14313   0.07040   0.90292   0.17181   0.00000
   0.18038   0.02834   0.79394   0.08385   0.21227
   0.55654   0.03339   0.12990   0.41440   0.54444
   0.05307   0.07356   0.02831   0.09555   0.98821
   0.08477   0.14071   0.09433   0.99214   0.21838
   0.67714   0.03603   0.06901   0.21704   0.59668
   0.25290   0.00000   0.20608   0.28321   0.47811
   0.27847   0.07742   0.12689   0.63468   0.22628
   0.77920   0.47002   0.12294   0.16410   0.12795
   0.14127   0.07745   0.89126   0.19089   0.06456
   0.31923   0.36195   0.21957   0.20521   0.12580
   1.00000   1.00000   1.00000   1.00000   1.00000
