
       0      -0.009
    0    0    0    0    0
    0    0    0    0    0
    0    0    0    0    0
    0    0    0    0    0


   0.00000E+00  -0.36997E-15   0.13586E+02  -0.52091E-16  -0.22565E-15
   0.11319E+00   0.00000E+00   0.00000E+00   0.97880E-02   0.15566E-01
   0.13516E-01   0.00000E+00   0.10294E+00   0.13816E-01   0.30335E-01
   0.17380E+00   0.23209E+00   0.00000E+00   0.00000E+00   0.11943E+00
   0.45914E+01   0.00000E+00   0.10213E+02   0.00000E+00   0.00000E+00
   0.27903E-02   0.00000E+00   0.00000E+00   0.00000E+00   0.18350E-02
   0.00000E+00   0.16439E+03  -0.15731E-21   0.00000E+00   0.00000E+00
   0.72468E-04  -0.12528E-18   0.55888E-02  -0.53877E-25   0.18234E-03
   0.10298E-01   0.16653E-02   0.18225E-01   0.44129E-01   0.60885E-02
   0.32794E-01   0.00000E+00   0.25457E-01   0.21955E-01   0.17830E-02
  -0.70878E-16   0.00000E+00   0.10807E+02  -0.38338E-16  -0.17846E-16
   0.17222E-03  -0.67670E-19   0.14643E-02   0.91055E-10   0.64614E-03
   0.36825E+01   0.00000E+00   0.41354E+01   0.00000E+00   0.00000E+00
   0.10601E+02  -0.36428E-15   0.00000E+00   0.00000E+00   0.00000E+00
   0.28950E-01   0.00000E+00   0.18545E+00   0.00000E+00   0.30252E-01
   0.30736E-03   0.00000E+00   0.17740E-03   0.00000E+00   0.45010E-03
   0.29860E-02   0.00000E+00   0.19310E-01   0.11542E-02   0.14542E-01
   0.83162E-01   0.00000E+00   0.00000E+00   0.00000E+00   0.64880E-01
   0.39505E-02   0.00000E+00   0.23731E-01   0.00000E+00   0.20227E-02
   0.87529E-03   0.14514E-09   0.00000E+00   0.63193E-04   0.55666E-02
   0.64568E-02   0.00000E+00   0.00000E+00   0.48562E-02   0.80466E-03
   0.99630E-01   0.29341E-02   0.15384E-01   0.00000E+00   0.16980E-02
   0.00000E+00   0.00000E+00   0.51445E+00   0.40637E-01   0.00000E+00
   0.27609E-02  -0.24973E-18   0.34264E-01   0.00000E+00   0.70459E-02
   0.45963E-01   0.00000E+00   0.00000E+00   0.00000E+00   0.00000E+00
   0.00000E+00   0.00000E+00   0.00000E+00   0.00000E+00   0.13109E+02
   0.00000E+00   0.00000E+00   0.00000E+00   0.94233E+02   0.00000E+00
   0.31554E+02   0.00000E+00   0.00000E+00   0.00000E+00   0.42171E+01
   0.38732E+01   0.00000E+00   0.37539E+01   0.44139E+01   0.74602E+01
   0.16688E+01   0.00000E+00   0.53347E+00   0.64910E+01   0.00000E+00
   0.41344E+02   0.10014E+02   0.00000E+00   0.00000E+00   0.00000E+00
   0.30102E+00   0.12264E+00   0.33602E+02   0.31192E+01  -0.14596E-16
   0.21887E+03   0.33072E+03   0.15469E+03   0.14428E+03   0.13886E+02
   0.10000E+01   0.10000E+01   0.10000E+01   0.10000E+01   0.10000E+01

   0.61758E+01   0.37968E+01   0.25233E+02   0.69732E+01   0.48964E+01
   0.27099E+00   0.00000E+00   0.29010E-01   0.74811E-01   0.14930E+00
   0.46185E-01   0.14504E-01   0.14463E+00   0.46010E-01   0.51447E-01
   0.32641E+00   0.28239E+00   0.29272E-01   0.25742E-01   0.27446E+00
   0.15174E+02   0.51121E+01   0.20418E+02   0.34573E+01   0.33093E+01
   0.51788E-02   0.50746E-04   0.00000E+00   0.20408E-04   0.42449E-02
   0.42450E+02   0.22014E+03   0.16236E+02   0.12638E+02   0.74130E+01
   0.19572E-02   0.86574E-03   0.10653E-01   0.11089E-02   0.16256E-02
   0.25338E-01   0.16987E-01   0.40218E-01   0.82513E-01   0.29279E-01
   0.78610E-01   0.00000E+00   0.44001E-01   0.42184E-01   0.44393E-01
   0.30726E+01   0.16604E+01   0.17336E+02   0.30729E+01   0.20768E+01
   0.20690E-02   0.42808E-03   0.47397E-02   0.13955E-02   0.27491E-02
   0.11034E+02   0.48099E+01   0.99020E+01   0.28953E+01   0.32102E+01
   0.34588E+02   0.17630E+02   0.12130E+02   0.65889E+01   0.74675E+01
   0.92034E-01   0.12861E-01   0.26530E+00   0.35553E-01   0.66972E-01
   0.32845E-02   0.43486E-03   0.26603E-02   0.48411E-03   0.46851E-02
   0.11828E-01   0.46905E-04   0.28168E-01   0.53265E-02   0.21754E-01
   0.15817E+00   0.57398E-02   0.37517E-02   0.87762E-02   0.14036E+00
   0.11624E-01   0.35922E-02   0.33317E-01   0.52856E-02   0.68162E-02
   0.60013E-02   0.30546E-02   0.17803E-03   0.26609E-02   0.10955E-01
   0.14379E-01   0.10394E-02   0.32463E-02   0.12934E-01   0.83900E-02
   0.19475E+00   0.92328E-01   0.71482E-01   0.18235E-01   0.54632E-01
   0.14183E+00   0.72267E-01   0.70787E+00   0.15938E+00   0.75912E-02
   0.12222E-01   0.24766E-02   0.46474E-01   0.54174E-02   0.13314E-01
   0.36243E+00   0.41810E-01   0.98754E-01   0.23986E+00   0.27484E+00
   0.17500E+01   0.15030E+01   0.77050E+00   0.18178E+01   0.16412E+02
   0.25634E+02   0.26907E+02   0.29993E+02   0.16133E+03   0.41515E+02
   0.13058E+03   0.14193E+02   0.19623E+02   0.46923E+02   0.94968E+02
   0.10519E+02   0.58341E-01   0.68232E+01   0.88170E+01   0.14332E+02
   0.59035E+01   0.17623E+01   0.40296E+01   0.11181E+02   0.43237E+01
   0.16525E+03   0.11368E+03   0.39356E+02   0.49776E+02   0.40313E+02
   0.94725E+01   0.50528E+01   0.45980E+02   0.11540E+02   0.44908E+01
   0.43188E+03   0.52569E+03   0.30695E+03   0.28077E+03   0.17475E+03
   0.10000E+01   0.10000E+01   0.10000E+01   0.10000E+01   0.10000E+01

   0.00000   0.00000   0.64707  -0.00000  -0.00000
   0.35505   0.00000   0.00000   0.03119   0.04870
   0.06386   0.00000   0.48535   0.06540   0.14302
   0.24600   0.32702   0.00000   0.00000   0.16887
   0.17632   0.00000   0.39607   0.00000   0.00000
   0.39679   0.00000   0.00000   0.00000   0.26459
   0.00000   0.79941  -0.00000   0.00000   0.00000
   0.00833   0.00000   0.65430  -0.00000   0.01635
   0.08151   0.01319   0.14443   0.35010   0.04801
   0.23436   0.00000   0.18027   0.15702   0.01268
  -0.00000   0.00000   0.72298  -0.00000  -0.00000
   0.03676   0.00000   0.23523   0.00000   0.11192
   0.22184   0.00000   0.24633   0.00000   0.00000
   0.29549  -0.00000   0.00000   0.00000   0.00000
   0.08606   0.00000   0.55498   0.00000   0.09097
   0.05115   0.00000   0.04177   0.00000   0.16029
   0.05786   0.00000   0.37330   0.02243   0.27911
   0.37248   0.00000   0.00000   0.00000   0.29081
   0.10130   0.00000   0.58085   0.00000   0.06514
   0.05664   0.00000   0.00000   0.00451   0.37158
   0.31088   0.00000   0.00000   0.21839   0.03406
   0.38391   0.01147   0.05986   0.00000   0.00652
   0.00000   0.00000   0.67406   0.05379   0.00000
   0.04855   0.00000   0.60375   0.00000   0.12446
   0.11654   0.00000   0.00000   0.00000   0.00000
   0.00000   0.00000   0.00000   0.00000   0.81024
   0.00000   0.00000   0.00000   0.59097   0.00000
   0.24147   0.00000   0.00000   0.00000   0.03114
   0.13298   0.00000   0.12768   0.15061   0.25272
   0.09899   0.00000   0.03140   0.37710   0.00000
   0.24504   0.05884   0.00000   0.00000   0.00000
   0.00593   0.00244   0.66645   0.06174  -0.00000
   0.17600   0.26409   0.12342   0.11531   0.01117
   1.00000   1.00000   1.00000   1.00000   1.00000

   0.26885   0.16500   1.00000   0.29945   0.21395
   0.84537   0.00000   0.09088   0.23329   0.46764
   0.21818   0.06849   0.68233   0.21735   0.24277
   0.45790   0.39969   0.04159   0.03659   0.38324
   0.55589   0.19373   0.73260   0.12918   0.12330
   0.73541   0.00730   0.00000   0.00304   0.60321
   0.20059   0.99832   0.07688   0.05958   0.03483
   0.22700   0.10220   0.95545   0.12860   0.18840
   0.20133   0.13468   0.31929   0.65065   0.23240
   0.55768   0.00000   0.31406   0.29856   0.31508
   0.19039   0.10333   1.00000   0.19188   0.12967
   0.33235   0.06609   0.74397   0.20638   0.41526
   0.62865   0.28330   0.56320   0.16846   0.18610
   0.88586   0.47426   0.31771   0.17220   0.19507
   0.27499   0.03870   0.79168   0.10647   0.20008
   0.56088   0.13296   0.40944   0.09694   0.77967
   0.22702   0.00091   0.54428   0.10346   0.42077
   0.70899   0.02593   0.01734   0.04043   0.62752
   0.28611   0.08822   0.81819   0.11837   0.16760
   0.40059   0.19766   0.01248   0.18637   0.77720
   0.60899   0.04419   0.12061   0.48143   0.35605
   0.75891   0.35559   0.27893   0.07106   0.21192
   0.18584   0.09455   0.92473   0.21064   0.01000
   0.21463   0.04364   0.81302   0.09568   0.23348
   0.84890   0.10097   0.23247   0.54403   0.65337
   0.10797   0.09266   0.04752   0.11206   0.99930
   0.16077   0.16862   0.18808   1.00000   0.26005
   0.92785   0.10522   0.14315   0.32938   0.68498
   0.35558   0.00200   0.23233   0.29909   0.48932
   0.34185   0.10288   0.23410   0.65924   0.25554
   0.90526   0.64811   0.21788   0.26968   0.22474
   0.18764   0.10001   0.90822   0.22990   0.08867
   0.34490   0.42303   0.24538   0.22457   0.13968
   1.00000   1.00000   1.00000   1.00000   1.00000
