
       0      -0.009
    0    0    0    0    0
    0    0    0    0    0
    0    0    0    0    0
    0    0    0    0    0


   0.00000E+00  -0.36997E-15   0.14722E+02   0.00000E+00   0.00000E+00
   0.12212E+00   0.00000E+00   0.00000E+00   0.10484E-01   0.46121E-01
   0.14668E-01   0.00000E+00   0.10509E+00   0.14727E-01   0.30986E-01
   0.18833E+00   0.24220E+00   0.00000E+00   0.00000E+00   0.15127E+00
   0.62818E+01   0.00000E+00   0.11239E+02   0.00000E+00   0.00000E+00
   0.29097E-02   0.00000E+00   0.00000E+00   0.00000E+00   0.23401E-02
   0.26465E-09   0.17034E+03   0.00000E+00   0.00000E+00   0.00000E+00
   0.11455E-03  -0.12528E-18   0.56800E-02   0.00000E+00   0.29752E-03
   0.11543E-01   0.19511E-02   0.19093E-01   0.46551E-01   0.70195E-02
   0.34217E-01   0.00000E+00   0.26933E-01   0.22493E-01   0.10318E-01
   0.00000E+00   0.00000E+00   0.11335E+02   0.00000E+00   0.00000E+00
   0.17836E-03  -0.67670E-19   0.30955E-02   0.16939E-04   0.75684E-03
   0.48337E+01   0.41157E+00   0.47179E+01   0.00000E+00   0.00000E+00
   0.14412E+02   0.25538E+01   0.14976E+01   0.00000E+00   0.00000E+00
   0.32027E-01   0.00000E+00   0.19001E+00   0.33663E-03   0.34646E-01
   0.10751E-02   0.00000E+00   0.10213E-02   0.00000E+00   0.13979E-02
   0.34686E-02   0.00000E+00   0.19848E-01   0.12200E-02   0.15757E-01
   0.86197E-01   0.00000E+00   0.00000E+00   0.00000E+00   0.80928E-01
   0.39505E-02   0.00000E+00   0.24099E-01   0.00000E+00   0.20227E-02
   0.28459E-02   0.39485E-04   0.00000E+00   0.51724E-03   0.63881E-02
   0.64568E-02   0.00000E+00   0.23114E-03   0.48562E-02   0.14816E-02
   0.11915E+00   0.15608E-01   0.20814E-01   0.00000E+00   0.74221E-02
   0.33105E-02   0.00000E+00   0.52396E+00   0.53960E-01   0.00000E+00
   0.29631E-02  -0.24973E-18   0.34837E-01   0.00000E+00   0.77201E-02
   0.74030E-01   0.00000E+00   0.00000E+00   0.00000E+00   0.43952E-01
   0.00000E+00   0.00000E+00   0.00000E+00   0.00000E+00   0.13430E+02
   0.00000E+00   0.00000E+00   0.00000E+00   0.99205E+02   0.00000E+00
   0.41140E+02   0.00000E+00   0.00000E+00   0.00000E+00   0.23596E+02
   0.41749E+01   0.00000E+00   0.39107E+01   0.46512E+01   0.87228E+01
   0.22003E+01   0.00000E+00   0.65585E+00   0.68584E+01   0.21055E+00
   0.61147E+02   0.24774E+02   0.00000E+00   0.00000E+00   0.00000E+00
   0.47212E+00   0.24095E+00   0.34217E+02   0.35496E+01   0.00000E+00
   0.25981E+03   0.35009E+03   0.16753E+03   0.15211E+03   0.30810E+02
   0.10000E+01   0.10000E+01   0.10000E+01   0.10000E+01   0.10000E+01

   0.51070E+01   0.30259E+01   0.24239E+02   0.55811E+01   0.39182E+01
   0.23818E+00   0.00000E+00   0.24933E-01   0.72797E-01   0.14498E+00
   0.41189E-01   0.12129E-01   0.14249E+00   0.42957E-01   0.48970E-01
   0.30266E+00   0.27614E+00   0.20508E-01   0.22617E-01   0.26625E+00
   0.13936E+02   0.39957E+01   0.19393E+02   0.28847E+01   0.27199E+01
   0.47273E-02   0.00000E+00   0.00000E+00   0.00000E+00   0.41285E-02
   0.36187E+02   0.21538E+03   0.12785E+02   0.11465E+02   0.67393E+01
   0.16992E-02   0.61069E-03   0.97108E-02   0.96909E-03   0.15436E-02
   0.22945E-01   0.15653E-01   0.35140E-01   0.80346E-01   0.27745E-01
   0.68332E-01   0.00000E+00   0.41879E-01   0.42184E-01   0.43244E-01
   0.25724E+01   0.14028E+01   0.16887E+02   0.26155E+01   0.17654E+01
   0.14731E-02   0.29275E-03   0.47397E-02   0.13955E-02   0.27485E-02
   0.10111E+02   0.38800E+01   0.92223E+01   0.23703E+01   0.27340E+01
   0.31602E+02   0.14804E+02   0.10593E+02   0.48487E+01   0.61005E+01
   0.82848E-01   0.65906E-02   0.26059E+00   0.34543E-01   0.63729E-01
   0.29486E-02   0.24244E-03   0.24812E-02   0.62680E-04   0.29416E-02
   0.96861E-02   0.00000E+00   0.27721E-01   0.52664E-02   0.21370E-01
   0.14312E+00   0.14836E-03   0.10580E-02   0.58661E-02   0.13662E+00
   0.10579E-01   0.30246E-02   0.32765E-01   0.52856E-02   0.63897E-02
   0.57138E-02   0.20935E-02   0.61281E-04   0.25690E-02   0.99116E-02
   0.13263E-01   0.26480E-03   0.32463E-02   0.10708E-01   0.81536E-02
   0.18470E+00   0.78352E-01   0.64819E-01   0.14859E-01   0.49935E-01
   0.12322E+00   0.61242E-01   0.69941E+00   0.14389E+00   0.00000E+00
   0.11485E-01   0.19507E-02   0.46149E-01   0.49344E-02   0.12629E-01
   0.28797E+00   0.25054E-01   0.74330E-01   0.20420E+00   0.24755E+00
   0.12619E+01   0.13201E+01   0.57273E+00   0.16749E+01   0.16299E+02
   0.18455E+02   0.24563E+02   0.20411E+02   0.16035E+03   0.38242E+02
   0.11009E+03   0.86922E+01   0.13620E+02   0.37550E+02   0.87336E+02
   0.90527E+01   0.52443E-02   0.63502E+01   0.85619E+01   0.14217E+02
   0.53719E+01   0.14468E+01   0.27787E+01   0.11069E+02   0.40529E+01
   0.14953E+03   0.97138E+02   0.29467E+02   0.38392E+02   0.30467E+02
   0.81362E+01   0.44071E+01   0.45506E+02   0.10528E+02   0.38371E+01
   0.41346E+03   0.49057E+03   0.29023E+03   0.26568E+03   0.16838E+03
   0.10000E+01   0.10000E+01   0.10000E+01   0.10000E+01   0.10000E+01

   0.00000   0.00000   0.68795   0.00000   0.00000
   0.38343   0.00000   0.00000   0.03337   0.14367
   0.06928   0.00000   0.49552   0.06959   0.14610
   0.26442   0.34005   0.00000   0.00000   0.21201
   0.23953   0.00000   0.43229   0.00000   0.00000
   0.41678   0.00000   0.00000   0.00000   0.33112
   0.00000   0.82756   0.00000   0.00000   0.00000
   0.01414   0.00000   0.66207   0.00000   0.03777
   0.09144   0.01548   0.15134   0.36921   0.05550
   0.24408   0.00000   0.19084   0.16056   0.07316
   0.00000   0.00000   0.74313   0.00000   0.00000
   0.02758   0.00000   0.49051   0.00634   0.11192
   0.28885   0.02405   0.28022   0.00000   0.00000
   0.39803   0.06806   0.04001   0.00000   0.00000
   0.09574   0.00000   0.56906   0.00101   0.10346
   0.22953   0.00000   0.20828   0.00000   0.25932
   0.06717   0.00000   0.38409   0.02373   0.30347
   0.39201   0.00000   0.00000   0.00000   0.36120
   0.10827   0.00000   0.59111   0.00000   0.06129
   0.20538   0.00273   0.00000   0.03732   0.43570
   0.31904   0.00000   0.00979   0.20508   0.06291
   0.45961   0.06092   0.08080   0.00000   0.02854
   0.00433   0.00000   0.68638   0.07058   0.00000
   0.05212   0.00000   0.61419   0.00000   0.13551
   0.18662   0.00000   0.00000   0.00000   0.10637
   0.00000   0.00000   0.00000   0.00000   0.83078
   0.00000   0.00000   0.00000   0.62246   0.00000
   0.31395   0.00000   0.00000   0.00000   0.17404
   0.14312   0.00000   0.13319   0.15879   0.29532
   0.13044   0.00000   0.03871   0.40510   0.01228
   0.36179   0.14628   0.00000   0.00000   0.00000
   0.00932   0.00478   0.67802   0.07026   0.00000
   0.20821   0.27954   0.13369   0.12158   0.02472
   1.00000   1.00000   1.00000   1.00000   1.00000

   0.22535   0.13284   1.00000   0.24245   0.17306
   0.74152   0.00000   0.07794   0.22693   0.45360
   0.19451   0.05727   0.67230   0.20287   0.23110
   0.42419   0.38704   0.02913   0.03213   0.37209
   0.51437   0.15171   0.70655   0.10797   0.10169
   0.66888   0.00000   0.00000   0.00000   0.58322
   0.17142   0.99335   0.06065   0.05425   0.03181
   0.19695   0.07090   0.92214   0.11349   0.17992
   0.18224   0.12406   0.27882   0.63523   0.22025
   0.48404   0.00000   0.29873   0.29932   0.30670
   0.16010   0.08750   1.00000   0.16369   0.11049
   0.22748   0.04530   0.69909   0.20638   0.37402
   0.58034   0.22959   0.53029   0.13824   0.15928
   0.81524   0.40162   0.28007   0.12783   0.16078
   0.24753   0.01984   0.77789   0.10331   0.19036
   0.50479   0.04531   0.41335   0.01177   0.45558
   0.18787   0.00000   0.53382   0.10161   0.41327
   0.63880   0.00067   0.00488   0.02699   0.60799
   0.26051   0.07428   0.80457   0.12378   0.15729
   0.37654   0.14335   0.00429   0.17957   0.68445
   0.56197   0.01128   0.13826   0.45475   0.34560
   0.71681   0.30193   0.25288   0.05789   0.19371
   0.16134   0.08013   0.91361   0.19000   0.00000
   0.20160   0.03437   0.80750   0.08697   0.22185
   0.68473   0.06081   0.17693   0.47412   0.59389
   0.07783   0.08138   0.03534   0.10324   0.99798
   0.11575   0.15389   0.12789   1.00000   0.23974
   0.79623   0.06455   0.10018   0.26846   0.63735
   0.30620   0.00018   0.21609   0.29072   0.48415
   0.31350   0.08451   0.16315   0.65313   0.23941
   0.82388   0.56282   0.16626   0.21220   0.17292
   0.16105   0.08714   0.89893   0.20952   0.07578
   0.33021   0.39403   0.23198   0.21210   0.13456
   1.00000   1.00000   1.00000   1.00000   1.00000
