
       0      -0.059
    0    0    0    0    0    0    0
    0    0    0    0    0    0    0
    0    8    8    0    0    0    8
    3   13   13    0    0    0   10


  -0.19278E-16   0.00000E+00   0.00000E+00  -0.25302E-15   0.00000E+00  -0.29377E-15   0.98762E+01
   0.36115E-02   0.00000E+00   0.50302E-02   0.00000E+00   0.00000E+00   0.15728E-01   0.00000E+00
   0.00000E+00   0.00000E+00   0.88572E-02   0.51903E-02   0.56345E-02   0.95973E-02   0.79527E-01
   0.00000E+00   0.83632E+01   0.00000E+00   0.00000E+00   0.00000E+00   0.00000E+00   0.00000E+00
   0.37476E-04   0.00000E+00   0.14656E-02   0.00000E+00   0.00000E+00   0.16389E-02   0.40732E-05
   0.00000E+00   0.00000E+00  -0.61163E-15   0.11954E+03  -0.13862E-14  -0.97407E-17  -0.37614E-15
   0.10657E-03   0.34697E-04   0.93126E-07   0.00000E+00   0.00000E+00   0.45254E-04   0.23568E-02
   0.43109E-02   0.00000E+00   0.00000E+00   0.00000E+00   0.97710E-02   0.13049E-01   0.80281E-02
   0.00000E+00   0.00000E+00   0.84794E-02   0.00000E+00   0.00000E+00   0.19607E-01   0.15022E-01
   0.00000E+00  -0.51543E-16  -0.33673E-15   0.00000E+00   0.00000E+00   0.00000E+00   0.83823E+01
   0.78896E-09   0.00000E+00   0.97111E-03   0.00000E+00   0.00000E+00   0.73322E-03   0.29087E-02
   0.00000E+00   0.00000E+00   0.46741E+01   0.00000E+00   0.00000E+00  -0.11523E-15   0.35095E+01
   0.00000E+00   0.00000E+00   0.13808E+02  -0.88423E-16   0.00000E+00   0.00000E+00   0.00000E+00
   0.00000E+00   0.62351E-01  -0.43122E-17   0.00000E+00   0.00000E+00   0.17780E-01   0.65956E-01
   0.43552E-02   0.00000E+00   0.89569E-03   0.00000E+00   0.00000E+00   0.00000E+00   0.58134E-03
   0.61889E-02   0.24840E-02  -0.71029E-18   0.00000E+00   0.00000E+00   0.16430E-01   0.21472E-02
   0.34092E-01   0.00000E+00   0.52841E-01   0.00000E+00   0.00000E+00   0.59520E-01   0.33544E-02
   0.26220E-03   0.00000E+00   0.51711E-02  -0.35774E-18   0.00000E+00   0.12982E-02   0.16228E-01
   0.00000E+00   0.00000E+00   0.00000E+00   0.00000E+00   0.92411E-03   0.91087E-03   0.00000E+00
   0.49065E-03   0.00000E+00   0.72714E-02   0.00000E+00   0.17168E-02   0.47787E-02   0.38823E-02
   0.00000E+00   0.00000E+00   0.76747E-01   0.28307E-01   0.00000E+00   0.49752E-02   0.57955E-02
   0.00000E+00   0.00000E+00   0.19303E-01   0.00000E+00   0.00000E+00   0.69339E-02   0.24769E+00
   0.00000E+00   0.00000E+00   0.10926E-01   0.00000E+00   0.00000E+00   0.14145E-02   0.25991E-01
   0.17370E-01   0.00000E+00   0.66186E-01   0.00000E+00   0.00000E+00   0.49072E-01   0.43603E-01
   0.22411E+02  -0.21996E-24  -0.65735E-33   0.00000E+00   0.00000E+00  -0.21957E-17   0.00000E+00
   0.00000E+00   0.00000E+00   0.00000E+00   0.00000E+00   0.81578E+02  -0.51942E-20   0.00000E+00
   0.00000E+00   0.00000E+00   0.00000E+00   0.00000E+00   0.00000E+00   0.74293E+02   0.00000E+00
   0.30354E+01   0.00000E+00   0.17562E+01   0.00000E+00   0.36180E+01   0.39531E+01   0.49965E+01
   0.00000E+00   0.10434E+01  -0.25680E-16  -0.78664E-17   0.53126E+01   0.15131E+01   0.18388E+01
   0.00000E+00   0.00000E+00   0.68630E+02   0.16779E+02   0.00000E+00   0.00000E+00   0.00000E+00
   0.00000E+00   0.24198E-01  -0.46213E-15   0.25439E+00   0.22068E+00   0.00000E+00   0.24066E+02
   0.35704E+02   0.70845E+02   0.12398E+03   0.24957E+03   0.79275E+02   0.79494E+02   0.96089E+02
   0.10000E+01   0.10000E+01   0.10000E+01   0.10000E+01   0.10000E+01   0.10000E+01   0.10000E+01

   0.65887E+01   0.86116E+01   0.21873E+01   0.23082E+01   0.66589E+01   0.35388E+01   0.20496E+02
   0.14979E-01   0.65117E-04   0.30246E-01   0.00000E+00   0.32068E-02   0.42138E-01   0.79242E-02
   0.30506E-01   0.50815E-01   0.41581E-01   0.17440E-01   0.38955E-01   0.37321E-01   0.13224E+00
   0.51116E+01   0.22124E+02   0.73795E+01   0.50392E+01   0.46576E+01   0.27752E+01   0.97299E+01
   0.12263E-02   0.13469E-03   0.47439E-02   0.39369E-04   0.53161E-03   0.47696E-02   0.11484E-02
   0.13172E+02   0.42060E+01   0.13297E+02   0.14515E+03   0.14348E+02   0.49545E+01   0.51242E+01
   0.22173E-02   0.41089E-02   0.17297E-02   0.52102E-03   0.37437E-05   0.19084E-02   0.55460E-02
   0.28381E-01   0.75996E-03   0.15042E-03   0.00000E+00   0.31478E-01   0.27737E-01   0.15874E-01
   0.49149E-02   0.15225E-01   0.38411E-01   0.39951E-02   0.36161E-02   0.51099E-01   0.30755E-01
   0.37829E+01   0.60887E+01   0.15220E+01   0.13253E+01   0.32503E+01   0.16221E+01   0.15468E+02
   0.23715E-02   0.25020E-02   0.39766E-02   0.65480E-04   0.62139E-03   0.37230E-02   0.60843E-02
   0.41358E+01   0.43407E+01   0.12522E+02   0.30242E+01   0.39545E+01   0.25257E+01   0.91067E+01
   0.80450E+01   0.12108E+02   0.32312E+02   0.98558E+01   0.84448E+01   0.58615E+01   0.74978E+01
   0.46249E-01   0.20934E+00   0.27777E-01   0.10491E-01   0.18521E-01   0.56231E-01   0.20850E+00
   0.66597E-02   0.28597E-02   0.40873E-02   0.14598E-03   0.24518E-11   0.10503E-02   0.33629E-02
   0.21756E-01   0.22011E-01   0.26439E-01   0.00000E+00   0.76382E-02   0.44075E-01   0.25323E-01
   0.79698E-01   0.11643E-01   0.16971E+00   0.19030E-02   0.82720E-02   0.17732E+00   0.46098E-01
   0.10944E-01   0.14880E-01   0.12998E-01   0.28007E-02   0.52468E-02   0.76286E-02   0.31359E-01
   0.54298E-03   0.50035E-05   0.10974E-04   0.47233E-05   0.26014E-02   0.32629E-02   0.62330E-03
   0.68370E-02   0.37804E-02   0.17266E-01   0.21260E-02   0.80101E-02   0.14378E-01   0.98824E-02
   0.29819E-01   0.57366E-01   0.15652E+00   0.71580E-01   0.41095E-01   0.40143E-01   0.50581E-01
   0.86578E-01   0.20496E+00   0.10228E+00   0.36111E-01   0.99304E-01   0.65314E-01   0.45921E+00
   0.95412E-02   0.15636E-01   0.24895E-01   0.27917E-02   0.56463E-02   0.10756E-01   0.43095E-01
   0.75863E-01   0.23068E-01   0.17937E+00   0.20208E-02   0.30427E-01   0.16166E+00   0.10107E+00
   0.30293E+02   0.38179E+01   0.21066E+01   0.42498E+01   0.55488E+01   0.38179E+01   0.19192E+01
   0.85547E+02   0.35719E+02   0.77092E+02   0.24981E+02   0.19756E+03   0.29709E+02   0.21233E+02
   0.63728E+02   0.52726E+02   0.85147E+02   0.35268E+02   0.71796E+02   0.18738E+03   0.49731E+02
   0.82628E+01   0.60290E+01   0.91854E+01   0.00000E+00   0.11508E+02   0.11706E+02   0.11917E+02
   0.39739E+01   0.54512E+01   0.29771E+01   0.39299E+00   0.11714E+02   0.44049E+01   0.75345E+01
   0.16234E+02   0.20604E+02   0.11069E+03   0.52227E+02   0.20364E+02   0.22916E+02   0.22192E+02
   0.91561E+01   0.19580E+02   0.32977E+01   0.44778E+01   0.12509E+02   0.49286E+01   0.46856E+02
   0.16365E+03   0.21465E+03   0.29892E+03   0.33744E+03   0.22978E+03   0.22509E+03   0.22962E+03
   0.10000E+01   0.10000E+01   0.10000E+01   0.10000E+01   0.10000E+01   0.10000E+01   0.10000E+01

  -0.00000   0.00000   0.00000  -0.00000   0.00000  -0.00000   0.53260
   0.06407   0.00000   0.08472   0.00000   0.00000   0.28080   0.00000
   0.00000   0.00000   0.05047   0.02964   0.03236   0.05481   0.45404
   0.00000   0.41068   0.00000   0.00000   0.00000   0.00000   0.00000
   0.00529   0.00000   0.20390   0.00000   0.00000   0.23107   0.00057
   0.00000   0.00000  -0.00000   0.86296  -0.00000  -0.00000  -0.00000
   0.01237   0.00506   0.00001   0.00000   0.00000   0.00660   0.26636
   0.06134   0.00000   0.00000   0.00000   0.14118   0.18539   0.11324
   0.00000   0.00000   0.11100   0.00000   0.00000   0.26266   0.19840
   0.00000  -0.00000  -0.00000   0.00000   0.00000   0.00000   0.57925
   0.00000   0.00000   0.11192   0.00000   0.00000   0.08110   0.33075
   0.00000   0.00000   0.30382   0.00000   0.00000  -0.00000   0.21891
   0.00000   0.00000   0.43738  -0.00000   0.00000   0.00000   0.00000
   0.00000   0.19379  -0.00000   0.00000   0.00000   0.05475   0.20449
   0.41300   0.00000   0.08046   0.00000   0.00000   0.00000   0.05272
   0.08378   0.03317  -0.00000   0.00000   0.00000   0.22031   0.02909
   0.11843   0.00000   0.17985   0.00000   0.00000   0.20671   0.01145
   0.00635   0.00000   0.12573  -0.00000   0.00000   0.03160   0.39273
   0.00000   0.00000   0.00000   0.00000   0.22071   0.40351   0.00000
   0.01482   0.00000   0.22056   0.00000   0.05312   0.14634   0.11395
   0.00000   0.00000   0.35000   0.12912   0.00000   0.02272   0.02637
   0.00000   0.00000   0.03876   0.00000   0.00000   0.01399   0.49888
   0.00000   0.00000   0.18954   0.00000   0.00000   0.02493   0.44765
   0.05304   0.00000   0.20270   0.00000   0.00000   0.15208   0.13445
   0.74765  -0.00000  -0.00000   0.00000   0.00000  -0.00000   0.00000
   0.00000   0.00000   0.00000   0.00000   0.41347  -0.00000   0.00000
   0.00000   0.00000   0.00000   0.00000   0.00000   0.44115   0.00000
   0.08975   0.00000   0.05172   0.00000   0.10768   0.11672   0.14773
   0.00000   0.05272  -0.00000  -0.00000   0.26915   0.07666   0.09335
   0.00000   0.00000   0.50573   0.12317   0.00000   0.00000   0.00000
   0.00000   0.00051  -0.00000   0.00521   0.00453   0.00000   0.50888
   0.03316   0.06581   0.11509   0.23166   0.07361   0.07387   0.08924
   1.00000   1.00000   1.00000   1.00000   1.00000   1.00000   1.00000

   0.33746   0.46441   0.11734   0.12223   0.33949   0.18670   1.00000
   0.26696   0.00115   0.52544   0.00000   0.05672   0.73708   0.13901
   0.17476   0.29012   0.23743   0.09992   0.22324   0.21374   0.75527
   0.24386   1.00000   0.35575   0.24176   0.22198   0.13327   0.46683
   0.17455   0.01896   0.65773   0.00561   0.07485   0.66420   0.16236
   0.09138   0.02945   0.09335   0.99260   0.10002   0.03463   0.03746
   0.25059   0.47762   0.24946   0.07604   0.00044   0.21967   0.63787
   0.41007   0.01069   0.00213   0.00000   0.44474   0.39214   0.22903
   0.06548   0.20109   0.49837   0.05280   0.04840   0.65621   0.40279
   0.25648   0.42075   0.10417   0.09042   0.22051   0.11070   1.00000
   0.25592   0.27159   0.40828   0.00720   0.06700   0.30994   0.66741
   0.26241   0.27624   0.78109   0.19107   0.25015   0.16087   0.57252
   0.25062   0.38632   0.97776   0.30775   0.26098   0.18457   0.23483
   0.14352   0.64905   0.08655   0.03271   0.05708   0.17176   0.64220
   0.60137   0.25721   0.36580   0.01319   0.00000   0.09408   0.30083
   0.29615   0.29815   0.35294   0.00000   0.10291   0.59088   0.33803
   0.27679   0.04037   0.58103   0.00668   0.02877   0.60263   0.15990
   0.26134   0.36011   0.31489   0.06814   0.12731   0.18429   0.75818
   0.12981   0.00228   0.00499   0.00215   0.59530   0.77929   0.13480
   0.20898   0.11560   0.52696   0.06511   0.24525   0.43742   0.30074
   0.13618   0.26238   0.71229   0.32651   0.18761   0.18311   0.23078
   0.17494   0.41283   0.20633   0.07285   0.20068   0.13171   0.92211
   0.16724   0.26931   0.43349   0.04877   0.09765   0.18670   0.74759
   0.23542   0.07114   0.55078   0.00634   0.09290   0.49275   0.31236
   0.99877   0.12746   0.07031   0.14179   0.18511   0.12748   0.06406
   0.43277   0.18094   0.39045   0.12649   1.00000   0.15049   0.10756
   0.36269   0.30530   0.48837   0.20339   0.40253   1.00000   0.28398
   0.24458   0.17826   0.27004   0.00000   0.34220   0.34482   0.35383
   0.20133   0.27672   0.15072   0.01994   0.59381   0.22332   0.38066
   0.11851   0.15074   0.79613   0.37844   0.15009   0.16822   0.16341
   0.19265   0.41401   0.06950   0.09390   0.26253   0.10331   0.96052
   0.15191   0.19959   0.27731   0.31324   0.21331   0.20884   0.21323
   1.00000   1.00000   1.00000   1.00000   1.00000   1.00000   1.00000
