
       0      -0.059
    0    0    0    0    0    0    0
    0    0    0    0    0    0    0
    0    8    8    0    0    0    8
    3   13   13    0    0    0   10


  -0.19278E-16   0.00000E+00   0.00000E+00  -0.25302E-15   0.00000E+00  -0.29377E-15   0.66160E+01
   0.31586E-03   0.00000E+00   0.00000E+00   0.00000E+00   0.00000E+00   0.61350E-02   0.00000E+00
   0.00000E+00  -0.39647E-17   0.26246E-02   0.26067E-02   0.00000E+00   0.61789E-02   0.54265E-01
   0.00000E+00   0.33833E+01   0.00000E+00  -0.76522E-15   0.00000E+00   0.00000E+00  -0.28618E-15
   0.00000E+00   0.00000E+00   0.67176E-03   0.00000E+00   0.00000E+00   0.63077E-03   0.00000E+00
  -0.31353E-19  -0.54875E-21  -0.61163E-15   0.76969E+02  -0.13862E-14  -0.21322E-15  -0.60724E-15
   0.14989E-05   0.34697E-04   0.51518E-07   0.00000E+00   0.00000E+00   0.45254E-04   0.15584E-02
   0.18588E-02   0.00000E+00   0.00000E+00   0.00000E+00   0.50787E-02   0.66711E-02   0.51379E-02
   0.00000E+00   0.00000E+00   0.40559E-03   0.00000E+00   0.00000E+00   0.10015E-01   0.53095E-02
   0.00000E+00  -0.51543E-16  -0.33673E-15  -0.27634E-16   0.00000E+00   0.00000E+00   0.57441E+01
   0.00000E+00   0.00000E+00   0.86647E-03   0.00000E+00  -0.45908E-25   0.39400E-03   0.22331E-02
   0.00000E+00   0.00000E+00   0.20229E+01   0.00000E+00  -0.81238E-17  -0.11523E-15   0.19408E+00
  -0.22321E-15   0.00000E+00   0.10255E+02  -0.88423E-16   0.00000E+00   0.00000E+00   0.00000E+00
  -0.70558E-18   0.23656E-01  -0.43122E-17   0.00000E+00   0.00000E+00   0.92921E-02   0.45305E-01
   0.25429E-02  -0.58419E-24   0.00000E+00   0.00000E+00   0.00000E+00   0.00000E+00   0.00000E+00
   0.33996E-02   0.41352E-03  -0.71029E-18   0.00000E+00   0.00000E+00   0.71416E-02   0.00000E+00
   0.21542E-01   0.00000E+00   0.17206E-01   0.00000E+00   0.00000E+00   0.20104E-01   0.00000E+00
   0.00000E+00   0.00000E+00   0.26520E-02  -0.35774E-18   0.00000E+00   0.58061E-03   0.10888E-01
  -0.10453E-23   0.00000E+00   0.00000E+00   0.00000E+00   0.93132E-06   0.60743E-03  -0.18187E-24
   0.59847E-07  -0.26204E-18   0.37501E-02   0.00000E+00   0.14338E-02   0.22005E-02   0.57201E-03
  -0.53773E-18   0.00000E+00   0.41591E-01   0.17075E-01  -0.86533E-18   0.60411E-03   0.00000E+00
   0.00000E+00   0.00000E+00   0.57121E-02   0.00000E+00   0.00000E+00   0.53980E-02   0.17042E+00
   0.00000E+00  -0.12477E-17   0.77771E-02   0.00000E+00   0.00000E+00   0.55941E-03   0.17781E-01
   0.98932E-02   0.00000E+00   0.30831E-01   0.00000E+00   0.00000E+00   0.15869E-01   0.23480E-02
   0.19998E+02  -0.21996E-24  -0.65735E-33   0.00000E+00   0.00000E+00  -0.21957E-17   0.00000E+00
   0.00000E+00   0.00000E+00   0.00000E+00   0.00000E+00   0.56821E+02  -0.51942E-20   0.00000E+00
   0.00000E+00  -0.47764E-16  -0.47836E-14   0.00000E+00   0.00000E+00   0.36306E+02   0.00000E+00
   0.19940E+01   0.00000E+00   0.00000E+00   0.00000E+00   0.30405E+01   0.15982E+01   0.23162E+01
   0.00000E+00   0.64230E+00  -0.25680E-16  -0.78664E-17   0.40938E+01   0.10975E+01   0.88043E+00
   0.00000E+00   0.00000E+00   0.45711E+02   0.61251E+01   0.00000E+00   0.00000E+00  -0.59514E-15
   0.00000E+00   0.00000E+00  -0.46213E-15   0.00000E+00   0.00000E+00   0.00000E+00   0.15226E+02
   0.29442E+02   0.55875E+02   0.77354E+02   0.17326E+03   0.60627E+02   0.45731E+02   0.61948E+02
   0.10000E+01   0.10000E+01   0.10000E+01   0.10000E+01   0.10000E+01   0.10000E+01   0.10000E+01

   0.11294E+02   0.11349E+02   0.40234E+01   0.43599E+01   0.12122E+02   0.77509E+01   0.23967E+02
   0.16747E-01   0.20149E-02   0.48871E-01   0.11725E-03   0.57913E-02   0.54070E-01   0.11096E-01
   0.39127E-01   0.76477E-01   0.60971E-01   0.20616E-01   0.45140E-01   0.55107E-01   0.14191E+00
   0.78006E+01   0.24654E+02   0.14212E+02   0.75024E+01   0.73085E+01   0.49700E+01   0.14366E+02
   0.17571E-02   0.41543E-03   0.65993E-02   0.50883E-03   0.76879E-03   0.64394E-02   0.15274E-02
   0.15552E+02   0.23716E+02   0.65863E+02   0.15943E+03   0.19323E+02   0.10597E+02   0.58483E+01
   0.22173E-02   0.51713E-02   0.33438E-02   0.52102E-03   0.38001E-04   0.30146E-02   0.72176E-02
   0.33558E-01   0.13301E-01   0.15112E-01   0.00000E+00   0.31923E-01   0.34516E-01   0.20391E-01
   0.90844E-02   0.28596E-01   0.54947E-01   0.67275E-02   0.58747E-02   0.67673E-01   0.37164E-01
   0.51837E+01   0.85546E+01   0.30005E+01   0.20402E+01   0.46546E+01   0.30886E+01   0.17114E+02
   0.27741E-02   0.33598E-02   0.51500E-02   0.84970E-03   0.82356E-03   0.45857E-02   0.66605E-02
   0.68174E+01   0.99860E+01   0.16784E+02   0.49047E+01   0.65536E+01   0.51620E+01   0.11522E+02
   0.16283E+02   0.16507E+02   0.38248E+02   0.15282E+02   0.16111E+02   0.11823E+02   0.14999E+02
   0.56809E-01   0.24545E+00   0.59734E-01   0.17725E-01   0.21081E-01   0.80490E-01   0.24756E+00
   0.75876E-02   0.72571E-02   0.50449E-02   0.49039E-03   0.52491E-08   0.22663E-02   0.43567E-02
   0.22985E-01   0.27606E-01   0.48683E-01   0.00000E+00   0.14705E-01   0.56812E-01   0.32116E-01
   0.10041E+00   0.24479E-01   0.24230E+00   0.19173E-01   0.16226E-01   0.25096E+00   0.59394E-01
   0.12383E-01   0.21083E-01   0.18178E-01   0.42089E-02   0.62000E-02   0.11857E-01   0.33138E-01
   0.12432E-02   0.66818E-03   0.54708E-03   0.47233E-05   0.28445E-02   0.37540E-02   0.23743E-02
   0.80097E-02   0.97803E-02   0.22915E-01   0.32230E-02   0.92545E-02   0.20050E-01   0.11123E-01
   0.50432E-01   0.10215E+00   0.15977E+00   0.91289E-01   0.57212E-01   0.64266E-01   0.69507E-01
   0.11484E+00   0.28411E+00   0.14771E+00   0.44564E-01   0.13112E+00   0.11388E+00   0.47782E+00
   0.13669E-01   0.23376E-01   0.32070E-01   0.60310E-02   0.71806E-02   0.13536E-01   0.45957E-01
   0.99798E-01   0.45535E-01   0.25784E+00   0.20798E-01   0.37833E-01   0.23502E+00   0.11703E+00
   0.31019E+02   0.59913E+01   0.51764E+01   0.58718E+01   0.86870E+01   0.87944E+01   0.75098E+01
   0.10881E+03   0.11075E+03   0.12044E+03   0.41152E+02   0.20260E+03   0.51412E+02   0.65029E+02
   0.10560E+03   0.10985E+03   0.14098E+03   0.56873E+02   0.11652E+03   0.21842E+03   0.87034E+02
   0.92421E+01   0.95577E+01   0.15639E+02   0.00000E+00   0.12679E+02   0.15306E+02   0.13758E+02
   0.50127E+01   0.76326E+01   0.56401E+01   0.11383E+01   0.12073E+02   0.58044E+01   0.89598E+01
   0.32777E+02   0.43939E+02   0.11069E+03   0.68530E+02   0.28983E+02   0.40479E+02   0.34305E+02
   0.11272E+02   0.32185E+02   0.80028E+01   0.52484E+01   0.15988E+02   0.92061E+01   0.46974E+02
   0.20945E+03   0.32520E+03   0.33964E+03   0.35650E+03   0.25337E+03   0.28845E+03   0.26949E+03
   0.10000E+01   0.10000E+01   0.10000E+01   0.10000E+01   0.10000E+01   0.10000E+01   0.10000E+01

   0.00000   0.00000   0.00000   0.00000   0.00000  -0.00000   0.36224
   0.00558   0.00000   0.00000   0.00000   0.00000   0.10700   0.00000
   0.00000   0.00000   0.01500   0.01492   0.00000   0.03527   0.38964
   0.00000   0.17365   0.00000   0.00000   0.00000   0.00000   0.00000
   0.00000   0.00000   0.09138   0.00000   0.00000   0.08816   0.00000
   0.00000   0.00000   0.00000   0.53888   0.00000   0.00000   0.00000
   0.01163   0.06046   0.00020   0.00000   0.00000   0.03069   0.18521
   0.02619   0.00000   0.00000   0.00000   0.07373   0.09652   0.07244
   0.00000   0.00000   0.00508   0.00000   0.00000   0.13388   0.07170
   0.00000   0.00000   0.00000  -0.00000   0.00000   0.00000   0.40172
   0.00000   0.00000   0.09029   0.00000  -0.00000   0.04318   0.26007
   0.00000   0.00000   0.13431   0.00000   0.00000   0.00000   0.01143
   0.00000   0.00000   0.32545   0.00000   0.00000   0.00000   0.00000
   0.00453   0.07213   0.00000   0.00000   0.00000   0.02857   0.17324
   0.22487   0.00000   0.00000   0.00000   0.00000   0.00000   0.00000
   0.04582   0.00800   0.00000   0.00000   0.00000   0.09566   0.00000
   0.07472   0.00000   0.05681   0.00000   0.00000   0.06975   0.00000
   0.00483   0.00000   0.06474   0.00000   0.00000   0.01410   0.31259
   0.00000   0.00000   0.00000   0.00000   0.00021   0.14874   0.00000
   0.00076   0.00000   0.11374   0.00000   0.04412   0.06773   0.01750
   0.00000   0.00000   0.18943   0.07698   0.00000   0.00274   0.00000
   0.00000   0.00000   0.01145   0.00000   0.00000   0.01076   0.35551
   0.00000   0.00000   0.13494   0.00000   0.00000   0.00980   0.30889
   0.03054   0.00000   0.09224   0.00000   0.00000   0.04911   0.00718
   0.66622   0.00000   0.00000   0.00000   0.00000   0.00000   0.00000
   0.00000   0.00000   0.00000   0.00000   0.28845  -0.00000   0.00000
   0.00000   0.00000   0.00000   0.00000   0.00000   0.21898   0.00000
   0.05929   0.00000   0.00000   0.00000   0.09065   0.04756   0.14664
   0.00000   0.06234   0.00000   0.00000   0.20750   0.05563   0.14406
   0.00000   0.00000   0.33404   0.04444   0.00000   0.00000  -0.00000
   0.00000   0.00000   0.00000   0.00104   0.00000   0.00000   0.31311
   0.02759   0.05202   0.07182   0.16053   0.05635   0.04242   0.06860
   1.00000   1.00000   1.00000   1.00000   1.00000   1.00000   1.00000

   0.52074   0.62142   0.21616   0.22030   0.54837   0.38443   1.00000
   0.29041   0.03601   0.82546   0.00210   0.10232   0.91169   0.19397
   0.22393   0.40206   0.34899   0.11841   0.25889   0.31488   0.81031
   0.35856   1.00000   0.66663   0.34811   0.33433   0.23515   0.66757
   0.24903   0.04823   0.88491   0.07243   0.10803   0.87598   0.21558
   0.10346   0.16581   0.46112   1.00000   0.13238   0.07332   0.03106
   0.22273   0.48451   0.33578   0.05240   0.00068   0.34485   0.78554
   0.48304   0.19282   0.21341   0.00000   0.44976   0.48320   0.29821
   0.12098   0.37777   0.69791   0.08931   0.07858   0.84697   0.47815
   0.34006   0.59828   0.20528   0.13722   0.30588   0.20898   1.00000
   0.29871   0.32286   0.55671   0.09394   0.08729   0.47787   0.70762
   0.41808   0.63062   0.98857   0.30193   0.40075   0.32543   0.68838
   0.47629   0.52385   1.00000   0.45848   0.46447   0.36286   0.44907
   0.17570   0.61210   0.18354   0.05545   0.06452   0.24508   0.76319
   0.68038   0.64175   0.43929   0.04435   0.00000   0.20706   0.38149
   0.31316   0.34498   0.64257   0.00000   0.19179   0.74758   0.42595
   0.34746   0.06059   0.81519   0.06697   0.05591   0.82859   0.20543
   0.29955   0.42771   0.43950   0.10246   0.15098   0.28741   0.80255
   0.30444   0.15562   0.11967   0.00000   0.62220   0.88807   0.52579
   0.24414   0.29934   0.69400   0.09885   0.28224   0.60647   0.33894
   0.22966   0.45987   0.69525   0.41568   0.26009   0.29288   0.31635
   0.23265   0.55691   0.29808   0.09015   0.26529   0.22930   0.95268
   0.23943   0.37221   0.56134   0.10589   0.12457   0.22477   0.79713
   0.30919   0.05774   0.78604   0.06540   0.11455   0.70315   0.36105
   1.00000   0.17028   0.17279   0.19555   0.28940   0.29328   0.25064
   0.54935   0.56046   0.60912   0.20797   1.00000   0.26020   0.32949
   0.55410   0.58802   0.74118   0.31400   0.58883   1.00000   0.46017
   0.27298   0.28161   0.45815   0.00000   0.37701   0.44836   0.40347
   0.25401   0.38733   0.28543   0.05764   0.61228   0.29409   0.34903
   0.23503   0.32109   0.79613   0.49008   0.20977   0.29678   0.25198
   0.23907   0.66186   0.16764   0.11050   0.33609   0.19254   0.95853
   0.19414   0.30225   0.31368   0.33093   0.23492   0.26714   0.25002
   1.00000   1.00000   1.00000   1.00000   1.00000   1.00000   1.00000
