
       0      -0.059
    0    0    0    0    0    0    0
    0    0    0    0    0    0    0
    0    8    8    0    0    0    8
    3   13   13    0    0    0   10


  -0.19278E-16   0.00000E+00   0.00000E+00  -0.25302E-15   0.00000E+00  -0.29377E-15   0.79296E+01
   0.28422E-02   0.00000E+00   0.20903E-02   0.00000E+00   0.00000E+00   0.12878E-01   0.00000E+00
   0.00000E+00  -0.39647E-17   0.69030E-02   0.46441E-02   0.30898E-02   0.84012E-02   0.64049E-01
   0.00000E+00   0.67184E+01   0.00000E+00  -0.76522E-15   0.00000E+00   0.00000E+00  -0.28618E-15
   0.55234E-05   0.00000E+00   0.11921E-02   0.00000E+00   0.00000E+00   0.13489E-02   0.00000E+00
  -0.31353E-19  -0.54875E-21  -0.61163E-15   0.11460E+03  -0.13862E-14  -0.21322E-15  -0.60724E-15
   0.27135E-04   0.34697E-04   0.93126E-07   0.00000E+00   0.00000E+00   0.45254E-04   0.18878E-02
   0.38443E-02   0.00000E+00   0.00000E+00   0.00000E+00   0.80226E-02   0.10887E-01   0.72455E-02
   0.00000E+00   0.00000E+00   0.50993E-02   0.00000E+00   0.00000E+00   0.17033E-01   0.10499E-01
   0.00000E+00  -0.51543E-16  -0.33673E-15   0.00000E+00   0.00000E+00   0.00000E+00   0.68442E+01
   0.00000E+00   0.00000E+00   0.90158E-03   0.00000E+00   0.00000E+00   0.65055E-03   0.26033E-02
   0.00000E+00   0.00000E+00   0.38918E+01   0.00000E+00  -0.81238E-17  -0.11523E-15   0.25345E+01
  -0.22321E-15   0.00000E+00   0.12927E+02  -0.88423E-16   0.00000E+00   0.00000E+00   0.00000E+00
   0.00000E+00   0.52323E-01  -0.43122E-17   0.00000E+00   0.00000E+00   0.15806E-01   0.46783E-01
   0.42794E-02   0.00000E+00   0.76021E-03   0.00000E+00   0.00000E+00   0.00000E+00   0.11187E-07
   0.59487E-02   0.21286E-02  -0.71029E-18   0.00000E+00   0.00000E+00   0.13420E-01   0.00000E+00
   0.31263E-01   0.00000E+00   0.42231E-01   0.00000E+00   0.00000E+00   0.48061E-01   0.12896E-02
   0.00000E+00   0.00000E+00   0.41676E-02  -0.35774E-18   0.00000E+00   0.10849E-02   0.12813E-01
   0.00000E+00   0.00000E+00   0.00000E+00   0.00000E+00   0.76657E-03   0.91087E-03   0.00000E+00
   0.59847E-07  -0.26204E-18   0.62579E-02   0.00000E+00   0.17168E-02   0.39331E-02   0.31602E-02
  -0.53773E-18   0.00000E+00   0.68819E-01   0.28307E-01  -0.86533E-18   0.36458E-02   0.21943E-02
   0.00000E+00   0.00000E+00   0.14087E-01   0.00000E+00   0.00000E+00   0.69082E-02   0.19747E+00
   0.00000E+00  -0.12477E-17   0.98716E-02   0.00000E+00   0.00000E+00   0.11755E-02   0.21892E-01
   0.17370E-01   0.00000E+00   0.56324E-01   0.00000E+00   0.00000E+00   0.39521E-01   0.31677E-01
   0.21791E+02  -0.21996E-24  -0.65735E-33   0.00000E+00   0.00000E+00  -0.21957E-17   0.00000E+00
   0.00000E+00   0.00000E+00   0.00000E+00   0.00000E+00   0.73300E+02  -0.51942E-20   0.00000E+00
   0.00000E+00   0.00000E+00  -0.47836E-14   0.00000E+00   0.00000E+00   0.62454E+02   0.00000E+00
   0.28161E+01   0.00000E+00   0.11390E+01   0.00000E+00   0.31359E+01   0.31608E+01   0.33031E+01
   0.00000E+00   0.83087E+00  -0.25680E-16  -0.78664E-17   0.48996E+01   0.12866E+01   0.10291E+01
   0.00000E+00   0.00000E+00   0.63521E+02   0.16497E+02   0.00000E+00   0.00000E+00   0.00000E+00
   0.00000E+00   0.00000E+00  -0.46213E-15   0.00000E+00   0.00000E+00   0.00000E+00   0.19916E+02
   0.29442E+02   0.63423E+02   0.11126E+03   0.24910E+03   0.71964E+02   0.67821E+02   0.76214E+02
   0.10000E+01   0.10000E+01   0.10000E+01   0.10000E+01   0.10000E+01   0.10000E+01   0.10000E+01

   0.80183E+01   0.10543E+02   0.25750E+01   0.28926E+01   0.84328E+01   0.47423E+01   0.21492E+02
   0.15697E-01   0.65117E-04   0.35594E-01   0.00000E+00   0.32068E-02   0.46788E-01   0.89219E-02
   0.34650E-01   0.66311E-01   0.44962E-01   0.18400E-01   0.41504E-01   0.41724E-01   0.13460E+00
   0.60132E+01   0.22869E+02   0.95939E+01   0.58005E+01   0.54819E+01   0.33690E+01   0.11231E+02
   0.13746E-02   0.22192E-03   0.53363E-02   0.93149E-04   0.53161E-03   0.53176E-02   0.12842E-02
   0.13900E+02   0.64866E+01   0.24794E+02   0.15001E+03   0.15828E+02   0.62450E+01   0.58483E+01
   0.22173E-02   0.47054E-02   0.23383E-02   0.52102E-03   0.18184E-04   0.22182E-02   0.63189E-02
   0.30455E-01   0.35016E-02   0.39481E-02   0.00000E+00   0.31923E-01   0.29641E-01   0.16732E-01
   0.55336E-02   0.20614E-01   0.43493E-01   0.42556E-02   0.44434E-02   0.57689E-01   0.32737E-01
   0.42607E+01   0.76331E+01   0.18186E+01   0.15281E+01   0.37111E+01   0.19560E+01   0.15945E+02
   0.23715E-02   0.30310E-02   0.41934E-02   0.35749E-03   0.62139E-03   0.37230E-02   0.63325E-02
   0.50262E+01   0.57024E+01   0.13672E+02   0.35375E+01   0.47909E+01   0.31502E+01   0.98943E+01
   0.10798E+02   0.12465E+02   0.34371E+02   0.11315E+02   0.10889E+02   0.75300E+01   0.96913E+01
   0.50540E-01   0.23475E+00   0.37163E-01   0.14174E-01   0.18521E-01   0.61975E-01   0.22341E+00
   0.69310E-02   0.43769E-02   0.45665E-02   0.23762E-03   0.66200E-10   0.12391E-02   0.36302E-02
   0.22296E-01   0.25365E-01   0.33434E-01   0.00000E+00   0.11476E-01   0.47833E-01   0.27387E-01
   0.85502E-01   0.16658E-01   0.19136E+00   0.33141E-02   0.82720E-02   0.20034E+00   0.50991E-01
   0.10944E-01   0.18570E-01   0.14197E-01   0.30770E-02   0.56732E-02   0.84148E-02   0.31788E-01
   0.93110E-03   0.50035E-05   0.51806E-04   0.47233E-05   0.26666E-02   0.34479E-02   0.92707E-03
   0.72992E-02   0.51564E-02   0.19162E-01   0.22168E-02   0.84245E-02   0.16201E-01   0.10194E-01
   0.37876E-01   0.63726E-01   0.15977E+00   0.76721E-01   0.47350E-01   0.46124E-01   0.55849E-01
   0.99659E-01   0.25629E+00   0.11068E+00   0.39090E-01   0.11049E+00   0.76743E-01   0.46491E+00
   0.11093E-01   0.20469E-01   0.26912E-01   0.35928E-02   0.60086E-02   0.12118E-01   0.44174E-01
   0.83155E-01   0.34659E-01   0.20317E+00   0.43733E-02   0.30427E-01   0.18251E+00   0.10677E+00
   0.30509E+02   0.59913E+01   0.21066E+01   0.47258E+01   0.63602E+01   0.49661E+01   0.23324E+01
   0.92970E+02   0.56703E+02   0.89591E+02   0.29913E+02   0.19848E+03   0.35431E+02   0.25396E+02
   0.77217E+02   0.70064E+02   0.10187E+03   0.41820E+02   0.86006E+02   0.19665E+03   0.61518E+02
   0.90540E+01   0.79065E+01   0.11117E+02   0.00000E+00   0.11936E+02   0.12770E+02   0.12488E+02
   0.41604E+01   0.63556E+01   0.38625E+01   0.50440E+00   0.11850E+02   0.46980E+01   0.81897E+01
   0.22637E+02   0.22147E+02   0.11069E+03   0.56567E+02   0.23093E+02   0.27541E+02   0.27091E+02
   0.10517E+02   0.23256E+02   0.35978E+01   0.47136E+01   0.13730E+02   0.59144E+01   0.46974E+02
   0.18151E+03   0.23989E+03   0.31748E+03   0.34224E+03   0.24166E+03   0.24729E+03   0.24487E+03
   0.10000E+01   0.10000E+01   0.10000E+01   0.10000E+01   0.10000E+01   0.10000E+01   0.10000E+01

   0.00000   0.00000   0.00000   0.00000   0.00000   0.00000   0.42776
   0.05043   0.00000   0.03631   0.00000   0.00000   0.22793   0.00000
   0.00000  -0.00000   0.03933   0.02657   0.01779   0.04798   0.36593
   0.00000   0.33506   0.00000  -0.00000   0.00000   0.00000  -0.00000
   0.00078   0.00000   0.16513   0.00000   0.00000   0.18972   0.00000
  -0.00000  -0.00000   0.00000   0.80344   0.00000  -0.00000  -0.00000
   0.00316   0.02238   0.00002   0.00000   0.00000   0.05343   0.21912
   0.05477   0.00000   0.00000   0.00000   0.11699   0.15496   0.10202
   0.00000   0.00000   0.06515   0.00000   0.00000   0.22817   0.13903
   0.00000   0.00000  -0.00000   0.00000   0.00000   0.00000   0.47275
   0.00000   0.00000   0.10433   0.00000   0.00000   0.07131   0.28214
   0.00000   0.00000   0.25515   0.00000  -0.00000   0.00000   0.15639
  -0.00000   0.00000   0.40945   0.00000   0.00000   0.00000   0.00000
   0.00000   0.16151  -0.00000   0.00000   0.00000   0.04865   0.14488
   0.38895   0.00000   0.06840   0.00000   0.00000   0.00000   0.00000
   0.08067   0.02833   0.00000   0.00000   0.00000   0.17999   0.00000
   0.10866   0.00000   0.14250   0.00000   0.00000   0.16673   0.00437
   0.00000   0.00000   0.10132   0.00000   0.00000   0.02640   0.31055
   0.00000   0.00000   0.00000   0.00000   0.18189   0.36785   0.00000
   0.00000  -0.00000   0.18946   0.00000   0.05965   0.12060   0.09653
  -0.00000   0.00000   0.31366   0.12909  -0.00000   0.01662   0.00994
   0.00000   0.00000   0.02833   0.00000   0.00000   0.01394   0.39779
   0.00000  -0.00000   0.17123   0.00000   0.00000   0.02068   0.37804
   0.05722   0.00000   0.17185   0.00000   0.00000   0.12241   0.09766
   0.72718   0.00000   0.00000   0.00000   0.00000   0.00000   0.00000
   0.00000   0.00000   0.00000   0.00000   0.37168   0.00000   0.00000
   0.00000   0.00000  -0.00000   0.00000   0.00000   0.37327   0.00000
   0.08372   0.00000   0.03347   0.00000   0.09347   0.09333   0.09782
   0.00000   0.04193   0.00000   0.00000   0.24849   0.06521   0.05225
   0.00000   0.00000   0.46804   0.12112   0.00000   0.00000   0.00000
   0.00000   0.00000   0.00000   0.00000   0.00000   0.00000   0.42167
   0.02742   0.05894   0.10327   0.23090   0.06684   0.06301   0.07079
   1.00000   1.00000   1.00000   1.00000   1.00000   1.00000   1.00000

   0.39835   0.56876   0.13806   0.15131   0.41539   0.24743   1.00000
   0.27960   0.00088   0.61429   0.00000   0.04316   0.81271   0.15631
   0.19859   0.37885   0.25723   0.10548   0.23786   0.23884   0.76831
   0.28403   1.00000   0.46211   0.27591   0.25860   0.16111   0.53486
   0.19538   0.03118   0.73568   0.01326   0.05600   0.73716   0.18145
   0.09504   0.04546   0.17383   0.99970   0.10970   0.04364   0.04258
   0.19774   0.54617   0.26757   0.05539   0.00217   0.26512   0.71543
   0.43908   0.04921   0.05584   0.00000   0.44913   0.41738   0.23651
   0.07360   0.27298   0.56202   0.05518   0.05947   0.73706   0.42297
   0.28678   0.52725   0.12424   0.10388   0.24958   0.13321   1.00000
   0.22879   0.32848   0.45530   0.04257   0.04961   0.34580   0.67572
   0.31655   0.36182   0.84361   0.22194   0.30069   0.20027   0.61365
   0.33159   0.39792   1.00000   0.35036   0.33041   0.23553   0.30089
   0.15608   0.72699   0.11507   0.04431   0.05371   0.18917   0.68965
   0.62403   0.39384   0.40671   0.02077   0.00000   0.11170   0.32365
   0.30361   0.34350   0.44493   0.00000   0.15122   0.63577   0.36510
   0.29612   0.05757   0.65381   0.01161   0.01057   0.67600   0.17664
   0.25420   0.45008   0.34366   0.07486   0.13781   0.20305   0.76879
   0.22167   0.00019   0.01183   0.00018   0.61166   0.81811   0.19915
   0.22296   0.15767   0.58404   0.06797   0.25765   0.49115   0.31070
   0.17283   0.29141   0.72398   0.34987   0.21608   0.21023   0.25473
   0.20147   0.51627   0.22353   0.07890   0.22330   0.15469   0.93276
   0.19419   0.35348   0.46944   0.06301   0.10553   0.21060   0.76625
   0.25744   0.10679   0.62394   0.01373   0.08183   0.55323   0.32968
   1.00000   0.19993   0.03116   0.15756   0.21210   0.16582   0.07787
   0.47007   0.28728   0.45362   0.15142   1.00000   0.17945   0.12866
   0.42937   0.39998   0.57374   0.23829   0.46877   1.00000   0.34372
   0.26855   0.23416   0.32674   0.00000   0.35484   0.37524   0.37066
   0.21010   0.32267   0.19560   0.02558   0.60070   0.23824   0.41334
   0.16437   0.16099   0.79613   0.40903   0.16948   0.20219   0.19957
   0.22147   0.49239   0.07576   0.09891   0.28800   0.12393   0.94978
   0.16841   0.22283   0.29416   0.31764   0.22426   0.22922   0.22732
   1.00000   1.00000   1.00000   1.00000   1.00000   1.00000   1.00000
