
       0      -0.059
    0    0    0    0    0    0    0
    0    0    0    0    0    0    0
    0    8    8    0    0    0    8
    3   13   13    0    0    0   10


  -0.19278E-16   0.00000E+00   0.00000E+00  -0.25302E-15   0.00000E+00  -0.29377E-15   0.71131E+01
   0.18067E-02   0.00000E+00   0.00000E+00   0.00000E+00   0.00000E+00   0.95062E-02   0.00000E+00
   0.00000E+00  -0.39647E-17   0.47587E-02   0.37788E-02   0.71149E-03   0.72178E-02   0.54265E-01
   0.00000E+00   0.52361E+01   0.00000E+00  -0.76522E-15   0.00000E+00   0.00000E+00  -0.28618E-15
   0.00000E+00   0.00000E+00   0.93426E-03   0.00000E+00   0.00000E+00   0.99605E-03   0.00000E+00
  -0.31353E-19  -0.54875E-21  -0.61163E-15   0.98789E+02  -0.13862E-14  -0.21322E-15  -0.60724E-15
   0.14989E-05   0.34697E-04   0.51518E-07   0.00000E+00   0.00000E+00   0.45254E-04   0.16005E-02
   0.31730E-02   0.00000E+00   0.00000E+00   0.00000E+00   0.60342E-02   0.86298E-02   0.62304E-02
   0.00000E+00   0.00000E+00   0.21370E-02   0.00000E+00   0.00000E+00   0.13688E-01   0.78672E-02
   0.00000E+00  -0.51543E-16  -0.33673E-15   0.00000E+00   0.00000E+00   0.00000E+00   0.61982E+01
   0.00000E+00   0.00000E+00   0.90158E-03   0.00000E+00   0.00000E+00   0.53517E-03   0.22331E-02
   0.00000E+00   0.00000E+00   0.30008E+01   0.00000E+00  -0.81238E-17  -0.11523E-15   0.12421E+01
  -0.22321E-15   0.00000E+00   0.11426E+02  -0.88423E-16   0.00000E+00   0.00000E+00   0.00000E+00
  -0.70558E-18   0.41895E-01  -0.43122E-17   0.00000E+00   0.00000E+00   0.12803E-01   0.45305E-01
   0.35535E-02  -0.58419E-24   0.53639E-08   0.00000E+00   0.00000E+00   0.00000E+00   0.00000E+00
   0.54119E-02   0.41352E-03  -0.71029E-18   0.00000E+00   0.00000E+00   0.10148E-01   0.00000E+00
   0.27641E-01   0.00000E+00   0.28150E-01   0.00000E+00   0.00000E+00   0.34234E-01   0.00000E+00
   0.00000E+00   0.00000E+00   0.34723E-02  -0.35774E-18   0.00000E+00   0.83501E-03   0.10888E-01
  -0.10453E-23   0.00000E+00   0.00000E+00   0.00000E+00   0.60204E-03   0.91087E-03  -0.18187E-24
   0.59847E-07  -0.26204E-18   0.53666E-02   0.00000E+00   0.16756E-02   0.30338E-02   0.19676E-02
  -0.53773E-18   0.00000E+00   0.55134E-01   0.24775E-01  -0.86533E-18   0.16366E-02   0.00000E+00
   0.00000E+00   0.00000E+00   0.95231E-02   0.00000E+00   0.00000E+00   0.69082E-02   0.17042E+00
   0.00000E+00  -0.12477E-17   0.90973E-02   0.00000E+00   0.00000E+00   0.88881E-03   0.19284E-01
   0.14194E-01   0.00000E+00   0.42072E-01   0.00000E+00   0.00000E+00   0.27899E-01   0.15027E-01
   0.21020E+02  -0.21996E-24  -0.65735E-33   0.00000E+00   0.00000E+00  -0.21957E-17   0.00000E+00
   0.00000E+00   0.00000E+00   0.00000E+00   0.00000E+00   0.64751E+02  -0.51942E-20   0.00000E+00
   0.00000E+00  -0.47764E-16  -0.47836E-14   0.00000E+00   0.00000E+00   0.49101E+02   0.00000E+00
   0.21630E+01   0.00000E+00   0.48294E+00   0.00000E+00   0.30881E+01   0.23324E+01   0.23162E+01
   0.00000E+00   0.64230E+00  -0.25680E-16  -0.78664E-17   0.44822E+01   0.11367E+01   0.88043E+00
   0.00000E+00   0.00000E+00   0.54310E+02   0.11277E+02   0.00000E+00   0.00000E+00   0.00000E+00
   0.00000E+00   0.00000E+00  -0.46213E-15   0.00000E+00   0.00000E+00   0.00000E+00   0.17987E+02
   0.29442E+02   0.59963E+02   0.93114E+02   0.21549E+03   0.66024E+02   0.55920E+02   0.61948E+02
   0.10000E+01   0.10000E+01   0.10000E+01   0.10000E+01   0.10000E+01   0.10000E+01   0.10000E+01

   0.96565E+01   0.11171E+02   0.36342E+01   0.35977E+01   0.10302E+02   0.62067E+01   0.22649E+02
   0.16747E-01   0.44677E-03   0.43247E-01   0.00000E+00   0.37463E-02   0.51105E-01   0.99482E-02
   0.37382E-01   0.76477E-01   0.51944E-01   0.19142E-01   0.43835E-01   0.48160E-01   0.13727E+00
   0.69240E+01   0.23736E+02   0.12120E+02   0.66341E+01   0.64187E+01   0.41112E+01   0.12818E+02
   0.15992E-02   0.41543E-03   0.61468E-02   0.26534E-03   0.65023E-03   0.59015E-02   0.14108E-02
   0.14740E+02   0.11859E+02   0.43924E+02   0.15474E+03   0.17473E+02   0.82233E+01   0.58483E+01
   0.22173E-02   0.51713E-02   0.33438E-02   0.52102E-03   0.38001E-04   0.27256E-02   0.72176E-02
   0.31526E-01   0.59546E-02   0.10927E-01   0.00000E+00   0.31923E-01   0.32311E-01   0.17654E-01
   0.75690E-02   0.25479E-01   0.50081E-01   0.51572E-02   0.53271E-02   0.62965E-01   0.34836E-01
   0.47433E+01   0.80609E+01   0.26434E+01   0.17715E+01   0.41828E+01   0.24668E+01   0.16492E+02
   0.23715E-02   0.33598E-02   0.48105E-02   0.65135E-03   0.62139E-03   0.38826E-02   0.66605E-02
   0.59479E+01   0.74044E+01   0.15256E+02   0.41891E+01   0.56895E+01   0.40541E+01   0.10689E+02
   0.13594E+02   0.14016E+02   0.36431E+02   0.13211E+02   0.13602E+02   0.95462E+01   0.12278E+02
   0.53849E-01   0.24545E+00   0.55362E-01   0.16537E-01   0.20475E-01   0.70924E-01   0.23724E+00
   0.72214E-02   0.64918E-02   0.50449E-02   0.24582E-03   0.66200E-10   0.16171E-02   0.36869E-02
   0.22712E-01   0.27606E-01   0.43084E-01   0.00000E+00   0.12767E-01   0.52407E-01   0.29600E-01
   0.94124E-01   0.24479E-01   0.22117E+00   0.96876E-02   0.13133E-01   0.22748E+00   0.55470E-01
   0.11579E-01   0.21083E-01   0.16625E-01   0.35794E-02   0.59490E-02   0.98826E-02   0.32293E-01
   0.10662E-02   0.50035E-05   0.17371E-03   0.47233E-05   0.27555E-02   0.36614E-02   0.10851E-02
   0.73541E-02   0.70995E-02   0.21616E-01   0.26107E-02   0.86457E-02   0.18060E-01   0.10720E-01
   0.45051E-01   0.72118E-01   0.15977E+00   0.83860E-01   0.53143E-01   0.54842E-01   0.61178E-01
   0.10766E+00   0.28411E+00   0.13403E+00   0.41495E-01   0.12153E+00   0.94396E-01   0.46958E+00
   0.12661E-01   0.23376E-01   0.29752E-01   0.47445E-02   0.67322E-02   0.13536E-01   0.45115E-01
   0.92795E-01   0.45535E-01   0.23721E+00   0.11153E-01   0.37833E-01   0.20967E+00   0.11211E+00
   0.30761E+02   0.59913E+01   0.26844E+01   0.52632E+01   0.74190E+01   0.67196E+01   0.30281E+01
   0.10126E+03   0.86745E+02   0.10417E+03   0.36332E+02   0.20061E+03   0.42751E+02   0.32558E+02
   0.90846E+02   0.90927E+02   0.12188E+03   0.49100E+02   0.10152E+03   0.20718E+03   0.73857E+02
   0.91581E+01   0.95577E+01   0.13863E+02   0.00000E+00   0.12508E+02   0.13941E+02   0.13090E+02
   0.45816E+01   0.69235E+01   0.48141E+01   0.85186E+00   0.11981E+02   0.51499E+01   0.89598E+01
   0.28269E+02   0.29703E+02   0.11069E+03   0.62412E+02   0.25878E+02   0.33410E+02   0.31124E+02
   0.10917E+02   0.24290E+02   0.62705E+01   0.48411E+01   0.14940E+02   0.74441E+01   0.46974E+02
   0.19954E+03   0.28253E+03   0.33324E+03   0.34725E+03   0.24876E+03   0.26781E+03   0.25396E+03
   0.10000E+01   0.10000E+01   0.10000E+01   0.10000E+01   0.10000E+01   0.10000E+01   0.10000E+01

   0.00000   0.00000   0.00000   0.00000   0.00000   0.00000   0.38375
   0.03204   0.00000   0.00000   0.00000   0.00000   0.16683   0.00000
   0.00000   0.00000   0.02713   0.02167   0.00412   0.04121   0.31028
   0.00000   0.26631   0.00000   0.00000   0.00000   0.00000   0.00000
   0.00000   0.00000   0.12864   0.00000   0.00000   0.13965   0.00000
   0.00000   0.00000   0.00000   0.69222   0.00000   0.00000   0.00000
   0.00017   0.04481   0.00001   0.00000   0.00000   0.02478   0.18758
   0.04518   0.00000   0.00000   0.00000   0.08793   0.12395   0.08760
   0.00000   0.00000   0.02706   0.00000   0.00000   0.18323   0.10397
   0.00000   0.00000   0.00000   0.00000   0.00000   0.00000   0.42862
   0.00000   0.00000   0.12190   0.00000   0.00000   0.05843   0.24735
   0.00000   0.00000   0.19813   0.00000   0.00000   0.00000   0.07528
   0.00000   0.00000   0.36240   0.00000   0.00000   0.00000   0.00000
  -0.00000   0.12917   0.00000   0.00000   0.00000   0.03938   0.13960
   0.32370  -0.00000   0.00000   0.00000   0.00000   0.00000   0.00000
   0.07239   0.00547   0.00000   0.00000   0.00000   0.13606   0.00814
   0.09596   0.00000   0.09412   0.00000   0.00000   0.11872   0.00000
   0.00000   0.00000   0.08446   0.00000   0.00000   0.02030   0.26388
  -0.00000   0.00000   0.00000   0.00000   0.14121   0.23422  -0.00000
   0.00009   0.00000   0.16202   0.00000   0.05148   0.09318   0.06027
   0.00000   0.00000   0.25138   0.11150   0.00000   0.00741   0.00000
   0.00000   0.00000   0.01910   0.00000   0.00000   0.01417   0.34325
   0.00000   0.00000   0.15725   0.00000   0.00000   0.01560   0.33394
   0.04310   0.00000   0.12667   0.00000   0.00000   0.08637   0.04624
   0.70139   0.00000   0.00000   0.00000   0.00000  -0.00000   0.00000
   0.00000   0.00000   0.00000   0.00000   0.32853   0.00000   0.00000
   0.00000  -0.00000   0.00000   0.00000   0.00000   0.29512   0.00000
   0.06431   0.00000   0.01418   0.00000   0.09206   0.06906   0.06866
   0.00000   0.03242   0.00000   0.00000   0.22727   0.05768   0.04458
   0.00000   0.00000   0.39869   0.08178   0.00000   0.00000   0.00000
   0.00000   0.00000   0.00000   0.00000   0.00000   0.00000   0.38166
   0.02924   0.05573   0.08644   0.19945   0.06134   0.05193   0.05756
   1.00000   1.00000   1.00000   1.00000   1.00000   1.00000   1.00000

   0.46256   0.60269   0.19487   0.18520   0.48679   0.31689   1.00000
   0.29670   0.00788   0.73785   0.00000   0.06631   0.87699   0.17423
   0.21338   0.43729   0.29791   0.10985   0.25125   0.27544   0.78511
   0.32286   1.00000   0.57726   0.31191   0.29833   0.19561   0.60403
   0.22742   0.05832   0.83868   0.03778   0.09152   0.81260   0.19914
   0.09915   0.08297   0.30778   1.00000   0.12044   0.05713   0.03788
   0.21090   0.60609   0.37759   0.05487   0.00429   0.31207   0.77076
   0.45194   0.08385   0.15457   0.00000   0.44503   0.45396   0.24916
   0.10078   0.33672   0.64265   0.06833   0.07128   0.79731   0.44952
   0.31504   0.55744   0.18041   0.11982   0.27849   0.16754   1.00000
   0.25739   0.37215   0.52123   0.07232   0.05618   0.41574   0.66978
   0.37081   0.46773   0.92472   0.26054   0.35315   0.25691   0.65198
   0.40848   0.44455   1.00000   0.40341   0.40330   0.29606   0.37645
   0.16643   0.75632   0.17030   0.05174   0.06388   0.21624   0.73146
   0.64955   0.58192   0.44661   0.02263   0.00000   0.14547   0.33675
   0.30943   0.37243   0.57021   0.00000   0.16730   0.69513   0.39387
   0.32614   0.08431   0.75287   0.03390   0.04547   0.76056   0.19190
   0.28013   0.51096   0.40227   0.08710   0.14475   0.23830   0.78081
   0.25710   0.00000   0.03966   0.00000   0.62910   0.85879   0.23209
   0.22423   0.21832   0.65763   0.08008   0.26490   0.54659   0.32663
   0.20537   0.32995   0.69560   0.38222   0.24237   0.24992   0.27885
   0.21789   0.57224   0.27097   0.08384   0.24567   0.19015   0.94158
   0.22166   0.40480   0.52036   0.08334   0.11812   0.23572   0.78208
   0.28748   0.14012   0.72848   0.03504   0.11489   0.63126   0.34587
   1.00000   0.18285   0.08961   0.17540   0.24728   0.22424   0.10107
   0.51186   0.43928   0.52718   0.18380   1.00000   0.21648   0.16496
   0.49161   0.50443   0.66829   0.27576   0.53377   1.00000   0.40247
   0.27173   0.28330   0.40716   0.00000   0.37186   0.40927   0.38881
   0.23221   0.35059   0.24382   0.04317   0.60737   0.26114   0.45222
   0.20411   0.21731   0.79613   0.45008   0.18883   0.24527   0.22905
   0.23075   0.51541   0.13164   0.10168   0.31335   0.15585   0.94804
   0.18502   0.26251   0.30821   0.32230   0.23076   0.24811   0.23571
   1.00000   1.00000   1.00000   1.00000   1.00000   1.00000   1.00000
