
       0      -0.024
    0    0    0    0
    0    0    0    0
    0    0    0    0
    0    0    0    0


   0.00000E+00   0.90597E+01   0.00000E+00   0.00000E+00
   0.00000E+00   0.94962E-02   0.00000E+00   0.27970E-01
   0.68450E-02   0.97941E-01   0.11480E-01   0.46724E-05
   0.13465E+01   0.89912E+01   0.00000E+00  -0.20076E-16
   0.33999E-03   0.13644E-02   0.48293E-04   0.28762E-02
   0.11060E+03   0.00000E+00   0.00000E+00   0.00000E+00
   0.90722E-09   0.29503E-02  -0.86249E-18   0.81409E-09
   0.00000E+00   0.12222E-01   0.10405E-01   0.14872E-01
   0.58309E-02   0.28810E-01   0.14701E-02   0.16341E-01
  -0.19424E-16   0.82327E+01   0.00000E+00   0.00000E+00
   0.39679E-08   0.14181E-02   0.00000E+00   0.14834E-04
   0.12278E+01   0.47882E+01   0.00000E+00  -0.51228E-16
   0.55379E+01   0.35371E+01   0.00000E+00   0.00000E+00
   0.00000E+00   0.22327E+00   0.00000E+00   0.13575E-02
   0.00000E+00   0.15023E-03  -0.12281E-23   0.20162E-02
   0.00000E+00   0.26143E-01   0.00000E+00   0.29028E-01
   0.13871E-01   0.57418E-01   0.00000E+00   0.12729E+00
   0.13094E-03   0.24116E-01   0.22042E-05   0.60205E-03
  -0.90082E-25  -0.13331E-18   0.17455E-03  -0.92203E-18
   0.17877E-02   0.24735E-02   0.10601E-02   0.58030E-03
   0.75623E-01   0.45722E-01   0.23734E-01   0.10792E-01
   0.75037E-04   0.34589E+00   0.23738E-02   0.00000E+00
   0.13624E-02   0.32512E-01   0.46925E-03   0.62216E-03
   0.88365E-02   0.88999E-01   0.18212E-01   0.91961E-01
   0.00000E+00   0.00000E+00   0.00000E+00   0.20541E+02
   0.00000E+00  -0.48906E-21   0.83785E+02   0.00000E+00
   0.00000E+00   0.37974E+01   0.00000E+00   0.00000E+00
   0.00000E+00   0.10196E+02   0.46047E+01   0.68819E+01
   0.00000E+00   0.60383E+01   0.52473E+01   0.00000E+00
   0.56609E+02   0.17287E+02   0.12618E+02   0.12103E+02
   0.00000E+00   0.34296E+02   0.00000E+00   0.00000E+00
   0.32338E+03   0.24168E+03   0.10650E+03   0.10118E+03
   0.10000E+01   0.10000E+01   0.10000E+01   0.10000E+01

   0.35048E+01   0.21836E+02   0.96229E+01   0.87259E+01
   0.68370E-02   0.19538E-01   0.11208E-01   0.44344E-01
   0.27611E-01   0.14802E+00   0.53489E-01   0.51170E-01
   0.66440E+01   0.17645E+02   0.43075E+01   0.51942E+01
   0.12305E-02   0.27738E-02   0.14563E-02   0.48455E-02
   0.15243E+03   0.10369E+02   0.95231E+01   0.14782E+02
   0.13536E-02   0.11846E-01   0.39591E-02   0.35155E-02
   0.00000E+00   0.20947E-01   0.41044E-01   0.42331E-01
   0.14921E-01   0.47687E-01   0.14126E-01   0.35597E-01
   0.16763E+01   0.15166E+02   0.39202E+01   0.42206E+01
   0.18395E-02   0.10069E-01   0.30305E-02   0.54127E-02
   0.54237E+01   0.11737E+02   0.57011E+01   0.63598E+01
   0.17077E+02   0.17168E+02   0.15121E+02   0.16494E+02
   0.31206E-01   0.32476E+00   0.56831E-01   0.10499E+00
   0.14827E-02   0.92046E-02   0.22793E-02   0.12967E-01
   0.28449E-02   0.43727E-01   0.12638E-01   0.47796E-01
   0.51316E-01   0.10850E+00   0.46107E-01   0.20311E+00
   0.56997E-02   0.37335E-01   0.98293E-02   0.14188E-01
   0.41899E-04   0.50538E-03   0.48682E-02   0.34229E-02
   0.68692E-02   0.15951E-01   0.23132E-01   0.18526E-01
   0.10499E+00   0.82184E-01   0.73687E-01   0.61414E-01
   0.57568E-01   0.49512E+00   0.12970E+00   0.10801E+00
   0.82984E-02   0.49863E-01   0.15664E-01   0.17956E-01
   0.47844E-01   0.15807E+00   0.87064E-01   0.18383E+00
   0.50467E+01   0.29344E+01   0.75245E+01   0.30676E+02
   0.32394E+02   0.32295E+02   0.20234E+03   0.10316E+03
   0.48777E+02   0.92762E+02   0.11200E+03   0.13811E+03
   0.19349E+01   0.17439E+02   0.14041E+02   0.17013E+02
   0.14937E+01   0.10737E+02   0.12860E+02   0.69929E+01
   0.77029E+02   0.38045E+02   0.40947E+02   0.40783E+02
   0.51400E+01   0.48726E+02   0.12545E+02   0.89690E+01
   0.45245E+03   0.39728E+03   0.32536E+03   0.34714E+03
   0.10000E+01   0.10000E+01   0.10000E+01   0.10000E+01

   0.00000   0.53132   0.00000   0.00000
   0.00000   0.17524   0.00000   0.51412
   0.03953   0.56705   0.06631   0.00003
   0.07610   0.53133   0.00000   0.00000
   0.04924   0.19860   0.00701   0.41698
   0.89010   0.00000   0.00000   0.00000
   0.00000   0.43496  -0.00000   0.00000
   0.00000   0.17794   0.15340   0.21456
   0.07873   0.39026   0.02050   0.22041
  -0.00000   0.67669   0.00000   0.00000
   0.00000   0.42996   0.00000   0.01723
   0.08809   0.34806   0.00000   0.00000
   0.20167   0.12332   0.00000   0.00000
   0.00000   0.68015   0.00000   0.00418
   0.00000   0.01377   0.00000   0.36890
   0.00000   0.35140   0.00000   0.38726
   0.04980   0.20679   0.00000   0.45711
   0.00997   0.58660   0.00005   0.03654
  -0.00000  -0.00000   0.32779  -0.00000
   0.05688   0.22484   0.12201   0.02233
   0.33673   0.20395   0.10577   0.04803
   0.00015   0.70227   0.00477   0.00000
   0.02851   0.57528   0.05082   0.01444
   0.02807   0.28378   0.05791   0.29218
   0.00000   0.00000   0.00000   0.68960
   0.00000   0.00000   0.42546   0.00000
   0.00000   0.02526   0.00000   0.00000
   0.00000   0.30467   0.13723   0.20491
   0.00000   0.30544   0.26512   0.00000
   0.40458   0.12375   0.09033   0.08640
   0.00000   0.72003   0.00000   0.00000
   0.30008   0.22409   0.09889   0.09395
   1.00000   1.00000   1.00000   1.00000

   0.18830   1.00000   0.46868   0.43702
   0.12559   0.35697   0.20597   0.81567
   0.15986   0.85500   0.30891   0.29568
   0.34918   0.87706   0.23179   0.27961
   0.17866   0.39970   0.21109   0.70296
   1.00000   0.07396   0.06643   0.10150
   0.13633   0.94034   0.42360   0.42042
   0.00000   0.30491   0.59214   0.62477
   0.20190   0.64019   0.19077   0.48066
   0.12318   1.00000   0.28468   0.30571
   0.22833   0.89689   0.16748   0.47164
   0.35729   0.76708   0.38378   0.42708
   0.54412   0.57111   0.48437   0.52908
   0.09571   0.99582   0.17395   0.31985
   0.13633   0.63108   0.03787   0.98623
   0.03857   0.58749   0.16861   0.64292
   0.18438   0.38780   0.16557   0.72779
   0.13887   0.91460   0.23951   0.34511
   0.01052   0.12688   1.00000   0.67215
   0.18815   0.45439   0.61792   0.50586
   0.46716   0.36519   0.32786   0.27342
   0.11652   0.99455   0.26307   0.21931
   0.14691   0.87824   0.27667   0.31725
   0.15209   0.49934   0.27646   0.58442
   0.16837   0.09801   0.25088   1.00000
   0.16395   0.16360   1.00000   0.52149
   0.30200   0.55596   0.66914   0.80792
   0.05773   0.52022   0.41808   0.50561
   0.07545   0.54319   0.64659   0.35340
   0.55255   0.27116   0.29214   0.29152
   0.10642   0.99669   0.25995   0.18830
   0.41999   0.36900   0.30166   0.32202
   1.00000   1.00000   1.00000   1.00000
