
       0      -0.024
    0    0    0    0
    0    0    0    0
    0    0    0    0
    0    0    0    0


   0.00000E+00   0.10450E+02   0.00000E+00   0.00000E+00
   0.00000E+00   0.10008E-01   0.00000E+00   0.28946E-01
   0.73916E-02   0.10087E+00   0.12270E-01   0.46724E-05
   0.19016E+01   0.98670E+01   0.00000E+00  -0.20076E-16
   0.35739E-03   0.14451E-02   0.96068E-04   0.29672E-02
   0.11399E+03   0.00000E+00   0.00000E+00   0.00000E+00
   0.69408E-07   0.40176E-02  -0.47650E-22   0.14372E-04
   0.00000E+00   0.12826E-01   0.10421E-01   0.15548E-01
   0.60872E-02   0.29868E-01   0.14701E-02   0.16693E-01
   0.00000E+00   0.88332E+01   0.00000E+00   0.00000E+00
   0.20799E-07   0.14181E-02   0.00000E+00   0.14834E-04
   0.16337E+01   0.54082E+01   0.00000E+00  -0.51228E-16
   0.67243E+01   0.48724E+01   0.00000E+00   0.00000E+00
   0.00000E+00   0.23278E+00   0.00000E+00   0.56826E-02
   0.00000E+00   0.15023E-03  -0.12281E-23   0.20162E-02
   0.00000E+00   0.27182E-01   0.00000E+00   0.30194E-01
   0.14354E-01   0.60152E-01   0.00000E+00   0.13245E+00
   0.13094E-03   0.24846E-01   0.58415E-04   0.60205E-03
   0.00000E+00   0.00000E+00   0.17455E-03   0.00000E+00
   0.17877E-02   0.24735E-02   0.10601E-02   0.58030E-03
   0.76520E-01   0.47931E-01   0.26216E-01   0.10792E-01
   0.79609E-03   0.35517E+00   0.94954E-02   0.00000E+00
   0.13624E-02   0.34118E-01   0.46925E-03   0.62216E-03
   0.97121E-02   0.92897E-01   0.20945E-01   0.95491E-01
   0.00000E+00   0.00000E+00   0.00000E+00   0.21441E+02
   0.00000E+00  -0.48906E-21   0.90652E+02   0.00000E+00
   0.27204E+01   0.12934E+02   0.00000E+00   0.12203E+02
   0.00000E+00   0.10568E+02   0.50926E+01   0.71233E+01
   0.00000E+00   0.61984E+01   0.56819E+01   0.00000E+00
   0.57373E+02   0.18484E+02   0.14076E+02   0.12103E+02
   0.00000E+00   0.35426E+02   0.00000E+00   0.00000E+00
   0.32636E+03   0.24918E+03   0.11638E+03   0.10389E+03
   0.10000E+01   0.10000E+01   0.10000E+01   0.10000E+01

   0.27794E+01   0.20619E+02   0.78751E+01   0.71008E+01
   0.62167E-02   0.18643E-01   0.97381E-02   0.43841E-01
   0.25232E-01   0.14463E+00   0.50320E-01   0.47014E-01
   0.60068E+01   0.16841E+02   0.34615E+01   0.44261E+01
   0.11808E-02   0.26113E-02   0.13230E-02   0.47630E-02
   0.14839E+03   0.82332E+01   0.89050E+01   0.14030E+02
   0.11830E-02   0.11846E-01   0.23337E-02   0.34363E-02
   0.00000E+00   0.20323E-01   0.40058E-01   0.42325E-01
   0.14351E-01   0.45666E-01   0.12929E-01   0.34356E-01
   0.14285E+01   0.14576E+02   0.34450E+01   0.37015E+01
   0.15318E-02   0.10069E-01   0.30305E-02   0.54127E-02
   0.48743E+01   0.10872E+02   0.48487E+01   0.56583E+01
   0.15667E+02   0.15380E+02   0.12237E+02   0.14627E+02
   0.27178E-01   0.32014E+00   0.49935E-01   0.95084E-01
   0.14628E-02   0.92046E-02   0.22793E-02   0.12967E-01
   0.25081E-02   0.42094E-01   0.10970E-01   0.46460E-01
   0.48275E-01   0.10306E+00   0.39712E-01   0.20004E+00
   0.56356E-02   0.35366E-01   0.88393E-02   0.13709E-01
   0.27932E-04   0.43429E-03   0.47720E-02   0.34229E-02
   0.68692E-02   0.15951E-01   0.23132E-01   0.18526E-01
   0.10277E+00   0.79315E-01   0.71242E-01   0.59074E-01
   0.51280E-01   0.48630E+00   0.11575E+00   0.93535E-01
   0.75522E-02   0.48491E-01   0.14615E-01   0.16507E-01
   0.45891E-01   0.15115E+00   0.83290E-01   0.17960E+00
   0.45147E+01   0.23309E+01   0.64825E+01   0.30390E+02
   0.27089E+02   0.25981E+02   0.20087E+03   0.95009E+02
   0.42536E+02   0.79994E+02   0.91525E+02   0.12451E+03
   0.17695E+01   0.16729E+02   0.13656E+02   0.16532E+02
   0.11921E+01   0.10143E+02   0.12664E+02   0.67222E+01
   0.75646E+02   0.35984E+02   0.39664E+02   0.39750E+02
   0.45981E+01   0.48529E+02   0.11091E+02   0.76905E+01
   0.44532E+03   0.38732E+03   0.31577E+03   0.33627E+03
   0.10000E+01   0.10000E+01   0.10000E+01   0.10000E+01

   0.00000   0.60102   0.00000   0.00000
   0.00000   0.18465   0.00000   0.53157
   0.04270   0.58372   0.07091   0.00003
   0.10670   0.57024   0.00000   0.00000
   0.05175   0.21011   0.01394   0.42960
   0.89043   0.00000   0.00000   0.00000
   0.00001   0.52282  -0.00000   0.03462
   0.00000   0.18672   0.15368   0.22434
   0.08220   0.40428   0.01985   0.22545
   0.00000   0.70484   0.00000   0.00000
   0.00001   0.45248   0.00000   0.04330
   0.11601   0.38711   0.00000   0.00000
   0.24073   0.16915   0.00000   0.00000
   0.00000   0.71040   0.00000   0.01744
   0.00000   0.08215  -0.00000   0.41710
   0.00000   0.36607   0.00000   0.40447
   0.05154   0.21646   0.00000   0.47567
   0.02189   0.60690   0.00143   0.01572
   0.00000   0.00000   0.14117   0.00000
   0.05695   0.08194   0.05267   0.01821
   0.34068   0.21370   0.11683   0.04803
   0.00160   0.72180   0.01910   0.00000
   0.03133   0.60690   0.05014   0.01825
   0.03085   0.29590   0.06659   0.30343
   0.00000   0.00000   0.00000   0.71884
   0.00000   0.00000   0.46004   0.00000
   0.01709   0.08490   0.00000   0.07802
   0.00000   0.31558   0.15180   0.21217
   0.00000   0.31350   0.28719   0.00000
   0.40996   0.13225   0.10073   0.08640
   0.00000   0.74222   0.00000   0.00000
   0.30280   0.23110   0.10807   0.09645
   1.00000   1.00000   1.00000   1.00000

   0.15166   1.00000   0.39898   0.36821
   0.11426   0.34048   0.17900   0.80323
   0.14600   0.83532   0.29074   0.27168
   0.32067   0.86048   0.18773   0.24014
   0.17128   0.37692   0.19160   0.69063
   1.00000   0.05904   0.06248   0.09833
   0.12850   0.96193   0.27527   0.38917
   0.00000   0.29693   0.57798   0.62498
   0.19402   0.61421   0.17457   0.46388
   0.10553   1.00000   0.25261   0.27100
   0.15861   0.95291   0.18847   0.54751
   0.32641   0.72098   0.33024   0.38421
   0.51056   0.51690   0.40342   0.47973
   0.08337   0.98245   0.15294   0.28960
   0.11992   0.58290   0.12894   0.91357
   0.03399   0.56514   0.14643   0.62470
   0.17346   0.36884   0.14235   0.71637
   0.14016   0.86077   0.21500   0.33757
   0.00660   0.12792   1.00000   0.85882
   0.21609   0.49104   0.61792   0.61374
   0.45724   0.35260   0.31697   0.26298
   0.10367   0.97819   0.23488   0.18992
   0.13378   0.85573   0.25825   0.29173
   0.14581   0.47821   0.26447   0.57074
   0.15075   0.07786   0.21625   1.00000
   0.13710   0.13159   1.00000   0.48068
   0.26568   0.48698   0.55588   0.75226
   0.05278   0.49868   0.40674   0.49125
   0.06023   0.51283   0.63761   0.33973
   0.54092   0.25667   0.28294   0.28406
   0.09492   0.99451   0.23016   0.16137
   0.41342   0.35938   0.29288   0.31196
   1.00000   1.00000   1.00000   1.00000
