
       0      -0.024
    0    0    0    0
    0    0    0    0
    0    0    0    0
    0    0    0    0


   0.00000E+00   0.76109E+01   0.00000E+00   0.00000E+00
   0.00000E+00   0.89696E-02   0.00000E+00   0.26725E-01
   0.62740E-02   0.95416E-01   0.10080E-01   0.00000E+00
   0.76621E+00   0.81017E+01   0.00000E+00  -0.20076E-16
   0.32435E-03   0.12923E-02   0.11363E-04   0.27477E-02
   0.10696E+03   0.00000E+00   0.00000E+00   0.00000E+00
   0.57716E-09   0.29503E-02  -0.86249E-18   0.81409E-09
   0.00000E+00   0.11586E-01   0.98383E-02   0.14457E-01
   0.56035E-02   0.27903E-01   0.89372E-03   0.16341E-01
  -0.19424E-16   0.76122E+01   0.00000E+00   0.00000E+00
   0.11137E-08   0.14181E-02   0.00000E+00   0.14834E-04
   0.79728E+00   0.41733E+01   0.00000E+00  -0.51228E-16
   0.42457E+01   0.21192E+01   0.00000E+00   0.00000E+00
   0.00000E+00   0.21515E+00   0.00000E+00   0.00000E+00
   0.00000E+00   0.15023E-03  -0.12281E-23   0.19998E-02
   0.00000E+00   0.24890E-01   0.00000E+00   0.28170E-01
   0.13362E-01   0.55034E-01   0.00000E+00   0.12168E+00
   0.13094E-03   0.23185E-01   0.22042E-05   0.60205E-03
  -0.90082E-25  -0.13331E-18   0.17455E-03  -0.92203E-18
   0.17877E-02   0.24735E-02   0.68201E-03   0.58030E-03
   0.74977E-01   0.43904E-01   0.21083E-01   0.10792E-01
   0.00000E+00   0.33307E+00   0.00000E+00   0.00000E+00
   0.12995E-02   0.31827E-01   0.46925E-03   0.62216E-03
   0.80333E-02   0.85606E-01   0.14875E-01   0.87981E-01
   0.00000E+00   0.00000E+00   0.00000E+00   0.19576E+02
   0.00000E+00  -0.48906E-21   0.77122E+02   0.00000E+00
   0.00000E+00   0.00000E+00   0.00000E+00   0.00000E+00
   0.00000E+00   0.98657E+01   0.40961E+01   0.68819E+01
   0.00000E+00   0.59033E+01   0.48113E+01   0.00000E+00
   0.56051E+02   0.16293E+02   0.11015E+02   0.11593E+02
   0.00000E+00   0.33137E+02   0.00000E+00   0.00000E+00
   0.32121E+03   0.23573E+03   0.96399E+02   0.95849E+02
   0.10000E+01   0.10000E+01   0.10000E+01   0.10000E+01

   0.42803E+01   0.23075E+02   0.11488E+02   0.10426E+02
   0.74810E-02   0.20756E-01   0.12643E-01   0.44865E-01
   0.30208E-01   0.15131E+00   0.56260E-01   0.54032E-01
   0.72958E+01   0.18501E+02   0.51576E+01   0.59858E+01
   0.12659E-02   0.29594E-02   0.16403E-02   0.49131E-02
   0.15671E+03   0.12999E+02   0.10365E+02   0.15490E+02
   0.13536E-02   0.11846E-01   0.39591E-02   0.40507E-02
   0.00000E+00   0.21707E-01   0.41797E-01   0.42331E-01
   0.15378E-01   0.50058E-01   0.14912E-01   0.36477E-01
   0.19641E+01   0.15771E+02   0.43868E+01   0.47089E+01
   0.18395E-02   0.10069E-01   0.32032E-02   0.54127E-02
   0.59772E+01   0.12705E+02   0.64545E+01   0.70612E+01
   0.18604E+02   0.19236E+02   0.17709E+02   0.18387E+02
   0.35800E-01   0.32916E+00   0.62774E-01   0.11252E+00
   0.14999E-02   0.92046E-02   0.22793E-02   0.12967E-01
   0.31084E-02   0.45285E-01   0.13870E-01   0.48903E-01
   0.54745E-01   0.11482E+00   0.54079E-01   0.20592E+00
   0.64463E-02   0.37760E-01   0.10205E-01   0.14911E-01
   0.72872E-04   0.73110E-03   0.48682E-02   0.34229E-02
   0.68692E-02   0.15951E-01   0.23132E-01   0.19667E-01
   0.10808E+00   0.86146E-01   0.75432E-01   0.63323E-01
   0.64608E-01   0.49977E+00   0.14278E+00   0.11793E+00
   0.91644E-02   0.51198E-01   0.16532E-01   0.18962E-01
   0.49530E-01   0.16618E+00   0.91066E-01   0.18705E+00
   0.55994E+01   0.37355E+01   0.87631E+01   0.30939E+02
   0.37698E+02   0.40382E+02   0.20390E+03   0.11148E+03
   0.55258E+02   0.10662E+03   0.13300E+03   0.15179E+03
   0.20662E+01   0.18139E+02   0.14238E+02   0.17391E+02
   0.17665E+01   0.11343E+02   0.13111E+02   0.71876E+01
   0.78676E+02   0.39640E+02   0.41978E+02   0.41791E+02
   0.57854E+01   0.49170E+02   0.13920E+02   0.94802E+01
   0.46200E+03   0.40978E+03   0.33134E+03   0.35552E+03
   0.10000E+01   0.10000E+01   0.10000E+01   0.10000E+01

   0.00000   0.45580   0.00000   0.00000
   0.00000   0.16542   0.00000   0.49111
   0.03622   0.55174   0.05809   0.00000
   0.04356   0.49049   0.00000   0.00000
   0.04695   0.18833   0.00165   0.39832
   0.88976   0.00000   0.00000   0.00000
   0.00000   0.35578   0.00000   0.00000
   0.00000   0.16881   0.14554   0.20854
   0.07564   0.37832   0.01197   0.22041
   0.00000   0.64705   0.00000   0.00000
   0.00000   0.47069   0.00000   0.00528
   0.05780   0.30855   0.00000   0.00000
   0.15752   0.07425   0.00000   0.00000
   0.00000   0.65660   0.00000   0.00000
   0.00000   0.06150   0.00000   0.20883
   0.00000   0.33525   0.00000   0.37555
   0.04797   0.19837   0.00000   0.43691
   0.00964   0.56446   0.00199   0.03654
   0.00000   0.00000   0.38230   0.00000
   0.05776   0.22484   0.02194   0.04872
   0.33390   0.19593   0.09399   0.04803
   0.00000   0.67684   0.00000   0.00000
   0.02299   0.56369   0.03958   0.01411
   0.02552   0.27326   0.04734   0.27952
   0.00000   0.00000   0.00000   0.65805
   0.00000   0.00000   0.39207   0.00000
   0.00000   0.00000   0.00000   0.00000
   0.00000   0.29504   0.12211   0.20886
   0.00000   0.29871   0.24314   0.00000
   0.40063   0.11669   0.07894   0.08282
   0.00000   0.69823   0.00000   0.00000
   0.29807   0.21863   0.08953   0.08900
   1.00000   1.00000   1.00000   1.00000

   0.22558   1.00000   0.53670   0.50196
   0.13740   0.37865   0.23242   0.82621
   0.17497   0.87406   0.32472   0.31244
   0.37720   0.89381   0.27506   0.31918
   0.18383   0.42556   0.23772   0.71360
   1.00000   0.09243   0.07182   0.10425
   0.14023   0.93569   0.34544   0.48712
   0.00000   0.31608   0.60292   0.62272
   0.20811   0.67070   0.20139   0.49294
   0.14302   1.00000   0.31472   0.33612
   0.19563   0.95624   0.24274   0.49309
   0.38666   0.81427   0.42964   0.46791
   0.57861   0.63061   0.55072   0.57653
   0.10962   1.00000   0.19199   0.34340
   0.13555   0.79117   0.05455   0.93850
   0.04215   0.60924   0.18491   0.65870
   0.19671   0.40975   0.19416   0.73909
   0.15707   0.92550   0.24702   0.36303
   0.01693   0.16983   1.00000   0.61766
   0.18869   0.48441   0.61792   0.60600
   0.48018   0.38253   0.33556   0.28202
   0.13090   1.00000   0.28943   0.23966
   0.16235   0.90310   0.29193   0.33534
   0.15742   0.52403   0.28926   0.59552
   0.18666   0.12474   0.29202   1.00000
   0.19075   0.20454   1.00000   0.56291
   0.33886   0.62916   0.76970   0.86014
   0.06165   0.53958   0.42420   0.51734
   0.08920   0.57473   0.65807   0.36349
   0.56404   0.28240   0.29938   0.29892
   0.12008   0.99855   0.28795   0.19975
   0.43012   0.38006   0.30708   0.32989
   1.00000   1.00000   1.00000   1.00000
