
       0      -0.024
    0    0    0    0
    0    0    0    0
    0    0    0    0
    0    0    0    0


   0.00000E+00   0.11591E+02   0.00000E+00   0.00000E+00
   0.00000E+00   0.10534E-01   0.00000E+00   0.29820E-01
   0.78428E-02   0.10366E+00   0.12687E-01   0.46724E-05
   0.23313E+01   0.10606E+02   0.00000E+00  -0.20076E-16
   0.37251E-03   0.15243E-02   0.13008E-03   0.30285E-02
   0.11681E+03   0.00000E+00   0.00000E+00   0.00000E+00
   0.69408E-07   0.40176E-02   0.00000E+00   0.14372E-04
   0.00000E+00   0.13278E-01   0.10844E-01   0.16084E-01
   0.63129E-02   0.30893E-01   0.15182E-02   0.16693E-01
   0.00000E+00   0.93454E+01   0.00000E+00   0.00000E+00
   0.20799E-07   0.14181E-02   0.88571E-17   0.14834E-04
   0.19756E+01   0.59371E+01   0.00000E+00  -0.51228E-16
   0.77769E+01   0.60162E+01   0.00000E+00   0.67051E+00
   0.00000E+00   0.23831E+00   0.00000E+00   0.86772E-02
   0.00000E+00   0.15023E-03   0.00000E+00   0.20162E-02
   0.00000E+00   0.28205E-01   0.00000E+00   0.31374E-01
   0.14743E-01   0.62918E-01   0.00000E+00   0.13676E+00
   0.13094E-03   0.25494E-01   0.78386E-04   0.19251E-02
   0.00000E+00   0.00000E+00   0.17455E-03   0.00000E+00
   0.17877E-02   0.44410E-02   0.10601E-02   0.59476E-03
   0.77528E-01   0.50068E-01   0.28230E-01   0.10792E-01
   0.22419E-02   0.36396E+00   0.12644E-01   0.00000E+00
   0.13624E-02   0.35356E-01   0.46925E-03   0.62216E-03
   0.10515E-01   0.96689E-01   0.22241E-01   0.98415E-01
   0.00000E+00   0.00000E+00   0.00000E+00   0.22129E+02
   0.00000E+00  -0.48906E-21   0.96391E+02   0.00000E+00
   0.65611E+01   0.20340E+02   0.00000E+00   0.25805E+02
   0.00000E+00   0.10925E+02   0.54915E+01   0.73490E+01
   0.00000E+00   0.63518E+01   0.60416E+01   0.85294E-04
   0.58139E+02   0.19647E+02   0.15247E+02   0.12635E+02
   0.00000E+00   0.36299E+02   0.38279E-01   0.00000E+00
   0.32943E+03   0.25686E+03   0.12451E+03   0.10389E+03
   0.10000E+01   0.10000E+01   0.10000E+01   0.10000E+01

   0.21940E+01   0.19645E+02   0.63693E+01   0.56684E+01
   0.57755E-02   0.17710E-01   0.88064E-02   0.43199E-01
   0.22746E-01   0.14154E+00   0.47269E-01   0.42657E-01
   0.54313E+01   0.16191E+02   0.27262E+01   0.37694E+01
   0.11330E-02   0.24998E-02   0.12415E-02   0.46707E-02
   0.14515E+03   0.67444E+01   0.84327E+01   0.13402E+02
   0.11830E-02   0.11846E-01   0.19491E-02   0.32430E-02
   0.00000E+00   0.20214E-01   0.39298E-01   0.42207E-01
   0.13835E-01   0.44207E-01   0.11936E-01   0.32990E-01
   0.12319E+01   0.14018E+02   0.30208E+01   0.31753E+01
   0.15318E-02   0.10069E-01   0.30305E-02   0.54127E-02
   0.43658E+01   0.10180E+02   0.40146E+01   0.49456E+01
   0.14417E+02   0.13868E+02   0.96011E+01   0.13051E+02
   0.23189E-01   0.31671E+00   0.43247E-01   0.85577E-01
   0.14628E-02   0.92046E-02   0.22793E-02   0.12967E-01
   0.21475E-02   0.40882E-01   0.99384E-02   0.45001E-01
   0.46112E-01   0.99088E-01   0.36068E-01   0.19658E+00
   0.55292E-02   0.34499E-01   0.81162E-02   0.12988E-01
   0.61876E-05   0.36014E-03   0.47720E-02   0.34229E-02
   0.68692E-02   0.15742E-01   0.23132E-01   0.17905E-01
   0.10113E+00   0.77138E-01   0.68990E-01   0.56649E-01
   0.46425E-01   0.47785E+00   0.10289E+00   0.78462E-01
   0.68043E-02   0.47400E-01   0.13601E-01   0.16049E-01
   0.43800E-01   0.14622E+00   0.79895E-01   0.17476E+00
   0.40614E+01   0.19754E+01   0.56950E+01   0.30131E+02
   0.23695E+02   0.21973E+02   0.19964E+03   0.88613E+02
   0.37005E+02   0.70497E+02   0.75042E+02   0.11261E+03
   0.15813E+01   0.16275E+02   0.13325E+02   0.16003E+02
   0.10438E+01   0.97595E+01   0.12545E+02   0.64325E+01
   0.74430E+02   0.34238E+02   0.38492E+02   0.38686E+02
   0.41914E+01   0.48191E+02   0.97626E+01   0.62538E+01
   0.43807E+03   0.37790E+03   0.30782E+03   0.32450E+03
   0.10000E+01   0.10000E+01   0.10000E+01   0.10000E+01

   0.00000   0.66126   0.00000   0.00000
   0.00000   0.19427   0.00000   0.54829
   0.04533   0.59963   0.07333   0.00003
   0.12999   0.60256   0.00000  -0.00000
   0.05398   0.22140   0.01886   0.43879
   0.89094   0.00000   0.00000   0.00000
   0.00001   0.52763   0.00000   0.00215
   0.00000   0.19180   0.16005   0.23212
   0.08526   0.41788   0.02050   0.22545
   0.00000   0.72885   0.00000   0.00000
   0.00000   0.20221   0.00000   0.00260
   0.13907   0.41988   0.00000  -0.00000
   0.27434   0.20809   0.00000   0.02295
   0.00000   0.72913   0.00000   0.02660
   0.00000   0.01144   0.00000   0.23944
   0.00000   0.37907   0.00000   0.42063
   0.05294   0.22626   0.00000   0.49106
   0.00321   0.62119   0.00193   0.04803
   0.00000   0.00000   0.04852   0.00000
   0.05431   0.14451   0.03309   0.01712
   0.34534   0.22313   0.12580   0.04803
   0.00450   0.73953   0.02577   0.00000
   0.02447   0.62421   0.00843   0.01100
   0.03340   0.30771   0.07067   0.31244
   0.00000   0.00000   0.00000   0.74106
   0.00000  -0.00000   0.48898   0.00000
   0.04133   0.13206   0.00000   0.16463
   0.00000   0.32605   0.16376   0.21897
   0.00000   0.32126   0.30552   0.00000
   0.41539   0.14051   0.10909   0.09021
   0.00000   0.76073   0.00079   0.00000
   0.30564   0.23827   0.11563   0.09645
   1.00000   1.00000   1.00000   1.00000

   0.12108   0.99856   0.33246   0.30235
   0.10633   0.32435   0.16168   0.79006
   0.13156   0.81814   0.27319   0.24656
   0.29303   0.84656   0.14858   0.20550
   0.16426   0.36127   0.17982   0.67707
   1.00000   0.04850   0.05983   0.09512
   0.17551   0.98252   0.21342   0.32875
   0.00000   0.29617   0.56712   0.62294
   0.18704   0.59550   0.16121   0.44549
   0.09139   0.99582   0.22313   0.23458
   0.21652   0.94281   0.25243   0.52606
   0.29559   0.68363   0.27474   0.33866
   0.47916   0.46957   0.32066   0.43583
   0.07110   0.97078   0.13251   0.26090
   0.15641   0.74843   0.18073   0.98726
   0.02909   0.54893   0.13279   0.60500
   0.16577   0.35501   0.12935   0.70397
   0.13794   0.83966   0.19745   0.31848
   0.00620   0.10276   1.00000   0.95148
   0.22215   0.49087   0.66604   0.55880
   0.45075   0.34306   0.30707   0.25219
   0.09375   0.96284   0.20887   0.15937
   0.12018   0.83823   0.24040   0.28822
   0.13919   0.46325   0.25373   0.55528
   0.13558   0.06600   0.19005   1.00000
   0.11990   0.11129   1.00000   0.44853
   0.23260   0.43444   0.46190   0.69403
   0.04715   0.48496   0.39705   0.47556
   0.05280   0.49331   0.63426   0.32512
   0.53229   0.24437   0.27478   0.27642
   0.08627   0.99197   0.20283   0.13124
   0.40701   0.35069   0.28559   0.30109
   1.00000   1.00000   1.00000   1.00000
