
       0      -0.086
    0    0    0    0
    0    0    0    0
    0    0    0    0
    0    0    0    0


   0.14780E+02   0.00000E+00   0.00000E+00   0.00000E+00
   0.00000E+00   0.00000E+00   0.00000E+00   0.00000E+00
   0.00000E+00   0.00000E+00   0.00000E+00   0.00000E+00
   0.00000E+00   0.00000E+00   0.00000E+00   0.00000E+00
   0.14687E+02   0.00000E+00   0.28834E+01   0.00000E+00
   0.00000E+00   0.00000E+00   0.00000E+00   0.00000E+00
  -0.58170E-15   0.00000E+00   0.16738E+03   0.00000E+00
   0.00000E+00   0.00000E+00   0.00000E+00   0.00000E+00
   0.00000E+00   0.00000E+00   0.00000E+00   0.00000E+00
  -0.89243E-17  -0.66841E-18   0.00000E+00   0.00000E+00
   0.10582E+02   0.00000E+00   0.00000E+00   0.00000E+00
   0.00000E+00   0.00000E+00   0.00000E+00   0.00000E+00
   0.61349E+01   0.32559E+00   0.35204E+01   0.00000E+00
   0.48767E+01   0.12345E+01   0.14955E+02  -0.40825E-16
   0.00000E+00   0.00000E+00   0.00000E+00   0.00000E+00
   0.00000E+00   0.00000E+00   0.00000E+00  -0.18678E-25
   0.00000E+00   0.00000E+00   0.00000E+00   0.00000E+00
   0.00000E+00   0.66430E-01   0.00000E+00   0.00000E+00
   0.00000E+00   0.00000E+00   0.00000E+00   0.00000E+00
   0.00000E+00   0.00000E+00   0.00000E+00   0.00000E+00
   0.00000E+00   0.00000E+00   0.00000E+00   0.00000E+00
   0.00000E+00   0.00000E+00   0.00000E+00   0.00000E+00
   0.00000E+00   0.00000E+00   0.00000E+00   0.00000E+00
   0.00000E+00   0.00000E+00   0.00000E+00   0.00000E+00
   0.00000E+00   0.94234E-01   0.00000E+00   0.00000E+00
   0.00000E+00   0.13498E+02  -0.31219E-18   0.00000E+00
   0.00000E+00   0.00000E+00   0.00000E+00   0.95253E+02
   0.00000E+00   0.53208E+02   0.41610E+01   0.00000E+00
   0.00000E+00   0.00000E+00   0.00000E+00   0.00000E+00
   0.00000E+00   0.00000E+00   0.00000E+00   0.00000E+00
   0.00000E+00   0.00000E+00   0.85629E+02   0.00000E+00
   0.00000E+00   0.00000E+00  -0.61783E-16   0.00000E+00
   0.23141E+03   0.90607E+02   0.52180E+03   0.16297E+03
   0.10000E+01   0.10000E+01   0.10000E+01   0.10000E+01

   0.25063E+02   0.43514E+01   0.43136E+01   0.64015E+01
   0.26815E+01   0.26893E+01   0.22389E+01   0.33073E+01
   0.27047E+01   0.25692E+01   0.22005E+01   0.32174E+01
   0.28194E+01   0.29513E+01   0.25906E+01   0.35919E+01
   0.23652E+02   0.40707E+01   0.86531E+01   0.37000E+01
   0.12847E+00   0.12846E+00   0.10939E+00   0.15752E+00
   0.15836E+02   0.75854E+01   0.20704E+03   0.12746E+02
   0.25388E+01   0.24710E+01   0.21287E+01   0.30589E+01
   0.11698E+00   0.11142E+00   0.80275E-01   0.18686E+00
   0.13539E+00   0.13590E+00   0.75338E-01   0.18213E+00
   0.16316E+02   0.18767E+01   0.21594E+01   0.29515E+01
   0.25338E+01   0.24534E+01   0.21361E+01   0.30545E+01
   0.11085E+02   0.37992E+01   0.73360E+01   0.31452E+01
   0.14050E+02   0.10059E+02   0.25156E+02   0.75751E+01
   0.28241E+01   0.26153E+01   0.22302E+01   0.32764E+01
   0.25297E+01   0.24538E+01   0.21443E+01   0.30765E+01
   0.10119E+00   0.91591E-01   0.63543E-01   0.11728E+00
   0.89601E-01   0.24192E+00   0.10300E+00   0.13501E+00
   0.25785E+01   0.24796E+01   0.21321E+01   0.30804E+01
   0.25467E+01   0.24591E+01   0.21333E+01   0.30821E+01
   0.25467E+01   0.24817E+01   0.21363E+01   0.30968E+01
   0.26658E+01   0.25933E+01   0.22854E+01   0.32346E+01
   0.32597E+01   0.26756E+01   0.23088E+01   0.36289E+01
   0.25724E+01   0.24662E+01   0.21362E+01   0.30996E+01
   0.15231E+00   0.33651E+00   0.11051E+00   0.27925E+00
   0.98172E+00   0.16474E+02   0.14892E+01   0.19112E+01
   0.32238E+02   0.46698E+02   0.25751E+02   0.16168E+03
   0.32085E+02   0.11690E+03   0.43912E+02   0.59073E+02
   0.24371E+02   0.30544E+02   0.13673E+02   0.37208E+02
   0.17616E+02   0.24178E+02   0.16103E+02   0.32184E+02
   0.51273E+02   0.60640E+02   0.15199E+03   0.73590E+02
   0.12325E+03   0.72558E+02   0.66008E+02   0.11886E+03
   0.36505E+03   0.21716E+03   0.63721E+03   0.32866E+03
   0.10000E+01   0.10000E+01   0.10000E+01   0.10000E+01

   0.71524   0.00000   0.00000   0.00000
   0.00000   0.00000   0.00000   0.00000
   0.00000   0.00000   0.00000   0.00000
   0.00000   0.00000   0.00000   0.00000
   0.59312   0.00000   0.11167   0.00000
   0.00000   0.00000   0.00000   0.00000
  -0.00000   0.00000   0.91205   0.00000
   0.00000   0.00000   0.00000   0.00000
   0.00000   0.00000   0.00000   0.00000
  -0.00000  -0.00000   0.00000   0.00000
   0.75993   0.00000   0.00000   0.00000
   0.00000   0.00000   0.00000   0.00000
   0.38995   0.02007   0.22269   0.00000
   0.14086   0.03531   0.45096   0.00000
   0.00000   0.00000   0.00000   0.00000
   0.00000   0.00000   0.00000  -0.00000
   0.00000   0.00000   0.00000   0.00000
   0.00000   0.31565   0.00000   0.00000
   0.00000   0.00000   0.00000   0.00000
   0.00000   0.00000   0.00000   0.00000
   0.00000   0.00000   0.00000   0.00000
   0.00000   0.00000   0.00000   0.00000
   0.00000   0.00000   0.00000   0.00000
   0.00000   0.00000   0.00000   0.00000
   0.00000   0.23997   0.00000   0.00000
   0.00000   0.83789  -0.00000   0.00000
   0.00000   0.00000   0.00000   0.59754
   0.00000   0.41318   0.03238   0.00000
   0.00000   0.00000   0.00000   0.00000
   0.00000   0.00000   0.00000   0.00000
   0.00000   0.00000   0.52921   0.00000
   0.00000   0.00000   0.00000   0.00000
   0.18870   0.07386   0.42476   0.13290
   1.00000   1.00000   1.00000   1.00000

   1.00000   0.19248   0.18929   0.27854
   1.00000   1.00000   1.00000   1.00000
   1.00000   1.00000   1.00000   1.00000
   1.00000   1.00000   1.00000   1.00000
   0.84820   0.15463   0.32368   0.14102
   1.00000   1.00000   1.00000   1.00000
   0.08066   0.03831   1.00000   0.06459
   1.00000   1.00000   1.00000   1.00000
   0.80020   0.80768   0.54131   1.00000
   0.81156   0.82541   0.47345   1.00000
   1.00000   0.12439   0.14276   0.19678
   1.00000   1.00000   1.00000   1.00000
   0.65158   0.22987   0.43554   0.19148
   0.38677   0.27800   0.67534   0.21048
   1.00000   1.00000   1.00000   1.00000
   1.00000   1.00000   1.00000   1.00000
   1.00000   0.97326   0.82222   1.00000
   0.36349   0.97879   0.43805   0.54829
   1.00000   1.00000   1.00000   1.00000
   1.00000   1.00000   1.00000   1.00000
   1.00000   1.00000   1.00000   1.00000
   1.00000   1.00000   1.00000   1.00000
   1.00000   1.00000   1.00000   1.00000
   1.00000   1.00000   1.00000   1.00000
   0.36284   0.80563   0.26449   0.65434
   0.06063   1.00000   0.09184   0.11791
   0.20218   0.29263   0.16133   1.00000
   0.23397   0.84508   0.32412   0.42562
   0.69345   0.90520   0.40247   0.99051
   0.84662   0.94395   0.73392   1.00000
   0.28590   0.34208   0.85211   0.40735
   1.00000   0.84663   0.76067   0.99223
   0.29783   0.17700   0.52036   0.26791
   1.00000   1.00000   1.00000   1.00000
