
       0      -0.086
    0    0    0    0
    0    0    0    0
    0    0    0    0
    0    0    0    0


   0.13576E+02  -0.35151E-15   0.00000E+00   0.00000E+00
   0.00000E+00   0.00000E+00   0.00000E+00   0.00000E+00
   0.00000E+00   0.00000E+00   0.00000E+00   0.00000E+00
   0.00000E+00   0.00000E+00   0.00000E+00   0.00000E+00
   0.13804E+02   0.00000E+00   0.23613E+01   0.00000E+00
   0.00000E+00   0.00000E+00   0.00000E+00   0.00000E+00
  -0.58170E-15   0.00000E+00   0.16403E+03  -0.33888E-14
   0.00000E+00   0.00000E+00   0.00000E+00  -0.73002E-20
   0.00000E+00   0.00000E+00   0.00000E+00   0.00000E+00
  -0.89243E-17  -0.66841E-18   0.00000E+00   0.00000E+00
   0.10060E+02  -0.56623E-16  -0.20201E-16   0.00000E+00
   0.00000E+00   0.00000E+00   0.00000E+00   0.00000E+00
   0.56564E+01   0.00000E+00   0.31305E+01   0.00000E+00
   0.38547E+01  -0.81225E-15   0.13800E+02  -0.22423E-15
   0.00000E+00   0.00000E+00   0.00000E+00   0.00000E+00
   0.00000E+00   0.00000E+00   0.00000E+00  -0.18678E-25
   0.00000E+00   0.00000E+00   0.00000E+00   0.00000E+00
   0.00000E+00   0.38850E-01   0.00000E+00   0.00000E+00
   0.00000E+00   0.00000E+00   0.00000E+00   0.00000E+00
   0.00000E+00   0.00000E+00   0.00000E+00   0.00000E+00
   0.00000E+00   0.00000E+00   0.00000E+00   0.00000E+00
   0.00000E+00   0.00000E+00   0.00000E+00   0.00000E+00
   0.00000E+00   0.00000E+00   0.00000E+00   0.00000E+00
   0.00000E+00   0.00000E+00   0.00000E+00   0.00000E+00
   0.00000E+00   0.66294E-01   0.00000E+00   0.00000E+00
  -0.29389E-16   0.13262E+02  -0.31219E-18   0.00000E+00
   0.00000E+00   0.00000E+00   0.00000E+00   0.90110E+02
   0.00000E+00   0.45632E+02   0.00000E+00   0.00000E+00
   0.00000E+00   0.00000E+00   0.00000E+00   0.00000E+00
   0.00000E+00   0.00000E+00   0.00000E+00   0.00000E+00
   0.00000E+00   0.00000E+00   0.77336E+02   0.00000E+00
   0.00000E+00  -0.68719E-15  -0.61783E-16   0.00000E+00
   0.22682E+03   0.88105E+02   0.52004E+03   0.15113E+03
   0.10000E+01   0.10000E+01   0.10000E+01   0.10000E+01

   0.26007E+02   0.52874E+01   0.51586E+01   0.78174E+01
   0.34329E+01   0.34178E+01   0.28974E+01   0.42178E+01
   0.34375E+01   0.32974E+01   0.28334E+01   0.41275E+01
   0.35902E+01   0.36699E+01   0.32248E+01   0.45081E+01
   0.24552E+02   0.45663E+01   0.93737E+01   0.43538E+01
   0.16653E+00   0.16483E+00   0.14101E+00   0.20296E+00
   0.18647E+02   0.82474E+01   0.21088E+03   0.13726E+02
   0.32996E+01   0.31845E+01   0.27751E+01   0.39721E+01
   0.14088E+00   0.13348E+00   0.99383E-01   0.21095E+00
   0.15841E+00   0.15650E+00   0.95000E-01   0.21076E+00
   0.16788E+02   0.21981E+01   0.24305E+01   0.33240E+01
   0.32825E+01   0.31822E+01   0.27758E+01   0.39571E+01
   0.11637E+02   0.42107E+01   0.78409E+01   0.36708E+01
   0.15161E+02   0.11105E+02   0.26573E+02   0.94584E+01
   0.35865E+01   0.33439E+01   0.28635E+01   0.41870E+01
   0.32756E+01   0.31803E+01   0.27587E+01   0.39580E+01
   0.12146E+00   0.11102E+00   0.81076E-01   0.14145E+00
   0.11146E+00   0.26217E+00   0.12203E+00   0.17104E+00
   0.33050E+01   0.32017E+01   0.27860E+01   0.39789E+01
   0.32898E+01   0.31774E+01   0.27895E+01   0.39810E+01
   0.32926E+01   0.31946E+01   0.27839E+01   0.39779E+01
   0.34280E+01   0.33217E+01   0.29438E+01   0.41449E+01
   0.40233E+01   0.34200E+01   0.29654E+01   0.45361E+01
   0.33310E+01   0.31912E+01   0.27921E+01   0.40038E+01
   0.18167E+00   0.36394E+00   0.13074E+00   0.32143E+00
   0.13024E+01   0.16555E+02   0.17280E+01   0.20525E+01
   0.39948E+02   0.50019E+02   0.28369E+02   0.16232E+03
   0.38701E+02   0.12345E+03   0.49178E+02   0.68810E+02
   0.28931E+02   0.34456E+02   0.17405E+02   0.43389E+02
   0.22397E+02   0.29000E+02   0.20173E+02   0.37166E+02
   0.60974E+02   0.69549E+02   0.16190E+03   0.87008E+02
   0.14560E+03   0.92264E+02   0.85899E+02   0.14710E+03
   0.38641E+03   0.22288E+03   0.64573E+03   0.33529E+03
   0.10000E+01   0.10000E+01   0.10000E+01   0.10000E+01

   0.66684  -0.00000   0.00000   0.00000
   0.00000   0.00000   0.00000   0.00000
   0.00000   0.00000   0.00000   0.00000
   0.00000   0.00000   0.00000   0.00000
   0.56864   0.00000   0.09167   0.00000
   0.00000   0.00000   0.00000   0.00000
  -0.00000   0.00000   0.90529  -0.00000
   0.00000   0.00000   0.00000  -0.00000
   0.00000   0.00000   0.00000   0.00000
   0.00000   0.00000   0.00000   0.00000
   0.74170  -0.00000  -0.00000   0.00000
   0.00000   0.00000   0.00000   0.00000
   0.36377   0.00000   0.19993   0.00000
   0.11185  -0.00000   0.42333  -0.00000
   0.00000   0.00000   0.00000   0.00000
   0.00000   0.00000   0.00000   0.00000
   0.00000   0.00000   0.00000   0.00000
   0.00000   0.18470   0.00000   0.00000
   0.00000   0.00000   0.00000   0.00000
   0.00000   0.00000   0.00000   0.00000
   0.00000   0.00000   0.00000   0.00000
   0.00000   0.00000   0.00000   0.00000
   0.00000   0.00000   0.00000   0.00000
   0.00000   0.00000   0.00000   0.00000
   0.00000   0.16954   0.00000   0.00000
  -0.00000   0.82406   0.00000   0.00000
   0.00000   0.00000   0.00000   0.56545
   0.00000   0.35617   0.00000   0.00000
   0.00000   0.00000   0.00000   0.00000
   0.00000   0.00000   0.00000   0.00000
   0.00000   0.00000   0.48498   0.00000
   0.00000  -0.00000  -0.00000   0.00000
   0.18496   0.07181   0.42321   0.12317
   1.00000   1.00000   1.00000   1.00000

   1.00000   0.23094   0.22244   0.33316
   1.00000   1.00000   1.00000   1.00000
   1.00000   1.00000   1.00000   1.00000
   1.00000   1.00000   1.00000   1.00000
   0.86272   0.17299   0.34724   0.16561
   1.00000   1.00000   1.00000   1.00000
   0.09471   0.04164   1.00000   0.06932
   1.00000   1.00000   1.00000   1.00000
   0.90640   0.89057   0.63720   1.00000
   0.88475   0.88711   0.57325   1.00000
   1.00000   0.14499   0.15966   0.22113
   1.00000   1.00000   1.00000   1.00000
   0.67417   0.25347   0.45960   0.22296
   0.41279   0.30405   0.69927   0.26102
   1.00000   1.00000   1.00000   1.00000
   1.00000   1.00000   1.00000   1.00000
   1.00000   1.00000   0.91640   1.00000
   0.43381   0.99374   0.49899   0.66318
   1.00000   1.00000   1.00000   1.00000
   1.00000   1.00000   1.00000   1.00000
   1.00000   1.00000   1.00000   1.00000
   1.00000   1.00000   1.00000   1.00000
   1.00000   1.00000   1.00000   1.00000
   1.00000   1.00000   1.00000   1.00000
   0.42529   0.85895   0.30873   0.73347
   0.08041   1.00000   0.10655   0.12658
   0.25046   0.31342   0.17779   1.00000
   0.27653   0.87448   0.35916   0.48499
   0.76912   0.96015   0.49128   0.99696
   0.96331   0.97706   0.83518   1.00000
   0.33226   0.38586   0.89066   0.46316
   1.00000   0.94077   0.87050   1.00000
   0.31495   0.18167   0.52680   0.27328
   1.00000   1.00000   1.00000   1.00000
