
       0      -0.086
    0    0    0    0
    0    0    0    0
    0    0    0    0
    0    0    0    0


   0.16920E+02   0.00000E+00   0.00000E+00   0.00000E+00
   0.00000E+00   0.00000E+00   0.00000E+00   0.00000E+00
   0.00000E+00   0.00000E+00   0.00000E+00   0.00000E+00
   0.00000E+00   0.00000E+00   0.00000E+00   0.00000E+00
   0.16285E+02   0.84919E-01   0.37840E+01   0.00000E+00
   0.00000E+00   0.00000E+00   0.00000E+00   0.00000E+00
   0.00000E+00   0.00000E+00   0.17296E+03   0.00000E+00
   0.00000E+00   0.00000E+00   0.00000E+00   0.00000E+00
   0.00000E+00   0.00000E+00   0.00000E+00   0.00000E+00
   0.55333E-02   0.00000E+00   0.00000E+00   0.00000E+00
   0.11552E+02   0.00000E+00   0.00000E+00   0.00000E+00
   0.00000E+00   0.00000E+00   0.00000E+00   0.00000E+00
   0.69530E+01   0.10093E+01   0.41667E+01   0.00000E+00
   0.65918E+01   0.34283E+01   0.16916E+02  -0.40825E-16
   0.00000E+00   0.00000E+00   0.00000E+00   0.00000E+00
   0.00000E+00   0.00000E+00   0.00000E+00   0.00000E+00
   0.00000E+00   0.00000E+00   0.00000E+00   0.00000E+00
   0.00000E+00   0.11421E+00   0.18555E-02   0.00000E+00
   0.00000E+00   0.00000E+00   0.00000E+00   0.00000E+00
   0.00000E+00   0.00000E+00   0.00000E+00   0.00000E+00
   0.00000E+00   0.00000E+00   0.00000E+00   0.00000E+00
   0.00000E+00   0.00000E+00   0.00000E+00   0.00000E+00
   0.00000E+00   0.00000E+00   0.00000E+00   0.00000E+00
   0.00000E+00   0.00000E+00   0.00000E+00   0.00000E+00
   0.29206E-02   0.14320E+00   0.00000E+00   0.24023E-01
   0.00000E+00   0.13825E+02   0.00000E+00   0.00000E+00
   0.00000E+00   0.00000E+00   0.00000E+00   0.10158E+03
   0.00000E+00   0.65975E+02   0.12202E+02   0.00000E+00
   0.00000E+00   0.41540E+01   0.00000E+00   0.00000E+00
   0.00000E+00   0.00000E+00   0.00000E+00   0.00000E+00
   0.00000E+00   0.26634E+01   0.99425E+02   0.00000E+00
   0.00000E+00   0.00000E+00  -0.61783E-16   0.00000E+00
   0.24111E+03   0.95970E+02   0.52492E+03   0.17513E+03
   0.10000E+01   0.10000E+01   0.10000E+01   0.10000E+01

   0.23377E+02   0.26787E+01   0.29351E+01   0.39863E+01
   0.14207E+01   0.14828E+01   0.11801E+01   0.17705E+01
   0.14562E+01   0.13341E+01   0.11270E+01   0.16958E+01
   0.15275E+01   0.16906E+01   0.14998E+01   0.19948E+01
   0.22082E+02   0.31475E+01   0.74185E+01   0.25010E+01
   0.67279E-01   0.68517E-01   0.57036E-01   0.81914E-01
   0.11936E+02   0.66145E+01   0.19986E+03   0.11178E+02
   0.13217E+01   0.12494E+01   0.10854E+01   0.15743E+01
   0.75000E-01   0.72393E-01   0.48302E-01   0.14153E+00
   0.94582E-01   0.99450E-01   0.42472E-01   0.11709E+00
   0.15401E+02   0.13358E+01   0.16715E+01   0.22190E+01
   0.13086E+01   0.12646E+01   0.10875E+01   0.15754E+01
   0.10101E+02   0.30952E+01   0.64474E+01   0.21764E+01
   0.12099E+02   0.83052E+01   0.22683E+02   0.43222E+01
   0.15748E+01   0.13737E+01   0.11511E+01   0.17392E+01
   0.13003E+01   0.12602E+01   0.10874E+01   0.15781E+01
   0.66838E-01   0.58002E-01   0.32813E-01   0.72851E-01
   0.52672E-01   0.20661E+00   0.71527E-01   0.72751E-01
   0.13406E+01   0.12608E+01   0.10959E+01   0.15925E+01
   0.13188E+01   0.12546E+01   0.10978E+01   0.15700E+01
   0.13190E+01   0.12726E+01   0.11052E+01   0.15954E+01
   0.14345E+01   0.13812E+01   0.12370E+01   0.17053E+01
   0.20027E+01   0.13855E+01   0.11923E+01   0.20388E+01
   0.13586E+01   0.12715E+01   0.10969E+01   0.16024E+01
   0.10571E+00   0.29058E+00   0.78134E-01   0.20567E+00
   0.62205E+00   0.16335E+02   0.10630E+01   0.16935E+01
   0.19701E+02   0.41597E+02   0.21069E+02   0.16055E+03
   0.21448E+02   0.10483E+03   0.34673E+02   0.40379E+02
   0.16535E+02   0.23991E+02   0.73171E+01   0.23216E+02
   0.10031E+02   0.15375E+02   0.90730E+01   0.23670E+02
   0.35139E+02   0.44931E+02   0.13504E+03   0.46151E+02
   0.85216E+02   0.37904E+02   0.34746E+02   0.65943E+02
   0.34204E+03   0.20629E+03   0.61349E+03   0.31721E+03
   0.10000E+01   0.10000E+01   0.10000E+01   0.10000E+01

   0.79499   0.00000   0.00000   0.00000
   0.00000   0.00000   0.00000   0.00000
   0.00000   0.00000   0.00000   0.00000
   0.00000   0.00000   0.00000   0.00000
   0.63846   0.00324   0.14569   0.00000
   0.00000   0.00000   0.00000   0.00000
   0.00000   0.00000   0.91474   0.00000
   0.00000   0.00000   0.00000   0.00000
   0.00000   0.00000   0.00000   0.00000
   0.04193   0.00000   0.00000   0.00000
   0.80073   0.00000   0.00000   0.00000
   0.00000   0.00000   0.00000   0.00000
   0.43381   0.06203   0.25936   0.00000
   0.18897   0.09782   0.49567  -0.00000
   0.00000   0.00000   0.00000   0.00000
   0.00000   0.00000   0.00000   0.00000
   0.00000   0.00000   0.00000   0.00000
   0.00000   0.54257   0.00911   0.00000
   0.00000   0.00000   0.00000   0.00000
   0.00000   0.00000   0.00000   0.00000
   0.00000   0.00000   0.00000   0.00000
   0.00000   0.00000   0.00000   0.00000
   0.00000   0.00000   0.00000   0.00000
   0.00000   0.00000   0.00000   0.00000
   0.00745   0.36176   0.00000   0.06187
   0.00000   0.85666   0.00000   0.00000
   0.00000   0.00000   0.00000   0.63724
   0.00000   0.50771   0.09406   0.00000
   0.00000   0.13866   0.00000   0.00000
   0.00000   0.00000   0.00000   0.00000
   0.00000   0.01570   0.60018   0.00000
   0.00000   0.00000  -0.00000   0.00000
   0.19656   0.07821   0.42751   0.14277
   1.00000   1.00000   1.00000   1.00000

   1.00000   0.12094   0.13182   0.17823
   1.00000   1.00000   1.00000   1.00000
   1.00000   1.00000   1.00000   1.00000
   0.97061   1.00000   1.00000   1.00000
   0.81809   0.12009   0.28099   0.09556
   1.00000   1.00000   1.00000   1.00000
   0.06094   0.03370   0.99984   0.05696
   1.00000   1.00000   1.00000   1.00000
   0.55207   0.55203   0.35298   0.94999
   0.64100   0.67600   0.28779   0.76085
   0.99212   0.08918   0.11149   0.14835
   1.00000   1.00000   1.00000   1.00000
   0.60713   0.18863   0.38972   0.13302
   0.33956   0.23314   0.62848   0.12154
   1.00000   1.00000   1.00000   1.00000
   1.00000   1.00000   1.00000   1.00000
   0.92771   0.81894   0.52923   0.97232
   0.23017   0.90737   0.32196   0.32126
   1.00000   1.00000   1.00000   1.00000
   1.00000   1.00000   1.00000   1.00000
   1.00000   1.00000   1.00000   1.00000
   1.00000   1.00000   1.00000   1.00000
   1.00000   0.89995   0.81077   1.00000
   1.00000   1.00000   1.00000   1.00000
   0.25862   0.71179   0.19123   0.49924
   0.03840   1.00000   0.06561   0.10454
   0.12358   0.26074   0.13205   1.00000
   0.16167   0.78270   0.26068   0.30080
   0.52954   0.78532   0.23390   0.71236
   0.56938   0.77747   0.47615   1.00000
   0.20271   0.26058   0.77872   0.26447
   1.00000   0.56901   0.51118   0.88621
   0.27891   0.16809   0.50007   0.25857
   1.00000   1.00000   1.00000   1.00000
