
       0      -0.086
    0    0    0    0
    0    0    0    0
    0    0    0    0
    0    0    0    0


   0.15951E+02   0.00000E+00   0.00000E+00   0.00000E+00
   0.00000E+00   0.00000E+00   0.00000E+00   0.00000E+00
   0.00000E+00   0.00000E+00   0.00000E+00   0.00000E+00
   0.00000E+00   0.00000E+00   0.00000E+00   0.00000E+00
   0.15544E+02   0.00000E+00   0.33663E+01   0.00000E+00
   0.00000E+00   0.00000E+00   0.00000E+00   0.00000E+00
   0.00000E+00   0.00000E+00   0.17047E+03   0.00000E+00
   0.00000E+00   0.00000E+00   0.00000E+00   0.00000E+00
   0.00000E+00   0.00000E+00   0.00000E+00   0.00000E+00
   0.00000E+00   0.00000E+00   0.00000E+00   0.00000E+00
   0.11119E+02   0.00000E+00   0.00000E+00   0.00000E+00
   0.00000E+00   0.00000E+00   0.00000E+00   0.00000E+00
   0.65804E+01   0.68963E+00   0.38716E+01   0.00000E+00
   0.58098E+01   0.24213E+01   0.16044E+02  -0.40825E-16
   0.00000E+00   0.00000E+00   0.00000E+00   0.00000E+00
   0.00000E+00   0.00000E+00   0.00000E+00  -0.18678E-25
   0.00000E+00   0.00000E+00   0.00000E+00   0.00000E+00
   0.00000E+00   0.92654E-01   0.00000E+00   0.00000E+00
   0.00000E+00   0.00000E+00   0.00000E+00   0.00000E+00
   0.00000E+00   0.00000E+00   0.00000E+00   0.00000E+00
   0.00000E+00   0.00000E+00   0.00000E+00   0.00000E+00
   0.00000E+00   0.00000E+00   0.00000E+00   0.00000E+00
   0.00000E+00   0.00000E+00   0.00000E+00   0.00000E+00
   0.00000E+00   0.00000E+00   0.00000E+00   0.00000E+00
   0.00000E+00   0.12166E+00   0.00000E+00   0.00000E+00
   0.00000E+00   0.13693E+02  -0.36892E-19   0.00000E+00
   0.00000E+00   0.00000E+00   0.00000E+00   0.99078E+02
   0.00000E+00   0.60125E+02   0.86437E+01   0.00000E+00
   0.00000E+00   0.27577E+00   0.00000E+00   0.00000E+00
   0.00000E+00   0.00000E+00   0.00000E+00   0.00000E+00
   0.00000E+00   0.00000E+00   0.93319E+02   0.00000E+00
   0.00000E+00   0.00000E+00  -0.61783E-16   0.00000E+00
   0.23668E+03   0.93439E+02   0.52356E+03   0.16989E+03
   0.10000E+01   0.10000E+01   0.10000E+01   0.10000E+01

   0.24126E+02   0.34454E+01   0.35515E+01   0.50722E+01
   0.19837E+01   0.20190E+01   0.16462E+01   0.24697E+01
   0.20189E+01   0.18701E+01   0.15929E+01   0.23656E+01
   0.21147E+01   0.22509E+01   0.19665E+01   0.27241E+01
   0.22761E+02   0.35612E+01   0.79733E+01   0.30586E+01
   0.94215E-01   0.94124E-01   0.80307E-01   0.11535E+00
   0.13501E+02   0.70558E+01   0.20316E+03   0.11848E+02
   0.18447E+01   0.17901E+01   0.15531E+01   0.22406E+01
   0.93088E-01   0.89898E-01   0.62442E-01   0.16329E+00
   0.11329E+00   0.11622E+00   0.56795E-01   0.14893E+00
   0.15844E+02   0.15781E+01   0.18982E+01   0.25666E+01
   0.18481E+01   0.17930E+01   0.15535E+01   0.22356E+01
   0.10559E+02   0.34193E+01   0.68619E+01   0.26196E+01
   0.13002E+02   0.90974E+01   0.23816E+02   0.57321E+01
   0.21379E+01   0.19100E+01   0.16375E+01   0.24386E+01
   0.18566E+01   0.17833E+01   0.15503E+01   0.22329E+01
   0.82172E-01   0.73256E-01   0.46074E-01   0.93970E-01
   0.68819E-01   0.22238E+00   0.85730E-01   0.10091E+00
   0.18753E+01   0.17922E+01   0.15586E+01   0.22538E+01
   0.18522E+01   0.17850E+01   0.15450E+01   0.22421E+01
   0.18468E+01   0.17973E+01   0.15436E+01   0.22439E+01
   0.19739E+01   0.19173E+01   0.17030E+01   0.23753E+01
   0.25666E+01   0.19693E+01   0.16795E+01   0.27390E+01
   0.18955E+01   0.18050E+01   0.15610E+01   0.22678E+01
   0.12668E+00   0.31172E+00   0.92299E-01   0.23825E+00
   0.74735E+00   0.16398E+02   0.12541E+01   0.17866E+01
   0.24101E+02   0.43913E+02   0.23220E+02   0.16107E+03
   0.26312E+02   0.11031E+03   0.38950E+02   0.48885E+02
   0.20067E+02   0.26933E+02   0.10199E+02   0.29734E+02
   0.13402E+02   0.19443E+02   0.12213E+02   0.27628E+02
   0.42542E+02   0.52176E+02   0.14267E+03   0.58495E+02
   0.10204E+03   0.53372E+02   0.48265E+02   0.89824E+02
   0.35002E+03   0.21151E+03   0.62813E+03   0.32291E+03
   0.10000E+01   0.10000E+01   0.10000E+01   0.10000E+01

   0.75933   0.00000   0.00000   0.00000
   0.00000   0.00000   0.00000   0.00000
   0.00000   0.00000   0.00000   0.00000
   0.00000   0.00000   0.00000   0.00000
   0.61754   0.00000   0.12996   0.00000
   0.00000   0.00000   0.00000   0.00000
   0.00000   0.00000   0.91358   0.00000
   0.00000   0.00000   0.00000   0.00000
   0.00000   0.00000   0.00000   0.00000
   0.00000   0.00000   0.00000   0.00000
   0.78255   0.00000   0.00000   0.00000
   0.00000   0.00000   0.00000   0.00000
   0.41396   0.04244   0.24278   0.00000
   0.16712   0.06916   0.47616   0.00000
   0.00000   0.00000   0.00000   0.00000
   0.00000   0.00000   0.00000  -0.00000
   0.00000   0.00000   0.00000   0.00000
   0.00000   0.43979   0.00000   0.00000
   0.00000   0.00000   0.00000   0.00000
   0.00000   0.00000   0.00000   0.00000
   0.00000   0.00000   0.00000   0.00000
   0.00000   0.00000   0.00000   0.00000
   0.00000   0.00000   0.00000   0.00000
   0.00000   0.00000   0.00000   0.00000
   0.00000   0.30845   0.00000   0.00000
   0.00000   0.84942  -0.00000   0.00000
   0.00000   0.00000   0.00000   0.62220
   0.00000   0.46463   0.06691   0.00000
   0.00000   0.00909   0.00000   0.00000
   0.00000   0.00000   0.00000   0.00000
   0.00000   0.00000   0.56912   0.00000
   0.00000   0.00000   0.00000   0.00000
   0.19297   0.07616   0.42624   0.13860
   1.00000   1.00000   1.00000   1.00000

   1.00000   0.15414   0.15791   0.22420
   1.00000   1.00000   1.00000   1.00000
   1.00000   1.00000   1.00000   1.00000
   0.99637   1.00000   1.00000   1.00000
   0.83152   0.13561   0.30043   0.11676
   1.00000   1.00000   1.00000   1.00000
   0.06888   0.03577   1.00000   0.06024
   1.00000   1.00000   1.00000   1.00000
   0.66519   0.67259   0.44045   0.99818
   0.72901   0.75316   0.37102   0.90485
   1.00000   0.10502   0.12622   0.17140
   1.00000   1.00000   1.00000   1.00000
   0.62823   0.20774   0.41150   0.15983
   0.36167   0.25357   0.65099   0.16038
   1.00000   1.00000   1.00000   1.00000
   1.00000   1.00000   1.00000   1.00000
   0.99766   0.91837   0.68558   1.00000
   0.29091   0.94219   0.37675   0.42893
   1.00000   1.00000   1.00000   1.00000
   1.00000   1.00000   1.00000   1.00000
   1.00000   1.00000   1.00000   1.00000
   1.00000   1.00000   1.00000   1.00000
   1.00000   0.97972   0.95050   1.00000
   1.00000   1.00000   1.00000   1.00000
   0.30625   0.75565   0.22367   0.57043
   0.04616   1.00000   0.07738   0.11026
   0.15115   0.27522   0.14544   1.00000
   0.19537   0.81286   0.29039   0.35953
   0.61074   0.84639   0.31325   0.86596
   0.70786   0.88601   0.60604   1.00000
   0.24201   0.29912   0.81296   0.33082
   1.00000   0.71067   0.63424   0.96309
   0.28553   0.17236   0.51246   0.26326
   1.00000   1.00000   1.00000   1.00000
