
       0      -0.297
    0    0    0    0    0
    0    0    0    0    0
    0    0    0    0    0
    0    0    0    0    0


   0.00000E+00  -0.49573E-16   0.00000E+00  -0.12357E-16   0.60778E+01
   0.00000E+00   0.00000E+00  -0.18376E-18  -0.17909E-18   0.00000E+00
  -0.11160E-17   0.00000E+00   0.00000E+00   0.00000E+00   0.00000E+00
   0.00000E+00   0.00000E+00   0.00000E+00   0.41750E+00   0.60771E+01
   0.00000E+00   0.00000E+00  -0.14109E-19   0.00000E+00   0.00000E+00
   0.00000E+00   0.00000E+00   0.00000E+00   0.12610E+03   0.00000E+00
  -0.57977E-19   0.00000E+00  -0.25615E-24   0.00000E+00   0.00000E+00
   0.00000E+00   0.00000E+00   0.00000E+00   0.00000E+00   0.00000E+00
   0.00000E+00   0.00000E+00  -0.62597E-19  -0.28902E-17   0.00000E+00
  -0.28156E-16  -0.93596E-16   0.00000E+00  -0.15882E-16   0.68116E+01
   0.00000E+00   0.00000E+00  -0.12230E-20   0.00000E+00   0.00000E+00
   0.00000E+00   0.47144E+00   0.00000E+00   0.00000E+00   0.14549E+01
   0.00000E+00   0.00000E+00   0.00000E+00   0.10445E+01   0.00000E+00
   0.00000E+00   0.00000E+00  -0.60107E-18  -0.18368E-17   0.00000E+00
   0.00000E+00   0.00000E+00   0.00000E+00   0.00000E+00   0.00000E+00
   0.00000E+00   0.00000E+00   0.00000E+00   0.00000E+00   0.00000E+00
   0.00000E+00   0.50229E-01   0.00000E+00   0.00000E+00   0.00000E+00
   0.00000E+00   0.00000E+00   0.00000E+00   0.00000E+00   0.00000E+00
  -0.38661E-22   0.00000E+00   0.00000E+00   0.00000E+00   0.00000E+00
   0.00000E+00   0.00000E+00   0.00000E+00   0.00000E+00   0.00000E+00
  -0.19824E-17   0.00000E+00   0.00000E+00   0.00000E+00   0.00000E+00
   0.00000E+00   0.00000E+00  -0.13702E-17   0.00000E+00   0.00000E+00
   0.00000E+00   0.00000E+00   0.00000E+00   0.00000E+00   0.00000E+00
   0.00000E+00   0.56500E-01   0.00000E+00   0.00000E+00  -0.26297E-17
   0.21455E+02  -0.12567E-18  -0.16737E-15  -0.16202E-15  -0.42411E-15
   0.00000E+00  -0.23297E-15   0.85614E+02   0.00000E+00   0.00000E+00
  -0.53315E-15   0.52580E+02   0.00000E+00   0.00000E+00  -0.11029E-14
   0.00000E+00   0.00000E+00   0.00000E+00   0.00000E+00   0.00000E+00
   0.00000E+00   0.00000E+00   0.00000E+00   0.00000E+00   0.00000E+00
  -0.91238E-15   0.00000E+00   0.00000E+00   0.00000E+00   0.00000E+00
   0.10000E+01   0.10000E+01   0.10000E+01   0.10000E+01   0.10000E+01

   0.12804E+02   0.11494E+02   0.13447E+02   0.53614E+01   0.26086E+02
   0.67255E+01   0.61395E+01   0.74188E+01   0.39421E+01   0.60890E+01
   0.68347E+01   0.62050E+01   0.75004E+01   0.39887E+01   0.62111E+01
   0.81653E+01   0.97634E+01   0.67316E+01   0.91651E+01   0.20998E+02
   0.33841E+00   0.31153E+00   0.37363E+00   0.19872E+00   0.30802E+00
   0.18997E+02   0.25306E+02   0.12915E+02   0.19409E+03   0.18146E+02
   0.66975E+01   0.60869E+01   0.73581E+01   0.39535E+01   0.60667E+01
   0.20441E+00   0.18729E+00   0.22872E+00   0.10432E+00   0.19137E+00
   0.21679E+00   0.22291E+00   0.24237E+00   0.12365E+00   0.20141E+00
   0.63912E+01   0.62738E+01   0.53823E+01   0.23888E+01   0.17882E+02
   0.67013E+01   0.60922E+01   0.73629E+01   0.39174E+01   0.60681E+01
   0.73076E+01   0.12621E+02   0.74968E+01   0.73402E+01   0.12853E+02
   0.17533E+02   0.29883E+02   0.19557E+02   0.20779E+02   0.19857E+02
   0.69030E+01   0.63168E+01   0.75782E+01   0.40213E+01   0.64297E+01
   0.66811E+01   0.61015E+01   0.73435E+01   0.39198E+01   0.60676E+01
   0.22454E+00   0.21789E+00   0.24663E+00   0.10938E+00   0.21797E+00
   0.26888E+00   0.46030E+00   0.28260E+00   0.14113E+00   0.22475E+00
   0.67069E+01   0.61201E+01   0.74110E+01   0.39661E+01   0.61304E+01
   0.66771E+01   0.60710E+01   0.73378E+01   0.39202E+01   0.60618E+01
   0.67056E+01   0.60749E+01   0.74015E+01   0.39494E+01   0.61225E+01
   0.68963E+01   0.62808E+01   0.76046E+01   0.40648E+01   0.62643E+01
   0.70171E+01   0.64233E+01   0.77709E+01   0.40570E+01   0.65903E+01
   0.67404E+01   0.61323E+01   0.74503E+01   0.39516E+01   0.61376E+01
   0.26990E+00   0.50678E+00   0.28591E+00   0.16184E+00   0.27487E+00
   0.32723E+02   0.10264E+02   0.57187E+01   0.67864E+01   0.46681E+01
   0.10463E+03   0.79305E+02   0.21118E+03   0.47898E+02   0.46237E+02
   0.10234E+03   0.21595E+03   0.11267E+03   0.63222E+02   0.98022E+02
   0.91346E+02   0.89135E+02   0.10075E+03   0.42807E+02   0.82490E+02
   0.67791E+02   0.62153E+02   0.75934E+02   0.35185E+02   0.62841E+02
   0.10854E+03   0.15839E+03   0.14924E+03   0.12214E+03   0.99316E+02
   0.10000E+01   0.10000E+01   0.10000E+01   0.10000E+01   0.10000E+01

   0.00000  -0.00000   0.00000  -0.00000   0.35384
   0.00000   0.00000   0.00000   0.00000   0.00000
  -0.00000   0.00000   0.00000   0.00000   0.00000
   0.00000   0.00000   0.00000   0.02166   0.34198
   0.00000   0.00000   0.00000   0.00000   0.00000
   0.00000   0.00000   0.00000   0.85549   0.00000
   0.00000   0.00000  -0.00000   0.00000   0.00000
   0.00000   0.00000   0.00000   0.00000   0.00000
   0.00000   0.00000  -0.00000   0.00000   0.00000
   0.00000   0.00000   0.00000   0.00000   0.55217
   0.00000   0.00000   0.00000   0.00000   0.00000
   0.00000   0.02919   0.00000   0.00000   0.09024
   0.00000   0.00000   0.00000   0.03310   0.00000
   0.00000   0.00000   0.00000   0.00000   0.00000
   0.00000   0.00000   0.00000   0.00000   0.00000
   0.00000   0.00000   0.00000   0.00000   0.00000
   0.00000   0.17375   0.00000   0.00000   0.00000
   0.00000   0.00000   0.00000   0.00000   0.00000
  -0.00000   0.00000   0.00000   0.00000   0.00000
   0.00000   0.00000   0.00000   0.00000   0.00000
   0.00000   0.00000   0.00000   0.00000   0.00000
   0.00000   0.00000   0.00000   0.00000   0.00000
   0.00000   0.00000   0.00000   0.00000   0.00000
   0.00000   0.17151   0.00000   0.00000   0.00000
   0.67640  -0.00000  -0.00000  -0.00000  -0.00000
   0.00000  -0.00000   0.41878   0.00000   0.00000
  -0.00000   0.32007   0.00000   0.00000  -0.00000
   0.00000   0.00000   0.00000   0.00000   0.00000
   0.00000   0.00000   0.00000   0.00000   0.00000
   0.00000   0.00000   0.00000   0.00000   0.00000
   1.00000   1.00000   1.00000   1.00000   1.00000

   0.55821   0.52698   0.57136   0.25533   1.00000
   1.00000   1.00000   1.00000   1.00000   1.00000
   1.00000   1.00000   1.00000   1.00000   1.00000
   0.38482   0.47388   0.32053   0.41994   0.88731
   1.00000   1.00000   1.00000   1.00000   1.00000
   0.10307   0.14451   0.07265   1.00000   0.10519
   1.00000   1.00000   1.00000   1.00000   1.00000
   1.00000   1.00000   1.00000   0.96076   1.00000
   1.00000   1.00000   1.00000   0.95143   1.00000
   0.40939   0.40446   0.34895   0.15730   1.00000
   1.00000   1.00000   1.00000   1.00000   1.00000
   0.42287   0.71159   0.42923   0.40736   0.70716
   0.49203   0.82985   0.52895   0.56368   0.56270
   1.00000   1.00000   1.00000   1.00000   1.00000
   1.00000   1.00000   1.00000   1.00000   1.00000
   1.00000   1.00000   1.00000   0.83266   1.00000
   0.67728   1.00000   0.68838   0.39921   0.58744
   1.00000   1.00000   1.00000   1.00000   1.00000
   1.00000   1.00000   1.00000   1.00000   1.00000
   1.00000   1.00000   1.00000   1.00000   1.00000
   1.00000   1.00000   1.00000   1.00000   1.00000
   1.00000   1.00000   1.00000   1.00000   1.00000
   1.00000   1.00000   1.00000   1.00000   1.00000
   0.62568   1.00000   0.64640   0.40729   0.63679
   1.00000   0.32360   0.17960   0.21350   0.14711
   0.50891   0.38664   1.00000   0.23329   0.22542
   0.53693   1.00000   0.57405   0.35682   0.51929
   1.00000   1.00000   1.00000   0.87012   1.00000
   1.00000   1.00000   1.00000   0.96674   1.00000
   0.61695   0.85232   0.73632   0.70179   0.56650
   1.00000   1.00000   1.00000   1.00000   1.00000
