
       0      -0.297
    0    0    0    0    0
    0    0    0    0    0
    0    0    0    0    0
    0    0    0    0    0


   0.00000E+00  -0.49573E-16   0.00000E+00   0.00000E+00   0.78876E+01
   0.00000E+00   0.00000E+00  -0.18376E-18  -0.17909E-18   0.00000E+00
   0.00000E+00   0.00000E+00   0.00000E+00   0.00000E+00   0.00000E+00
   0.00000E+00   0.00000E+00   0.00000E+00   0.12633E+01   0.72719E+01
   0.00000E+00   0.00000E+00  -0.14109E-19   0.00000E+00   0.00000E+00
   0.00000E+00   0.00000E+00   0.00000E+00   0.13138E+03   0.00000E+00
  -0.57977E-19   0.00000E+00   0.00000E+00   0.00000E+00   0.00000E+00
   0.00000E+00   0.00000E+00   0.00000E+00   0.00000E+00   0.00000E+00
   0.00000E+00   0.00000E+00   0.00000E+00  -0.28902E-17   0.00000E+00
  -0.28156E-16  -0.93596E-16   0.00000E+00  -0.15882E-16   0.75947E+01
   0.00000E+00   0.00000E+00  -0.12230E-20   0.00000E+00   0.00000E+00
   0.00000E+00   0.12148E+01   0.00000E+00   0.52394E+00   0.23233E+01
   0.00000E+00   0.19428E+01   0.00000E+00   0.29987E+01   0.00000E+00
   0.00000E+00   0.00000E+00  -0.60107E-18  -0.18368E-17   0.00000E+00
   0.00000E+00   0.00000E+00   0.00000E+00   0.00000E+00   0.00000E+00
   0.00000E+00   0.00000E+00   0.00000E+00   0.00000E+00   0.00000E+00
   0.00000E+00   0.89519E-01   0.00000E+00   0.00000E+00   0.00000E+00
   0.00000E+00   0.00000E+00   0.00000E+00   0.00000E+00   0.00000E+00
   0.00000E+00   0.00000E+00   0.00000E+00   0.00000E+00   0.00000E+00
   0.00000E+00   0.00000E+00   0.00000E+00   0.00000E+00   0.00000E+00
  -0.19824E-17   0.00000E+00   0.00000E+00   0.00000E+00   0.00000E+00
   0.00000E+00   0.00000E+00  -0.13702E-17   0.00000E+00   0.00000E+00
   0.00000E+00   0.00000E+00   0.00000E+00   0.00000E+00   0.00000E+00
   0.00000E+00   0.10111E+00   0.00000E+00   0.00000E+00  -0.26297E-17
   0.22796E+02  -0.12567E-18   0.00000E+00  -0.25445E-25  -0.42411E-15
   0.00000E+00   0.00000E+00   0.91352E+02   0.00000E+00   0.00000E+00
  -0.48587E-15   0.64779E+02   0.00000E+00   0.00000E+00   0.00000E+00
   0.00000E+00   0.00000E+00   0.00000E+00   0.00000E+00   0.00000E+00
   0.00000E+00   0.00000E+00   0.00000E+00   0.00000E+00   0.00000E+00
  -0.91238E-15   0.00000E+00   0.00000E+00   0.10574E+02   0.00000E+00
   0.10000E+01   0.10000E+01   0.10000E+01   0.10000E+01   0.10000E+01

   0.10897E+02   0.94243E+01   0.11333E+02   0.43398E+01   0.24437E+02
   0.51891E+01   0.47090E+01   0.57452E+01   0.30160E+01   0.47151E+01
   0.52722E+01   0.47557E+01   0.58112E+01   0.30566E+01   0.48328E+01
   0.71186E+01   0.81988E+01   0.54832E+01   0.82214E+01   0.19677E+02
   0.26337E+00   0.23979E+00   0.28928E+00   0.15214E+00   0.23852E+00
   0.17963E+02   0.21155E+02   0.11920E+02   0.18729E+03   0.13238E+02
   0.51238E+01   0.46216E+01   0.56470E+01   0.30113E+01   0.46653E+01
   0.16392E+00   0.14951E+00   0.18617E+00   0.78898E-01   0.15535E+00
   0.17522E+00   0.18578E+00   0.19869E+00   0.98128E-01   0.16252E+00
   0.58648E+01   0.53963E+01   0.47560E+01   0.20419E+01   0.17090E+02
   0.51266E+01   0.46261E+01   0.56507E+01   0.30124E+01   0.46659E+01
   0.63116E+01   0.10903E+02   0.65081E+01   0.65049E+01   0.11686E+02
   0.14731E+02   0.25637E+02   0.16751E+02   0.18434E+02   0.17239E+02
   0.53384E+01   0.48527E+01   0.59341E+01   0.30885E+01   0.49855E+01
   0.51123E+01   0.46236E+01   0.56817E+01   0.30054E+01   0.46848E+01
   0.18204E+00   0.17860E+00   0.20308E+00   0.83827E-01   0.18051E+00
   0.22078E+00   0.42207E+00   0.22673E+00   0.11451E+00   0.18178E+00
   0.51866E+01   0.46884E+01   0.57413E+01   0.30080E+01   0.47042E+01
   0.51168E+01   0.46017E+01   0.56450E+01   0.29945E+01   0.46583E+01
   0.51875E+01   0.46555E+01   0.57368E+01   0.30306E+01   0.46955E+01
   0.53326E+01   0.48306E+01   0.58983E+01   0.31324E+01   0.48079E+01
   0.54592E+01   0.49320E+01   0.60309E+01   0.31236E+01   0.51968E+01
   0.51986E+01   0.46980E+01   0.57080E+01   0.30242E+01   0.47091E+01
   0.21967E+00   0.46550E+00   0.22752E+00   0.12987E+00   0.22667E+00
   0.32478E+02   0.62864E+01   0.53566E+01   0.61624E+01   0.35393E+01
   0.98637E+02   0.50431E+02   0.20979E+03   0.41632E+02   0.36757E+02
   0.85996E+02   0.20288E+03   0.94498E+02   0.53239E+02   0.82127E+02
   0.74161E+02   0.73486E+02   0.83339E+02   0.32775E+02   0.66958E+02
   0.54859E+02   0.49856E+02   0.61965E+02   0.27099E+02   0.51129E+02
   0.86376E+02   0.13743E+03   0.12488E+03   0.10787E+03   0.79204E+02
   0.10000E+01   0.10000E+01   0.10000E+01   0.10000E+01   0.10000E+01

   0.00000   0.00000   0.00000   0.00000   0.44600
   0.00000   0.00000   0.00000   0.00000   0.00000
   0.00000   0.00000   0.00000   0.00000   0.00000
   0.00000   0.00000   0.00000   0.06502   0.39843
   0.00000   0.00000   0.00000   0.00000   0.00000
   0.00000   0.00000   0.00000   0.87857   0.00000
  -0.00000   0.00000   0.00000   0.00000   0.00000
   0.00000   0.00000   0.00000   0.00000   0.00000
   0.00000   0.00000   0.00000  -0.00000   0.00000
  -0.00000   0.00000   0.00000   0.00000   0.58858
   0.00000   0.00000  -0.00000   0.00000   0.00000
   0.00000   0.07464   0.00000   0.03224   0.14344
   0.00000   0.05951   0.00000   0.09413   0.00000
   0.00000   0.00000   0.00000   0.00000   0.00000
   0.00000   0.00000   0.00000   0.00000   0.00000
   0.00000   0.00000   0.00000   0.00000   0.00000
   0.00000   0.30613   0.00000   0.00000   0.00000
   0.00000   0.00000   0.00000   0.00000   0.00000
   0.00000   0.00000   0.00000   0.00000   0.00000
   0.00000   0.00000   0.00000   0.00000   0.00000
   0.00000   0.00000   0.00000   0.00000   0.00000
   0.00000   0.00000  -0.00000   0.00000   0.00000
   0.00000   0.00000   0.00000   0.00000   0.00000
   0.00000   0.30521   0.00000   0.00000   0.00000
   0.72442   0.00000   0.00000  -0.00000   0.00000
   0.00000   0.00000   0.44762   0.00000   0.00000
   0.00000   0.39444   0.00000   0.00000   0.00000
   0.00000   0.00000   0.00000   0.00000   0.00000
   0.00000   0.00000   0.00000   0.00000   0.00000
   0.00000   0.00000   0.00000   0.06840   0.00000
   1.00000   1.00000   1.00000   1.00000   1.00000

   0.49760   0.44894   0.50574   0.21187   1.00000
   1.00000   1.00000   1.00000   1.00000   1.00000
   1.00000   1.00000   1.00000   1.00000   1.00000
   0.34092   0.40170   0.26481   0.38517   0.86466
   1.00000   1.00000   1.00000   1.00000   1.00000
   0.10023   0.12143   0.06694   1.00000   0.07730
   1.00000   1.00000   1.00000   1.00000   1.00000
   1.00000   1.00000   1.00000   0.85562   1.00000
   1.00000   1.00000   1.00000   0.86398   1.00000
   0.38359   0.35402   0.31444   0.13572   1.00000
   1.00000   1.00000   1.00000   1.00000   1.00000
   0.36980   0.62388   0.37752   0.36687   0.65863
   0.42297   0.73332   0.46420   0.51186   0.49717
   1.00000   1.00000   1.00000   1.00000   1.00000
   1.00000   1.00000   1.00000   1.00000   1.00000
   0.99956   1.00000   1.00000   0.72944   1.00000
   0.59161   1.00000   0.59355   0.33845   0.50514
   1.00000   1.00000   1.00000   1.00000   1.00000
   1.00000   1.00000   1.00000   1.00000   1.00000
   1.00000   1.00000   1.00000   1.00000   1.00000
   1.00000   1.00000   1.00000   1.00000   1.00000
   1.00000   1.00000   1.00000   1.00000   1.00000
   1.00000   1.00000   1.00000   1.00000   1.00000
   0.54120   1.00000   0.55084   0.34334   0.55749
   1.00000   0.19803   0.16827   0.19401   0.11150
   0.48006   0.24590   1.00000   0.20287   0.17917
   0.46952   1.00000   0.50398   0.30787   0.45158
   1.00000   1.00000   1.00000   0.74023   1.00000
   1.00000   1.00000   1.00000   0.87874   1.00000
   0.51561   0.79141   0.65140   0.63409   0.46336
   1.00000   1.00000   1.00000   1.00000   1.00000
