
       0      -0.297
    0    0    0    0    0
    0    0    0    0    0
    0    0    0    0    0
    0    0    0    0    0


   0.00000E+00  -0.49573E-16   0.00000E+00   0.00000E+00   0.96974E+01
   0.00000E+00   0.00000E+00  -0.18376E-18  -0.17909E-18   0.00000E+00
   0.00000E+00   0.00000E+00   0.00000E+00   0.00000E+00   0.00000E+00
   0.00000E+00   0.00000E+00   0.00000E+00   0.20316E+01   0.83747E+01
   0.00000E+00   0.00000E+00  -0.14109E-19   0.00000E+00   0.00000E+00
   0.00000E+00   0.00000E+00   0.00000E+00   0.13648E+03   0.00000E+00
   0.00000E+00   0.00000E+00   0.00000E+00   0.00000E+00   0.00000E+00
   0.00000E+00   0.00000E+00   0.00000E+00   0.00000E+00   0.00000E+00
   0.00000E+00   0.00000E+00   0.00000E+00   0.00000E+00   0.00000E+00
   0.00000E+00  -0.93596E-16   0.00000E+00  -0.15882E-16   0.83278E+01
   0.00000E+00   0.00000E+00  -0.12230E-20   0.00000E+00   0.00000E+00
   0.00000E+00   0.19025E+01   0.00000E+00   0.12091E+01   0.31753E+01
   0.00000E+00   0.39113E+01   0.00000E+00   0.47966E+01   0.25972E+00
   0.00000E+00   0.00000E+00  -0.60107E-18  -0.18368E-17   0.00000E+00
   0.00000E+00   0.00000E+00   0.00000E+00   0.00000E+00   0.00000E+00
   0.00000E+00   0.00000E+00   0.00000E+00   0.00000E+00   0.00000E+00
   0.00000E+00   0.12836E+00   0.00000E+00   0.00000E+00   0.00000E+00
   0.00000E+00   0.00000E+00   0.00000E+00   0.00000E+00   0.00000E+00
   0.00000E+00   0.00000E+00   0.00000E+00   0.00000E+00   0.00000E+00
   0.00000E+00   0.00000E+00   0.00000E+00   0.00000E+00   0.00000E+00
  -0.19824E-17   0.00000E+00   0.00000E+00   0.00000E+00   0.00000E+00
   0.00000E+00   0.00000E+00   0.00000E+00   0.00000E+00   0.00000E+00
   0.00000E+00   0.00000E+00   0.00000E+00   0.00000E+00   0.00000E+00
   0.00000E+00   0.14247E+00   0.00000E+00   0.00000E+00  -0.26297E-17
   0.23270E+02  -0.12567E-18   0.00000E+00  -0.25445E-25  -0.42411E-15
   0.00000E+00   0.00000E+00   0.95337E+02   0.00000E+00   0.00000E+00
  -0.48587E-15   0.76514E+02   0.00000E+00   0.00000E+00   0.00000E+00
   0.00000E+00   0.00000E+00   0.00000E+00   0.00000E+00   0.00000E+00
   0.00000E+00   0.00000E+00   0.00000E+00   0.00000E+00   0.00000E+00
  -0.91238E-15   0.72768E+01   0.00000E+00   0.23165E+02   0.00000E+00
   0.10000E+01   0.10000E+01   0.10000E+01   0.10000E+01   0.10000E+01

   0.89357E+01   0.74341E+01   0.92575E+01   0.34965E+01   0.22868E+02
   0.37590E+01   0.33878E+01   0.41832E+01   0.22038E+01   0.34329E+01
   0.38178E+01   0.34592E+01   0.42326E+01   0.22393E+01   0.35447E+01
   0.59124E+01   0.68183E+01   0.42816E+01   0.72980E+01   0.18459E+02
   0.18834E+00   0.17344E+00   0.21045E+00   0.11129E+00   0.17366E+00
   0.16800E+02   0.18098E+02   0.10937E+02   0.18013E+03   0.91060E+01
   0.36936E+01   0.33170E+01   0.41032E+01   0.21859E+01   0.33946E+01
   0.12528E+00   0.11403E+00   0.14521E+00   0.57119E-01   0.12249E+00
   0.13252E+00   0.14998E+00   0.15343E+00   0.75358E-01   0.12492E+00
   0.52963E+01   0.45187E+01   0.40942E+01   0.17443E+01   0.16299E+02
   0.36955E+01   0.33208E+01   0.41059E+01   0.21866E+01   0.33946E+01
   0.51574E+01   0.93447E+01   0.55713E+01   0.57330E+01   0.10539E+02
   0.11795E+02   0.21700E+02   0.13945E+02   0.16323E+02   0.14752E+02
   0.38701E+01   0.35442E+01   0.43280E+01   0.22346E+01   0.36960E+01
   0.36819E+01   0.33478E+01   0.41149E+01   0.21905E+01   0.33859E+01
   0.14106E+00   0.14163E+00   0.15952E+00   0.60307E-01   0.14534E+00
   0.17394E+00   0.38568E+00   0.17227E+00   0.89317E-01   0.13917E+00
   0.37130E+01   0.33676E+01   0.41850E+01   0.21990E+01   0.34319E+01
   0.36884E+01   0.33049E+01   0.40650E+01   0.21799E+01   0.33506E+01
   0.37186E+01   0.33869E+01   0.41871E+01   0.21896E+01   0.34237E+01
   0.38651E+01   0.35333E+01   0.43057E+01   0.23147E+01   0.35087E+01
   0.39659E+01   0.36439E+01   0.44617E+01   0.22980E+01   0.38963E+01
   0.37635E+01   0.33731E+01   0.41524E+01   0.22110E+01   0.34338E+01
   0.16989E+00   0.42580E+00   0.17236E+00   0.10099E+00   0.18168E+00
   0.32224E+02   0.46780E+01   0.50403E+01   0.55384E+01   0.28127E+01
   0.92687E+02   0.36364E+02   0.20840E+03   0.34204E+02   0.29684E+02
   0.68287E+02   0.19010E+03   0.76273E+02   0.44094E+02   0.66746E+02
   0.57881E+02   0.59810E+02   0.65923E+02   0.23521E+02   0.52072E+02
   0.42289E+02   0.38407E+02   0.48758E+02   0.19879E+02   0.39936E+02
   0.62870E+02   0.11646E+03   0.10126E+03   0.95374E+02   0.61341E+02
   0.10000E+01   0.10000E+01   0.10000E+01   0.10000E+01   0.10000E+01

   0.00000  -0.00000   0.00000   0.00000   0.53406
   0.00000   0.00000   0.00000  -0.00000   0.00000
   0.00000   0.00000   0.00000   0.00000   0.00000
   0.00000   0.00000   0.00000   0.10374   0.44581
   0.00000   0.00000  -0.00000   0.00000   0.00000
   0.00000   0.00000   0.00000   0.88479   0.00000
   0.00000   0.00000   0.00000   0.00000   0.00000
   0.00000   0.00000   0.00000   0.00000   0.00000
   0.00000   0.00000   0.00000   0.00000   0.00000
   0.00000   0.00000   0.00000   0.00000   0.62133
   0.00000   0.00000   0.00000   0.00000   0.00000
   0.00000   0.11599   0.00000   0.07389   0.19446
   0.00000   0.11907   0.00000   0.14881   0.00783
   0.00000   0.00000   0.00000  -0.00000   0.00000
   0.00000   0.00000   0.00000   0.00000   0.00000
   0.00000   0.00000   0.00000   0.00000   0.00000
   0.00000   0.43424   0.00000   0.00000   0.00000
   0.00000   0.00000   0.00000   0.00000   0.00000
   0.00000   0.00000   0.00000   0.00000   0.00000
   0.00000   0.00000   0.00000   0.00000   0.00000
  -0.00000   0.00000   0.00000   0.00000   0.00000
   0.00000   0.00000   0.00000   0.00000   0.00000
   0.00000   0.00000   0.00000   0.00000   0.00000
   0.00000   0.42841   0.00000   0.00000  -0.00000
   0.73815  -0.00000   0.00000  -0.00000  -0.00000
   0.00000   0.00000   0.46661   0.00000   0.00000
  -0.00000   0.46554   0.00000   0.00000   0.00000
   0.00000   0.00000   0.00000   0.00000   0.00000
   0.00000   0.00000   0.00000   0.00000   0.00000
  -0.00000   0.04590   0.00000   0.14922   0.00000
   1.00000   1.00000   1.00000   1.00000   1.00000

   0.42639   0.36690   0.43236   0.17423   1.00000
   1.00000   1.00000   1.00000   1.00000   1.00000
   1.00000   1.00000   1.00000   1.00000   1.00000
   0.28774   0.33609   0.20910   0.34789   0.84105
   1.00000   1.00000   1.00000   1.00000   1.00000
   0.09605   0.10466   0.06266   1.00000   0.05342
   1.00000   1.00000   1.00000   1.00000   1.00000
   1.00000   1.00000   1.00000   0.72255   1.00000
   1.00000   1.00000   0.99950   0.74400   0.96360
   0.35335   0.30054   0.27429   0.11694   1.00000
   1.00000   1.00000   1.00000   1.00000   1.00000
   0.30535   0.54168   0.32612   0.32904   0.60513
   0.34595   0.63029   0.39565   0.46401   0.43129
   1.00000   1.00000   1.00000   1.00000   1.00000
   1.00000   1.00000   1.00000   1.00000   1.00000
   0.99436   1.00000   0.99145   0.59539   1.00000
   0.49577   1.00000   0.48523   0.27530   0.41081
   1.00000   1.00000   1.00000   1.00000   1.00000
   1.00000   1.00000   1.00000   1.00000   1.00000
   1.00000   1.00000   1.00000   1.00000   1.00000
   1.00000   1.00000   1.00000   1.00000   1.00000
   1.00000   1.00000   1.00000   1.00000   1.00000
   1.00000   1.00000   1.00000   1.00000   1.00000
   0.44545   1.00000   0.44578   0.27588   0.47272
   1.00000   0.14741   0.15847   0.17450   0.08864
   0.45143   0.17734   1.00000   0.16679   0.14471
   0.38868   1.00000   0.42469   0.25873   0.38009
   1.00000   1.00000   1.00000   0.58260   1.00000
   1.00000   1.00000   1.00000   0.74718   1.00000
   0.39482   0.70302   0.55991   0.57174   0.36656
   1.00000   1.00000   1.00000   1.00000   1.00000
