
       0      -0.297
    0    0    0    0    0
    0    0    0    0    0
    0    0    0    0    0
    0    0    0    0    0


   0.00000E+00   0.00000E+00   0.00000E+00   0.00000E+00   0.11205E+02
   0.00000E+00   0.00000E+00  -0.18376E-18   0.00000E+00   0.00000E+00
   0.00000E+00   0.00000E+00   0.00000E+00   0.00000E+00   0.00000E+00
   0.00000E+00   0.00000E+00   0.00000E+00   0.26517E+01   0.93397E+01
   0.00000E+00   0.00000E+00  -0.14109E-19   0.00000E+00   0.00000E+00
   0.00000E+00   0.00000E+00   0.14780E-04   0.14051E+03   0.00000E+00
   0.00000E+00   0.00000E+00   0.00000E+00   0.00000E+00   0.00000E+00
   0.00000E+00   0.00000E+00   0.00000E+00   0.00000E+00   0.00000E+00
   0.00000E+00   0.00000E+00   0.00000E+00   0.00000E+00   0.00000E+00
   0.00000E+00  -0.93596E-16   0.00000E+00  -0.15882E-16   0.89876E+01
   0.00000E+00   0.00000E+00  -0.12230E-20   0.00000E+00   0.00000E+00
   0.00000E+00   0.24724E+01   0.00000E+00   0.17621E+01   0.38832E+01
   0.00000E+00   0.55583E+01   0.00000E+00   0.62974E+01   0.20258E+01
   0.00000E+00   0.00000E+00  -0.60107E-18   0.00000E+00   0.00000E+00
   0.00000E+00   0.00000E+00   0.00000E+00   0.00000E+00   0.00000E+00
   0.00000E+00   0.00000E+00   0.00000E+00   0.00000E+00   0.00000E+00
   0.00000E+00   0.16017E+00   0.00000E+00   0.00000E+00   0.00000E+00
   0.00000E+00   0.00000E+00   0.00000E+00   0.00000E+00   0.00000E+00
   0.00000E+00   0.00000E+00   0.00000E+00   0.00000E+00   0.00000E+00
   0.00000E+00   0.00000E+00   0.00000E+00   0.00000E+00   0.00000E+00
   0.00000E+00   0.00000E+00   0.00000E+00   0.00000E+00   0.00000E+00
   0.00000E+00   0.00000E+00   0.00000E+00   0.00000E+00   0.00000E+00
   0.00000E+00   0.00000E+00   0.00000E+00   0.00000E+00   0.00000E+00
   0.00000E+00   0.17717E+00   0.00000E+00   0.00000E+00   0.00000E+00
   0.23641E+02   0.00000E+00   0.00000E+00   0.00000E+00   0.00000E+00
   0.00000E+00   0.00000E+00   0.98557E+02   0.00000E+00   0.00000E+00
   0.00000E+00   0.87296E+02   0.00000E+00   0.00000E+00   0.00000E+00
   0.00000E+00   0.00000E+00   0.00000E+00   0.00000E+00   0.00000E+00
   0.00000E+00   0.00000E+00   0.00000E+00   0.00000E+00   0.00000E+00
   0.00000E+00   0.20146E+02   0.00000E+00   0.32996E+02   0.00000E+00
   0.10000E+01   0.10000E+01   0.10000E+01   0.10000E+01   0.10000E+01

   0.72791E+01   0.57911E+01   0.75201E+01   0.28165E+01   0.21601E+02
   0.26244E+01   0.23890E+01   0.29435E+01   0.15483E+01   0.24152E+01
   0.26640E+01   0.24473E+01   0.30202E+01   0.15797E+01   0.25554E+01
   0.47560E+01   0.57139E+01   0.32829E+01   0.65647E+01   0.17402E+02
   0.13311E+00   0.12500E+00   0.14991E+00   0.78334E-01   0.12218E+00
   0.15799E+02   0.15979E+02   0.10017E+02   0.17303E+03   0.67899E+01
   0.25897E+01   0.23414E+01   0.28434E+01   0.15399E+01   0.24080E+01
   0.93478E-01   0.85646E-01   0.11275E+00   0.39839E-01   0.95451E-01
   0.91102E-01   0.12107E+00   0.11182E+00   0.57287E-01   0.93029E-01
   0.45762E+01   0.37488E+01   0.34892E+01   0.15191E+01   0.15574E+02
   0.25910E+01   0.23446E+01   0.28454E+01   0.15404E+01   0.24075E+01
   0.40404E+01   0.80979E+01   0.47386E+01   0.50970E+01   0.95807E+01
   0.89984E+01   0.18591E+02   0.11629E+02   0.14585E+02   0.12688E+02
   0.27147E+01   0.25312E+01   0.30633E+01   0.16031E+01   0.27056E+01
   0.26021E+01   0.23611E+01   0.28614E+01   0.15488E+01   0.23970E+01
   0.10523E+00   0.11126E+00   0.12025E+00   0.42939E-01   0.11589E+00
   0.13513E+00   0.35631E+00   0.12419E+00   0.67851E-01   0.10303E+00
   0.26371E+01   0.23770E+01   0.29596E+01   0.15460E+01   0.24222E+01
   0.25817E+01   0.23185E+01   0.28358E+01   0.15441E+01   0.23554E+01
   0.26082E+01   0.23639E+01   0.29280E+01   0.15676E+01   0.24223E+01
   0.27104E+01   0.25208E+01   0.30924E+01   0.16548E+01   0.25188E+01
   0.28098E+01   0.25881E+01   0.31963E+01   0.16374E+01   0.28641E+01
   0.26250E+01   0.23717E+01   0.29577E+01   0.15547E+01   0.24543E+01
   0.12722E+00   0.39378E+00   0.12161E+00   0.78263E-01   0.14505E+00
   0.31970E+02   0.38746E+01   0.47972E+01   0.49534E+01   0.23201E+01
   0.87853E+02   0.29720E+02   0.20731E+03   0.29184E+02   0.24830E+02
   0.52188E+02   0.17906E+03   0.60193E+02   0.36412E+02   0.53666E+02
   0.43892E+02   0.48027E+02   0.50723E+02   0.16291E+02   0.38507E+02
   0.31653E+02   0.29164E+02   0.38091E+02   0.14335E+02   0.31147E+02
   0.42601E+02   0.98826E+02   0.82104E+02   0.85543E+02   0.47355E+02
   0.10000E+01   0.10000E+01   0.10000E+01   0.10000E+01   0.10000E+01

   0.00000   0.00000   0.00000   0.00000   0.60598
   0.00000   0.00000  -0.00000   0.00000   0.00000
   0.00000   0.00000   0.00000   0.00000   0.00000
   0.00000   0.00000   0.00000   0.13444   0.48600
   0.00000   0.00000  -0.00000   0.00000   0.00000
   0.00000   0.00000   0.00000   0.88538   0.00000
   0.00000   0.00000   0.00000   0.00000   0.00000
   0.00000   0.00000   0.00000   0.00000   0.00000
   0.00000   0.00000   0.00000   0.00000   0.00000
   0.00000  -0.00000   0.00000  -0.00000   0.65107
   0.00000   0.00000  -0.00000   0.00000   0.00000
   0.00000   0.14973   0.00000   0.10687   0.23586
   0.00000   0.16837   0.00000   0.19328   0.06098
   0.00000   0.00000  -0.00000   0.00000   0.00000
   0.00000   0.00000   0.00000   0.00000   0.00000
   0.00000   0.00000   0.00000   0.00000   0.00000
   0.00000   0.53807   0.00000   0.00000   0.00000
   0.00000   0.00000   0.00000   0.00000   0.00000
   0.00000   0.00000   0.00000   0.00000   0.00000
   0.00000   0.00000   0.00000   0.00000   0.00000
   0.00000   0.00000   0.00000   0.00000   0.00000
   0.00000   0.00000   0.00000   0.00000   0.00000
   0.00000   0.00000   0.00000   0.00000   0.00000
   0.00000   0.53219   0.00000   0.00000   0.00000
   0.74811   0.00000   0.00000   0.00000   0.00000
   0.00000   0.00000   0.48184   0.00000   0.00000
   0.00000   0.53067   0.00000   0.00000   0.00000
   0.00000   0.00000   0.00000   0.00000   0.00000
   0.00000   0.00000   0.00000   0.00000   0.00000
   0.00000   0.12748   0.00000   0.21171   0.00000
   1.00000   1.00000   1.00000   1.00000   1.00000

   0.36006   0.29369   0.36469   0.14279   1.00000
   1.00000   1.00000   1.00000   1.00000   1.00000
   1.00000   1.00000   1.00000   1.00000   1.00000
   0.23364   0.28257   0.16144   0.31682   0.81728
   1.00000   1.00000   1.00000   1.00000   1.00000
   0.09159   0.09312   0.05833   0.99137   0.03995
   1.00000   1.00000   1.00000   1.00000   1.00000
   0.96449   0.97975   0.99116   0.57597   1.00000
   0.87443   1.00000   0.94544   0.61191   0.85839
   0.30950   0.25198   0.23590   0.10250   0.99275
   1.00000   1.00000   1.00000   1.00000   1.00000
   0.24002   0.47421   0.27935   0.29628   0.55712
   0.26716   0.54629   0.33610   0.42173   0.37437
   1.00000   1.00000   1.00000   1.00000   1.00000
   1.00000   1.00000   1.00000   1.00000   1.00000
   0.90879   0.96963   0.95057   0.45709   0.98360
   0.40499   1.00000   0.37217   0.21648   0.31821
   1.00000   1.00000   1.00000   1.00000   1.00000
   1.00000   1.00000   1.00000   1.00000   1.00000
   1.00000   1.00000   1.00000   1.00000   1.00000
   1.00000   1.00000   1.00000   1.00000   1.00000
   1.00000   1.00000   1.00000   1.00000   1.00000
   1.00000   1.00000   1.00000   1.00000   1.00000
   0.34970   1.00000   0.33158   0.21936   0.39400
   1.00000   0.12215   0.15093   0.15611   0.07311
   0.42809   0.14493   1.00000   0.14224   0.12105
   0.30685   0.99947   0.34637   0.21585   0.31430
   0.93458   1.00000   0.97823   0.42976   0.91302
   0.96858   0.99103   0.99463   0.59771   0.99780
   0.26850   0.61148   0.47586   0.52158   0.28846
   1.00000   1.00000   1.00000   1.00000   1.00000
