
       0      -0.052
    0    0    0    0    0    0
    0    0    0    0    0    0
    0    0    0    0    0    0
    0    0    0    0    0    0


  -0.64332E-16   0.00000E+00   0.00000E+00   0.00000E+00   0.00000E+00   0.14761E+02
   0.00000E+00   0.00000E+00   0.00000E+00   0.00000E+00   0.00000E+00   0.00000E+00
   0.00000E+00   0.00000E+00   0.00000E+00   0.00000E+00   0.00000E+00   0.00000E+00
   0.00000E+00  -0.38936E-16   0.00000E+00   0.00000E+00   0.00000E+00  -0.94606E-19
   0.79615E+01   0.00000E+00   0.00000E+00   0.00000E+00   0.00000E+00   0.10804E+02
   0.00000E+00   0.00000E+00   0.00000E+00   0.00000E+00   0.00000E+00   0.00000E+00
   0.20154E-16   0.16223E+03  -0.15284E-16   0.00000E+00  -0.12536E-16  -0.28368E-15
   0.00000E+00   0.00000E+00   0.00000E+00   0.00000E+00   0.00000E+00   0.00000E+00
   0.00000E+00   0.00000E+00  -0.12386E-17   0.00000E+00   0.00000E+00   0.00000E+00
   0.00000E+00   0.00000E+00   0.13281E-01   0.00000E+00   0.00000E+00   0.00000E+00
   0.00000E+00  -0.69494E-17   0.00000E+00   0.00000E+00  -0.53284E-17   0.11217E+02
   0.00000E+00   0.00000E+00   0.00000E+00   0.00000E+00   0.00000E+00   0.00000E+00
   0.46306E+01   0.00000E+00   0.10205E+00   0.00000E+00   0.00000E+00   0.46643E+01
   0.18936E+02   0.00000E+00   0.00000E+00  -0.41285E-16   0.00000E+00   0.53532E+00
   0.00000E+00  -0.51350E-18   0.00000E+00   0.00000E+00   0.00000E+00   0.00000E+00
   0.00000E+00   0.00000E+00   0.00000E+00   0.00000E+00  -0.14891E-23   0.00000E+00
   0.00000E+00  -0.14692E-18   0.00000E+00   0.00000E+00   0.00000E+00   0.00000E+00
   0.00000E+00   0.00000E+00   0.61943E-01   0.00000E+00   0.00000E+00   0.00000E+00
   0.00000E+00   0.00000E+00   0.00000E+00   0.00000E+00  -0.19259E-19   0.00000E+00
   0.00000E+00   0.00000E+00   0.00000E+00   0.00000E+00   0.00000E+00   0.00000E+00
   0.00000E+00  -0.21284E-18   0.00000E+00   0.00000E+00   0.00000E+00   0.00000E+00
   0.00000E+00   0.00000E+00   0.00000E+00   0.00000E+00   0.00000E+00   0.00000E+00
   0.00000E+00   0.00000E+00   0.00000E+00   0.00000E+00   0.00000E+00   0.00000E+00
   0.00000E+00   0.00000E+00   0.00000E+00   0.00000E+00   0.00000E+00   0.00000E+00
   0.00000E+00   0.00000E+00   0.18110E+00   0.00000E+00   0.00000E+00   0.00000E+00
   0.00000E+00   0.00000E+00   0.00000E+00   0.13179E+02   0.00000E+00   0.00000E+00
   0.00000E+00   0.00000E+00   0.00000E+00  -0.26380E-14   0.97203E+02  -0.13966E-14
   0.00000E+00   0.00000E+00   0.68947E+02   0.00000E+00   0.00000E+00  -0.40879E-15
   0.00000E+00   0.00000E+00   0.00000E+00   0.00000E+00   0.00000E+00   0.00000E+00
   0.00000E+00   0.00000E+00   0.00000E+00  -0.26891E-16   0.00000E+00   0.00000E+00
   0.87848E+02   0.00000E+00  -0.16334E-15   0.00000E+00   0.00000E+00   0.00000E+00
   0.00000E+00   0.00000E+00   0.00000E+00   0.00000E+00   0.00000E+00   0.00000E+00
   0.18929E+03   0.33669E+03   0.94976E+02   0.15897E+02   0.12850E+03   0.17969E+03
   0.10000E+01   0.10000E+01   0.10000E+01   0.10000E+01   0.10000E+01   0.10000E+01

   0.49285E+01   0.31911E+01   0.49713E+01   0.40783E+01   0.55494E+01   0.24206E+02
   0.18778E+01   0.15553E+01   0.19479E+01   0.18941E+01   0.23663E+01   0.18086E+01
   0.17995E+01   0.15422E+01   0.17445E+01   0.18135E+01   0.22449E+01   0.18639E+01
   0.21959E+01   0.19235E+01   0.21026E+01   0.21468E+01   0.25906E+01   0.18762E+01
   0.15669E+02   0.22344E+01   0.37234E+01   0.32397E+01   0.34582E+01   0.19302E+02
   0.90481E-01   0.76684E-01   0.88502E-01   0.90290E-01   0.11115E+00   0.86871E-01
   0.42680E+02   0.21369E+03   0.15176E+02   0.75118E+01   0.12059E+02   0.12341E+02
   0.17228E+01   0.14955E+01   0.16528E+01   0.17208E+01   0.21401E+01   0.17127E+01
   0.78638E-01   0.55953E-01   0.84156E-01   0.84396E-01   0.15700E+00   0.83956E-01
   0.62724E-01   0.44318E-01   0.13887E+00   0.65897E-01   0.10445E+00   0.96936E-01
   0.25241E+01   0.14310E+01   0.29312E+01   0.15822E+01   0.25763E+01   0.16813E+02
   0.17306E+01   0.14863E+01   0.16707E+01   0.17513E+01   0.21286E+01   0.16977E+01
   0.98999E+01   0.25702E+01   0.42002E+01   0.23562E+01   0.24625E+01   0.91315E+01
   0.37234E+02   0.85176E+01   0.87449E+01   0.69171E+01   0.54580E+01   0.10633E+02
   0.18564E+01   0.15603E+01   0.18107E+01   0.18423E+01   0.23401E+01   0.19673E+01
   0.17221E+01   0.14962E+01   0.16651E+01   0.17425E+01   0.21298E+01   0.17096E+01
   0.59193E-01   0.42430E-01   0.69629E-01   0.69726E-01   0.87938E-01   0.73512E-01
   0.10210E+00   0.57341E-01   0.23873E+00   0.12489E+00   0.78877E-01   0.49612E-01
   0.17511E+01   0.15080E+01   0.16812E+01   0.17464E+01   0.21454E+01   0.17321E+01
   0.17410E+01   0.14978E+01   0.16616E+01   0.17422E+01   0.21480E+01   0.16992E+01
   0.17307E+01   0.14926E+01   0.16684E+01   0.17254E+01   0.21672E+01   0.17078E+01
   0.19190E+01   0.15880E+01   0.17827E+01   0.18417E+01   0.22818E+01   0.18020E+01
   0.19486E+01   0.16093E+01   0.18414E+01   0.18972E+01   0.26340E+01   0.23782E+01
   0.17550E+01   0.15007E+01   0.16909E+01   0.17334E+01   0.21575E+01   0.17505E+01
   0.11693E+00   0.53122E-01   0.43634E+00   0.12510E+00   0.20090E+00   0.11478E+00
   0.16503E+01   0.12018E+01   0.17958E+01   0.16385E+02   0.17526E+01   0.54833E+00
   0.31352E+02   0.24479E+02   0.22557E+02   0.39339E+02   0.16086E+03   0.23796E+02
   0.34585E+02   0.32190E+02   0.14375E+03   0.43093E+02   0.46684E+02   0.19852E+02
   0.12203E+02   0.94426E+01   0.26512E+02   0.22793E+02   0.27177E+02   0.17238E+02
   0.15520E+02   0.11897E+02   0.18652E+02   0.17947E+02   0.26561E+02   0.10679E+02
   0.18650E+03   0.66146E+02   0.39307E+02   0.34510E+02   0.42389E+02   0.30016E+02
   0.61714E+02   0.49541E+02   0.53733E+02   0.51107E+02   0.84441E+02   0.95950E+02
   0.34838E+03   0.46501E+03   0.21818E+03   0.12130E+03   0.26366E+03   0.29874E+03
   0.10000E+01   0.10000E+01   0.10000E+01   0.10000E+01   0.10000E+01   0.10000E+01

   0.00000   0.00000   0.00000   0.00000   0.00000   0.68802
   0.00000   0.00000   0.00000   0.00000   0.00000   0.00000
   0.00000   0.00000   0.00000   0.00000   0.00000   0.00000
   0.00000  -0.00000   0.00000   0.00000   0.00000  -0.00000
   0.29514   0.00000   0.00000   0.00000   0.00000   0.40106
   0.00000   0.00000   0.00000   0.00000   0.00000   0.00000
   0.00000   0.78607  -0.00000   0.00000  -0.00000  -0.00000
   0.00000   0.00000   0.00000   0.00000   0.00000   0.00000
   0.00000   0.00000   0.00000   0.00000   0.00000   0.00000
   0.00000   0.00000   0.09550   0.00000   0.00000   0.00000
   0.00000   0.00000   0.00000   0.00000  -0.00000   0.73344
   0.00000   0.00000   0.00000   0.00000   0.00000   0.00000
   0.27516   0.00000   0.00596   0.00000   0.00000   0.27599
   0.50559   0.00000   0.00000   0.00000   0.00000   0.01401
   0.00000   0.00000   0.00000   0.00000   0.00000   0.00000
   0.00000   0.00000   0.00000   0.00000   0.00000   0.00000
   0.00000  -0.00000   0.00000   0.00000   0.00000   0.00000
   0.00000   0.00000   0.28982   0.00000   0.00000   0.00000
   0.00000   0.00000   0.00000   0.00000  -0.00000   0.00000
   0.00000   0.00000   0.00000   0.00000   0.00000   0.00000
   0.00000  -0.00000   0.00000   0.00000   0.00000   0.00000
   0.00000   0.00000   0.00000   0.00000   0.00000   0.00000
   0.00000   0.00000   0.00000   0.00000   0.00000   0.00000
   0.00000   0.00000   0.00000   0.00000   0.00000   0.00000
   0.00000   0.00000   0.43364   0.00000   0.00000   0.00000
   0.00000   0.00000   0.00000   0.81531   0.00000   0.00000
   0.00000   0.00000   0.00000  -0.00000   0.60962   0.00000
   0.00000   0.00000   0.50705   0.00000   0.00000   0.00000
   0.00000   0.00000   0.00000   0.00000   0.00000   0.00000
   0.00000   0.00000   0.00000  -0.00000   0.00000   0.00000
   0.51009   0.00000  -0.00000   0.00000   0.00000   0.00000
   0.00000   0.00000   0.00000   0.00000   0.00000   0.00000
   0.15077   0.26822   0.07572   0.01266   0.10238   0.14307
   1.00000   1.00000   1.00000   1.00000   1.00000   1.00000

   0.21626   0.13963   0.21767   0.18074   0.24256   1.00000
   1.00000   1.00000   1.00000   1.00000   1.00000   1.00000
   1.00000   1.00000   1.00000   1.00000   1.00000   1.00000
   1.00000   1.00000   1.00000   1.00000   1.00000   0.97698
   0.56202   0.08132   0.13612   0.11783   0.12600   0.69026
   1.00000   1.00000   1.00000   1.00000   1.00000   1.00000
   0.20227   0.98099   0.07166   0.03530   0.05686   0.05841
   1.00000   1.00000   1.00000   1.00000   1.00000   1.00000
   0.56731   0.39392   0.63316   0.64311   1.00000   0.60765
   0.41696   0.28482   0.85147   0.45134   0.63771   0.59774
   0.15727   0.08942   0.18338   0.09909   0.16137   1.00000
   1.00000   1.00000   1.00000   1.00000   1.00000   1.00000
   0.56792   0.14997   0.24451   0.13718   0.14332   0.52449
   0.94361   0.22136   0.22667   0.17880   0.14092   0.27456
   1.00000   1.00000   1.00000   1.00000   1.00000   1.00000
   1.00000   1.00000   1.00000   1.00000   1.00000   1.00000
   0.85831   0.61817   0.89542   0.88545   0.98578   0.92785
   0.42967   0.24655   0.98683   0.53888   0.33513   0.21114
   1.00000   1.00000   1.00000   1.00000   1.00000   1.00000
   1.00000   1.00000   1.00000   1.00000   1.00000   1.00000
   1.00000   1.00000   1.00000   1.00000   1.00000   1.00000
   1.00000   1.00000   1.00000   1.00000   1.00000   1.00000
   0.97866   0.89600   0.97621   0.97168   1.00000   1.00000
   1.00000   1.00000   1.00000   1.00000   1.00000   1.00000
   0.27039   0.12211   0.97457   0.29130   0.45236   0.26167
   0.10177   0.07402   0.11073   1.00000   0.10801   0.03381
   0.19659   0.15337   0.14144   0.24659   1.00000   0.14925
   0.25049   0.22956   0.98085   0.31007   0.32840   0.14258
   0.38384   0.28675   0.85445   0.75755   0.79349   0.53100
   0.79565   0.56660   0.86465   0.85092   1.00000   0.57821
   0.99412   0.37137   0.21927   0.19150   0.23057   0.16681
   0.75683   0.63360   0.68229   0.67748   0.91692   1.00000
   0.27777   0.37053   0.17372   0.09664   0.21018   0.23808
   1.00000   1.00000   1.00000   1.00000   1.00000   1.00000
