
       0      -0.052
    0    0    0    0    0    0
    0    0    0    0    0    0
    0    0    0    0    0    0
    0    0    0    0    0    0


  -0.64332E-16   0.00000E+00   0.00000E+00   0.00000E+00   0.00000E+00   0.13661E+02
   0.00000E+00   0.00000E+00   0.00000E+00   0.00000E+00   0.00000E+00   0.00000E+00
   0.00000E+00   0.00000E+00   0.00000E+00   0.00000E+00   0.00000E+00   0.00000E+00
   0.00000E+00  -0.38936E-16   0.00000E+00   0.00000E+00   0.00000E+00  -0.94606E-19
   0.68187E+01   0.00000E+00   0.00000E+00   0.00000E+00   0.00000E+00   0.95073E+01
   0.00000E+00   0.00000E+00   0.00000E+00   0.00000E+00   0.00000E+00   0.00000E+00
   0.00000E+00   0.15544E+03  -0.15284E-16   0.00000E+00  -0.12536E-16  -0.28368E-15
   0.00000E+00   0.00000E+00   0.00000E+00   0.00000E+00   0.00000E+00   0.00000E+00
   0.00000E+00   0.00000E+00  -0.12386E-17   0.00000E+00   0.00000E+00   0.00000E+00
   0.00000E+00   0.00000E+00   0.00000E+00   0.00000E+00   0.00000E+00   0.00000E+00
   0.00000E+00  -0.69494E-17   0.00000E+00   0.00000E+00  -0.53284E-17   0.10656E+02
   0.00000E+00   0.00000E+00   0.00000E+00   0.00000E+00   0.00000E+00   0.00000E+00
   0.38136E+01   0.00000E+00   0.00000E+00   0.00000E+00   0.00000E+00   0.40101E+01
   0.16127E+02   0.00000E+00   0.00000E+00  -0.41285E-16   0.00000E+00   0.00000E+00
   0.00000E+00  -0.51350E-18   0.00000E+00   0.00000E+00  -0.13155E-18   0.00000E+00
   0.00000E+00   0.00000E+00   0.00000E+00   0.00000E+00  -0.14891E-23   0.00000E+00
   0.00000E+00  -0.14692E-18   0.00000E+00   0.00000E+00  -0.23744E-18   0.00000E+00
   0.00000E+00   0.00000E+00   0.36270E-01   0.00000E+00   0.00000E+00   0.00000E+00
   0.00000E+00   0.00000E+00   0.00000E+00   0.00000E+00  -0.19259E-19   0.00000E+00
   0.00000E+00   0.00000E+00   0.00000E+00   0.00000E+00   0.00000E+00   0.00000E+00
   0.00000E+00  -0.21284E-18   0.00000E+00   0.00000E+00   0.00000E+00   0.00000E+00
   0.00000E+00   0.00000E+00   0.00000E+00   0.00000E+00   0.00000E+00   0.00000E+00
   0.00000E+00   0.00000E+00   0.00000E+00   0.00000E+00   0.00000E+00   0.00000E+00
   0.00000E+00   0.00000E+00   0.00000E+00   0.00000E+00   0.00000E+00   0.00000E+00
   0.00000E+00   0.00000E+00   0.14587E+00   0.00000E+00   0.00000E+00   0.00000E+00
   0.00000E+00  -0.10918E-23   0.00000E+00   0.12848E+02   0.00000E+00   0.00000E+00
   0.00000E+00   0.00000E+00   0.00000E+00  -0.26380E-14   0.90772E+02  -0.13966E-14
   0.00000E+00   0.00000E+00   0.59427E+02   0.00000E+00  -0.17046E-14  -0.40879E-15
   0.00000E+00   0.00000E+00   0.00000E+00   0.00000E+00   0.00000E+00   0.00000E+00
   0.00000E+00   0.00000E+00   0.00000E+00  -0.26891E-16   0.00000E+00   0.00000E+00
   0.70509E+02   0.00000E+00  -0.16334E-15   0.00000E+00   0.00000E+00   0.00000E+00
   0.00000E+00   0.00000E+00   0.00000E+00   0.00000E+00   0.00000E+00   0.00000E+00
   0.16872E+03   0.32004E+03   0.84899E+02   0.15897E+02   0.11737E+03   0.16773E+03
   0.10000E+01   0.10000E+01   0.10000E+01   0.10000E+01   0.10000E+01   0.10000E+01

   0.58947E+01   0.39671E+01   0.59889E+01   0.52749E+01   0.71384E+01   0.25211E+02
   0.25472E+01   0.21238E+01   0.25974E+01   0.26017E+01   0.32049E+01   0.24860E+01
   0.24798E+01   0.21055E+01   0.23990E+01   0.24926E+01   0.30900E+01   0.25299E+01
   0.28719E+01   0.25126E+01   0.27957E+01   0.28610E+01   0.34927E+01   0.25769E+01
   0.17105E+02   0.27655E+01   0.48331E+01   0.39901E+01   0.41088E+01   0.20486E+02
   0.12306E+00   0.10482E+00   0.12066E+00   0.12421E+00   0.15335E+00   0.12014E+00
   0.50433E+02   0.21831E+03   0.17529E+02   0.81053E+01   0.13116E+02   0.15602E+02
   0.23811E+01   0.20518E+01   0.23072E+01   0.24025E+01   0.29604E+01   0.23645E+01
   0.10177E+00   0.72518E-01   0.10816E+00   0.10798E+00   0.18289E+00   0.10780E+00
   0.88191E-01   0.60704E-01   0.15933E+00   0.96500E-01   0.13850E+00   0.11726E+00
   0.29470E+01   0.16501E+01   0.34123E+01   0.19168E+01   0.30185E+01   0.17281E+02
   0.23766E+01   0.20476E+01   0.22943E+01   0.24188E+01   0.29770E+01   0.23606E+01
   0.10976E+02   0.30392E+01   0.50478E+01   0.30441E+01   0.30306E+01   0.98681E+01
   0.40103E+02   0.10290E+02   0.10928E+02   0.84688E+01   0.77592E+01   0.12393E+02
   0.25202E+01   0.21289E+01   0.24709E+01   0.25611E+01   0.31788E+01   0.26337E+01
   0.23786E+01   0.20572E+01   0.22995E+01   0.24201E+01   0.29714E+01   0.23609E+01
   0.79710E-01   0.58100E-01   0.88386E-01   0.88807E-01   0.11295E+00   0.92929E-01
   0.12709E+00   0.75596E-01   0.26316E+00   0.15364E+00   0.11533E+00   0.70772E-01
   0.23926E+01   0.20629E+01   0.23204E+01   0.24146E+01   0.30013E+01   0.23874E+01
   0.23724E+01   0.20448E+01   0.23129E+01   0.23993E+01   0.29851E+01   0.23708E+01
   0.23922E+01   0.20667E+01   0.23269E+01   0.24133E+01   0.29878E+01   0.23611E+01
   0.25939E+01   0.21613E+01   0.24426E+01   0.25322E+01   0.31064E+01   0.24737E+01
   0.26585E+01   0.22083E+01   0.25240E+01   0.26340E+01   0.34945E+01   0.30512E+01
   0.23989E+01   0.20690E+01   0.23323E+01   0.24264E+01   0.30182E+01   0.24083E+01
   0.15172E+00   0.74587E-01   0.46960E+00   0.16654E+00   0.23993E+00   0.14548E+00
   0.19495E+01   0.13836E+01   0.26506E+01   0.16466E+02   0.18826E+01   0.73763E+00
   0.37439E+02   0.26884E+02   0.28512E+02   0.42246E+02   0.16154E+03   0.32509E+02
   0.46149E+02   0.38333E+02   0.15243E+03   0.55560E+02   0.58466E+02   0.26839E+02
   0.17202E+02   0.12614E+02   0.31095E+02   0.27858E+02   0.34374E+02   0.21549E+02
   0.20712E+02   0.15682E+02   0.24165E+02   0.23146E+02   0.31481E+02   0.14928E+02
   0.19785E+03   0.77945E+02   0.51710E+02   0.44856E+02   0.55571E+02   0.41094E+02
   0.84752E+02   0.67020E+02   0.73565E+02   0.70326E+02   0.11282E+03   0.11671E+03
   0.35987E+03   0.47990E+03   0.24000E+03   0.13381E+03   0.27559E+03   0.31744E+03
   0.10000E+01   0.10000E+01   0.10000E+01   0.10000E+01   0.10000E+01   0.10000E+01

   0.00000   0.00000   0.00000   0.00000   0.00000   0.64808
   0.00000   0.00000   0.00000   0.00000   0.00000   0.00000
   0.00000   0.00000   0.00000   0.00000   0.00000   0.00000
   0.00000   0.00000   0.00000   0.00000   0.00000   0.00000
   0.25453   0.00000   0.00000   0.00000   0.00000   0.35331
   0.00000   0.00000   0.00000   0.00000   0.00000   0.00000
   0.00000   0.75745   0.00000   0.00000  -0.00000   0.00000
   0.00000   0.00000   0.00000   0.00000   0.00000   0.00000
   0.00000   0.00000   0.00000   0.00000   0.00000   0.00000
   0.00000   0.00000   0.00000   0.00000   0.00000   0.00000
   0.00000   0.00000   0.00000   0.00000   0.00000   0.71134
   0.00000   0.00000   0.00000   0.00000   0.00000   0.00000
   0.22821   0.00000   0.00000   0.00000   0.00000   0.23788
   0.43397   0.00000   0.00000   0.00000   0.00000   0.00000
   0.00000   0.00000   0.00000   0.00000  -0.00000   0.00000
   0.00000   0.00000   0.00000   0.00000   0.00000   0.00000
   0.00000   0.00000   0.00000   0.00000  -0.00000   0.00000
   0.00000   0.00000   0.16941   0.00000   0.00000   0.00000
   0.00000   0.00000   0.00000   0.00000   0.00000   0.00000
   0.00000   0.00000   0.00000   0.00000   0.00000   0.00000
   0.00000   0.00000   0.00000   0.00000   0.00000   0.00000
   0.00000   0.00000   0.00000   0.00000   0.00000   0.00000
   0.00000   0.00000   0.00000   0.00000   0.00000   0.00000
   0.00000   0.00000   0.00000   0.00000   0.00000   0.00000
   0.00000   0.00000   0.35215   0.00000   0.00000   0.00000
   0.00000  -0.00000   0.00000   0.79351   0.00000   0.00000
   0.00000   0.00000   0.00000   0.00000   0.56905  -0.00000
   0.00000   0.00000   0.43838   0.00000  -0.00000   0.00000
   0.00000   0.00000   0.00000   0.00000   0.00000   0.00000
   0.00000   0.00000   0.00000   0.00000   0.00000   0.00000
   0.41213   0.00000   0.00000   0.00000   0.00000   0.00000
   0.00000   0.00000   0.00000   0.00000   0.00000   0.00000
   0.13444   0.25497   0.06770   0.01296   0.09349   0.13356
   1.00000   1.00000   1.00000   1.00000   1.00000   1.00000

   0.25535   0.17163   0.25849   0.22986   0.30555   1.00000
   1.00000   1.00000   1.00000   1.00000   1.00000   1.00000
   1.00000   1.00000   1.00000   1.00000   1.00000   1.00000
   1.00000   1.00000   1.00000   1.00000   1.00000   1.00000
   0.60850   0.10034   0.17647   0.14456   0.14938   0.72186
   1.00000   1.00000   1.00000   1.00000   1.00000   1.00000
   0.23865   0.98879   0.08258   0.03804   0.06162   0.07382
   1.00000   1.00000   1.00000   1.00000   1.00000   1.00000
   0.70259   0.48767   0.77456   0.77548   1.00000   0.75371
   0.57280   0.37487   0.91145   0.63933   0.78959   0.67253
   0.18278   0.10284   0.21288   0.11977   0.18846   1.00000
   1.00000   1.00000   1.00000   1.00000   1.00000   1.00000
   0.62493   0.17716   0.29265   0.17657   0.17579   0.56069
   0.99767   0.26644   0.28144   0.21711   0.19874   0.31736
   1.00000   1.00000   1.00000   1.00000   1.00000   1.00000
   1.00000   1.00000   1.00000   1.00000   1.00000   1.00000
   0.98918   0.75729   0.97996   0.97562   1.00000   0.98057
   0.51697   0.31306   1.00000   0.64217   0.46788   0.29216
   1.00000   1.00000   1.00000   1.00000   1.00000   1.00000
   1.00000   1.00000   1.00000   1.00000   1.00000   1.00000
   1.00000   1.00000   1.00000   1.00000   1.00000   1.00000
   1.00000   1.00000   1.00000   1.00000   1.00000   1.00000
   1.00000   0.96904   1.00000   1.00000   1.00000   1.00000
   1.00000   1.00000   1.00000   1.00000   1.00000   1.00000
   0.34703   0.16940   0.99303   0.38456   0.52339   0.32358
   0.12018   0.08525   0.16342   1.00000   0.11601   0.04546
   0.23470   0.16843   0.17875   0.26468   1.00000   0.20376
   0.33064   0.26937   1.00000   0.39495   0.40229   0.19053
   0.52553   0.36785   0.92547   0.87219   0.90795   0.62082
   0.94410   0.69533   0.96709   0.93952   1.00000   0.74238
   0.99944   0.43362   0.28361   0.24435   0.29519   0.22355
   0.89405   0.74353   0.80372   0.80281   0.98662   1.00000
   0.28706   0.38256   0.19108   0.10662   0.21971   0.25304
   1.00000   1.00000   1.00000   1.00000   1.00000   1.00000
