
       0      -0.052
    0    0    0    0    0    0
    0    0    0    0    0    0
    0    0    0    0    0    0
    0    0    0    0    0    0


  -0.64332E-16  -0.22288E-15   0.00000E+00  -0.61329E-16   0.00000E+00   0.12507E+02
   0.00000E+00   0.00000E+00   0.00000E+00   0.00000E+00   0.00000E+00   0.00000E+00
   0.00000E+00   0.00000E+00   0.00000E+00   0.00000E+00   0.00000E+00   0.00000E+00
   0.00000E+00  -0.38936E-16   0.00000E+00   0.00000E+00   0.00000E+00  -0.12440E-18
   0.57205E+01   0.00000E+00   0.00000E+00   0.00000E+00  -0.36351E-16   0.80476E+01
   0.00000E+00   0.00000E+00   0.00000E+00   0.00000E+00   0.00000E+00   0.00000E+00
   0.00000E+00   0.14709E+03  -0.15284E-16   0.00000E+00  -0.12536E-16  -0.28368E-15
   0.00000E+00   0.00000E+00   0.00000E+00   0.00000E+00   0.00000E+00   0.00000E+00
   0.00000E+00   0.00000E+00  -0.12386E-17   0.00000E+00   0.00000E+00   0.00000E+00
   0.00000E+00  -0.62895E-18   0.00000E+00   0.00000E+00   0.00000E+00   0.00000E+00
   0.00000E+00  -0.15571E-15   0.00000E+00   0.00000E+00  -0.53284E-17   0.10104E+02
   0.00000E+00   0.00000E+00   0.00000E+00   0.00000E+00   0.00000E+00   0.00000E+00
   0.30426E+01   0.00000E+00   0.00000E+00   0.00000E+00   0.00000E+00   0.32772E+01
   0.13380E+02   0.00000E+00   0.00000E+00  -0.97281E-16   0.00000E+00   0.00000E+00
   0.00000E+00  -0.51350E-18   0.00000E+00   0.00000E+00  -0.13155E-18   0.00000E+00
   0.00000E+00   0.00000E+00   0.00000E+00   0.00000E+00  -0.14891E-23   0.00000E+00
   0.00000E+00  -0.14692E-18   0.00000E+00   0.00000E+00  -0.23744E-18   0.00000E+00
   0.00000E+00   0.00000E+00   0.76184E-02   0.00000E+00   0.00000E+00   0.00000E+00
   0.00000E+00   0.00000E+00   0.00000E+00   0.00000E+00  -0.19259E-19   0.00000E+00
   0.00000E+00   0.00000E+00   0.00000E+00   0.00000E+00   0.00000E+00  -0.32241E-20
   0.00000E+00  -0.21284E-18   0.00000E+00   0.00000E+00   0.00000E+00   0.00000E+00
   0.00000E+00   0.00000E+00   0.00000E+00   0.00000E+00   0.00000E+00   0.00000E+00
   0.00000E+00  -0.69532E-17   0.00000E+00   0.00000E+00   0.00000E+00   0.00000E+00
   0.00000E+00  -0.43716E-18   0.00000E+00   0.00000E+00   0.00000E+00   0.00000E+00
   0.00000E+00   0.00000E+00   0.10953E+00  -0.31419E-18   0.00000E+00   0.00000E+00
  -0.32559E-16  -0.10918E-23  -0.12039E-15   0.11976E+02  -0.36832E-24  -0.86599E-16
  -0.11824E-25   0.00000E+00   0.00000E+00  -0.26380E-14   0.83815E+02  -0.13966E-14
   0.00000E+00   0.00000E+00   0.50288E+02   0.00000E+00  -0.17046E-14  -0.40879E-15
   0.00000E+00   0.00000E+00   0.00000E+00   0.00000E+00   0.00000E+00   0.00000E+00
   0.00000E+00   0.00000E+00   0.00000E+00  -0.26891E-16   0.00000E+00   0.00000E+00
   0.53564E+02   0.00000E+00  -0.16334E-15   0.00000E+00  -0.82344E-15   0.00000E+00
   0.00000E+00   0.00000E+00   0.00000E+00  -0.10967E-15   0.00000E+00   0.00000E+00
   0.15444E+03   0.30263E+03   0.74871E+02   0.15897E+02   0.10468E+03   0.15459E+03
   0.10000E+01   0.10000E+01   0.10000E+01   0.10000E+01   0.10000E+01   0.10000E+01

   0.69417E+01   0.47948E+01   0.70489E+01   0.63174E+01   0.85728E+01   0.26245E+02
   0.32855E+01   0.27365E+01   0.33227E+01   0.33422E+01   0.41318E+01   0.32426E+01
   0.31827E+01   0.27179E+01   0.31306E+01   0.32222E+01   0.40122E+01   0.32515E+01
   0.36394E+01   0.31171E+01   0.35421E+01   0.36202E+01   0.44555E+01   0.33624E+01
   0.18819E+02   0.33272E+01   0.59654E+01   0.46203E+01   0.47708E+01   0.21611E+02
   0.15957E+00   0.13542E+00   0.15654E+00   0.16206E+00   0.19940E+00   0.15618E+00
   0.59921E+02   0.22312E+03   0.20153E+02   0.88967E+01   0.14184E+02   0.19167E+02
   0.31003E+01   0.26486E+01   0.30318E+01   0.31268E+01   0.38796E+01   0.31069E+01
   0.12715E+00   0.90442E-01   0.13324E+00   0.13005E+00   0.20823E+00   0.13218E+00
   0.11869E+00   0.78548E-01   0.18125E+00   0.12903E+00   0.17534E+00   0.13986E+00
   0.33816E+01   0.18994E+01   0.39108E+01   0.22690E+01   0.34620E+01   0.17774E+02
   0.30839E+01   0.26629E+01   0.30307E+01   0.31365E+01   0.38882E+01   0.30897E+01
   0.12194E+02   0.35793E+01   0.58697E+01   0.36801E+01   0.35893E+01   0.10595E+02
   0.42342E+02   0.12177E+02   0.13302E+02   0.10034E+02   0.10012E+02   0.14150E+02
   0.32516E+01   0.27417E+01   0.32096E+01   0.32877E+01   0.41058E+01   0.33834E+01
   0.30843E+01   0.26734E+01   0.30079E+01   0.31360E+01   0.38623E+01   0.30882E+01
   0.10146E+00   0.74912E-01   0.10881E+00   0.10894E+00   0.13687E+00   0.11353E+00
   0.15541E+00   0.94933E-01   0.28697E+00   0.18436E+00   0.15282E+00   0.94738E-01
   0.31177E+01   0.26715E+01   0.30336E+01   0.31385E+01   0.38914E+01   0.31309E+01
   0.31014E+01   0.26577E+01   0.30189E+01   0.31338E+01   0.38946E+01   0.30979E+01
   0.31087E+01   0.26697E+01   0.30390E+01   0.31286E+01   0.38833E+01   0.30960E+01
   0.32969E+01   0.27739E+01   0.31811E+01   0.32691E+01   0.40374E+01   0.32232E+01
   0.34192E+01   0.28221E+01   0.32905E+01   0.33828E+01   0.44401E+01   0.38021E+01
   0.31268E+01   0.26841E+01   0.30479E+01   0.31530E+01   0.39133E+01   0.31269E+01
   0.18864E+00   0.97354E-01   0.50009E+00   0.20944E+00   0.27652E+00   0.17520E+00
   0.23729E+01   0.15871E+01   0.37182E+01   0.16558E+02   0.20240E+01   0.11422E+01
   0.45049E+02   0.29133E+02   0.35256E+02   0.45274E+02   0.16224E+03   0.39609E+02
   0.57197E+02   0.44802E+02   0.16081E+03   0.67547E+02   0.69712E+02   0.35124E+02
   0.23011E+02   0.16173E+02   0.35717E+02   0.32280E+02   0.40771E+02   0.26173E+02
   0.26220E+02   0.19758E+02   0.29722E+02   0.28218E+02   0.36539E+02   0.20175E+02
   0.20857E+03   0.90433E+02   0.64384E+02   0.55470E+02   0.69178E+02   0.52546E+02
   0.10892E+03   0.85226E+02   0.95232E+02   0.90463E+02   0.14272E+03   0.13896E+03
   0.36684E+03   0.49393E+03   0.25815E+03   0.13439E+03   0.28247E+03   0.33365E+03
   0.10000E+01   0.10000E+01   0.10000E+01   0.10000E+01   0.10000E+01   0.10000E+01

   0.00000  -0.00000   0.00000  -0.00000   0.00000   0.60538
   0.00000   0.00000   0.00000   0.00000   0.00000   0.00000
   0.00000   0.00000   0.00000   0.00000   0.00000   0.00000
   0.00000   0.00000   0.00000   0.00000   0.00000  -0.00000
   0.21505   0.00000   0.00000   0.00000  -0.00000   0.29839
   0.00000   0.00000   0.00000   0.00000   0.00000   0.00000
   0.00000   0.71681   0.00000   0.00000   0.00000   0.00000
   0.00000   0.00000   0.00000   0.00000   0.00000   0.00000
   0.00000   0.00000   0.00000   0.00000   0.00000   0.00000
   0.00000  -0.00000   0.00000   0.00000   0.00000   0.00000
   0.00000  -0.00000   0.00000   0.00000   0.00000   0.68893
   0.00000   0.00000   0.00000   0.00000   0.00000   0.00000
   0.18331   0.00000   0.00000   0.00000   0.00000   0.19477
   0.36370   0.00000   0.00000  -0.00000   0.00000   0.00000
   0.00000   0.00000   0.00000   0.00000   0.00000   0.00000
   0.00000   0.00000   0.00000   0.00000   0.00000   0.00000
   0.00000  -0.00000   0.00000   0.00000  -0.00000   0.00000
   0.00000   0.00000   0.03557   0.00000   0.00000   0.00000
   0.00000   0.00000   0.00000   0.00000   0.00000   0.00000
   0.00000   0.00000   0.00000   0.00000   0.00000  -0.00000
   0.00000   0.00000   0.00000   0.00000   0.00000   0.00000
   0.00000   0.00000   0.00000   0.00000   0.00000   0.00000
   0.00000  -0.00000   0.00000   0.00000   0.00000   0.00000
   0.00000  -0.00000   0.00000   0.00000   0.00000   0.00000
   0.00000   0.00000   0.26678  -0.00000   0.00000   0.00000
  -0.00000   0.00000  -0.00000   0.73852  -0.00000  -0.00000
  -0.00000   0.00000   0.00000   0.00000   0.52566   0.00000
   0.00000   0.00000   0.37258   0.00000  -0.00000   0.00000
   0.00000   0.00000   0.00000   0.00000   0.00000   0.00000
   0.00000   0.00000   0.00000   0.00000   0.00000   0.00000
   0.31531   0.00000   0.00000   0.00000  -0.00000   0.00000
   0.00000   0.00000   0.00000  -0.00000   0.00000   0.00000
   0.12306   0.24121   0.05972   0.01550   0.08334   0.12312
   1.00000   1.00000   1.00000   1.00000   1.00000   1.00000

   0.29660   0.20398   0.29903   0.26971   0.35884   1.00000
   1.00000   1.00000   1.00000   1.00000   1.00000   1.00000
   1.00000   1.00000   1.00000   1.00000   1.00000   1.00000
   1.00000   1.00000   1.00000   1.00000   1.00000   1.00000
   0.66291   0.12023   0.21748   0.16673   0.17297   0.74868
   1.00000   1.00000   1.00000   1.00000   1.00000   1.00000
   0.28319   0.99431   0.09473   0.04167   0.06643   0.09041
   1.00000   1.00000   1.00000   1.00000   1.00000   1.00000
   0.83591   0.57843   0.88637   0.86713   1.00000   0.86386
   0.75393   0.46452   0.97078   0.79877   0.91353   0.74155
   0.20879   0.11794   0.24295   0.14139   0.21543   1.00000
   1.00000   1.00000   1.00000   1.00000   1.00000   1.00000
   0.68825   0.20840   0.33862   0.21240   0.20744   0.59409
   0.99903   0.31397   0.33997   0.25464   0.25386   0.35843
   1.00000   1.00000   1.00000   1.00000   1.00000   1.00000
   1.00000   1.00000   1.00000   1.00000   1.00000   1.00000
   0.99892   0.86645   1.00000   0.99194   1.00000   1.00000
   0.60851   0.37805   1.00000   0.74733   0.58058   0.37547
   1.00000   1.00000   1.00000   1.00000   1.00000   1.00000
   1.00000   1.00000   1.00000   1.00000   1.00000   1.00000
   1.00000   1.00000   1.00000   1.00000   1.00000   1.00000
   1.00000   1.00000   1.00000   1.00000   1.00000   1.00000
   1.00000   0.99904   1.00000   1.00000   1.00000   1.00000
   1.00000   1.00000   1.00000   1.00000   1.00000   1.00000
   0.42571   0.21761   1.00000   0.47718   0.58369   0.37856
   0.14623   0.09775   0.22920   1.00000   0.12472   0.07041
   0.28226   0.18250   0.22103   0.28363   1.00000   0.24819
   0.40270   0.30919   1.00000   0.47305   0.46751   0.24444
   0.68427   0.45141   0.97037   0.93204   0.97084   0.70207
   0.99419   0.80972   0.99294   0.97668   1.00000   0.89961
   1.00000   0.49787   0.34637   0.29595   0.35766   0.27889
   0.96993   0.83085   0.90402   0.90193   1.00000   1.00000
   0.29276   0.39399   0.20548   0.10708   0.22528   0.26603
   1.00000   1.00000   1.00000   1.00000   1.00000   1.00000
