
       0      -0.052
    0    0    0    0    0    0
    0    0    0    0    0    0
    0    0    0    0    0    0
    0    0    0    0    0    0


  -0.64332E-16   0.00000E+00   0.00000E+00   0.00000E+00   0.00000E+00   0.15775E+02
   0.00000E+00   0.00000E+00   0.00000E+00   0.00000E+00   0.00000E+00   0.00000E+00
   0.00000E+00   0.00000E+00   0.00000E+00   0.00000E+00   0.00000E+00   0.00000E+00
   0.00000E+00   0.00000E+00   0.00000E+00   0.00000E+00   0.00000E+00   0.00000E+00
   0.89971E+01   0.00000E+00   0.00000E+00   0.00000E+00   0.00000E+00   0.11826E+02
   0.00000E+00   0.00000E+00   0.00000E+00   0.00000E+00   0.00000E+00   0.00000E+00
   0.20490E-06   0.16784E+03  -0.14993E-26   0.00000E+00   0.00000E+00   0.00000E+00
   0.00000E+00   0.00000E+00   0.00000E+00   0.00000E+00   0.00000E+00   0.00000E+00
   0.00000E+00   0.00000E+00  -0.12386E-17   0.00000E+00   0.00000E+00   0.00000E+00
   0.00000E+00   0.00000E+00   0.34068E-01   0.00000E+00   0.00000E+00   0.83913E-03
   0.00000E+00  -0.69494E-17   0.00000E+00   0.00000E+00   0.00000E+00   0.11716E+02
   0.00000E+00   0.00000E+00   0.00000E+00   0.00000E+00   0.00000E+00   0.00000E+00
   0.53318E+01   0.12331E+00   0.55377E+00   0.00000E+00   0.00000E+00   0.51916E+01
   0.21346E+02   0.00000E+00   0.00000E+00  -0.41285E-16   0.00000E+00   0.21179E+01
   0.00000E+00  -0.51350E-18   0.00000E+00   0.00000E+00   0.00000E+00   0.00000E+00
   0.00000E+00   0.00000E+00   0.00000E+00   0.00000E+00  -0.14891E-23   0.00000E+00
   0.00000E+00  -0.14692E-18   0.00000E+00   0.00000E+00   0.00000E+00   0.00000E+00
   0.00000E+00   0.00000E+00   0.82151E-01   0.00000E+00   0.00000E+00   0.00000E+00
   0.00000E+00   0.00000E+00   0.00000E+00   0.00000E+00  -0.19259E-19   0.00000E+00
   0.00000E+00   0.00000E+00   0.00000E+00   0.00000E+00   0.00000E+00   0.00000E+00
   0.00000E+00   0.00000E+00   0.00000E+00   0.00000E+00   0.00000E+00   0.00000E+00
   0.00000E+00   0.00000E+00   0.00000E+00   0.00000E+00   0.00000E+00   0.00000E+00
   0.00000E+00   0.00000E+00   0.00000E+00   0.00000E+00   0.00000E+00   0.00000E+00
   0.00000E+00   0.00000E+00   0.00000E+00   0.00000E+00   0.00000E+00   0.00000E+00
   0.00000E+00   0.00000E+00   0.21166E+00   0.00000E+00   0.00000E+00   0.00000E+00
   0.00000E+00   0.00000E+00   0.00000E+00   0.13372E+02   0.00000E+00   0.00000E+00
   0.00000E+00   0.00000E+00   0.00000E+00   0.00000E+00   0.10076E+03  -0.13966E-14
   0.00000E+00   0.00000E+00   0.77660E+02   0.00000E+00   0.00000E+00  -0.40879E-15
   0.00000E+00   0.00000E+00   0.42642E+00   0.00000E+00   0.00000E+00   0.00000E+00
   0.00000E+00   0.00000E+00   0.00000E+00   0.00000E+00   0.00000E+00   0.00000E+00
   0.10308E+03   0.10294E+01  -0.15741E-15   0.00000E+00   0.00000E+00   0.00000E+00
   0.00000E+00   0.00000E+00   0.00000E+00   0.00000E+00   0.00000E+00   0.00000E+00
   0.21006E+03   0.34920E+03   0.10455E+03   0.19991E+02   0.13355E+03   0.19029E+03
   0.10000E+01   0.10000E+01   0.10000E+01   0.10000E+01   0.10000E+01   0.10000E+01

   0.40776E+01   0.25703E+01   0.41233E+01   0.29469E+01   0.41370E+01   0.23211E+02
   0.13603E+01   0.11044E+01   0.14369E+01   0.13326E+01   0.16733E+01   0.12755E+01
   0.12822E+01   0.10915E+01   0.12337E+01   0.12747E+01   0.16076E+01   0.13533E+01
   0.16325E+01   0.14523E+01   0.15695E+01   0.15620E+01   0.18412E+01   0.13200E+01
   0.14618E+02   0.18258E+01   0.27390E+01   0.24606E+01   0.29055E+01   0.18264E+02
   0.64642E-01   0.54168E-01   0.64048E-01   0.64497E-01   0.77946E-01   0.61364E-01
   0.37023E+02   0.20988E+03   0.13056E+02   0.71240E+01   0.11110E+02   0.10177E+02
   0.12158E+01   0.10575E+01   0.11666E+01   0.12144E+01   0.15009E+01   0.12105E+01
   0.60274E-01   0.42602E-01   0.65078E-01   0.64163E-01   0.13090E+00   0.66823E-01
   0.43765E-01   0.31905E-01   0.12328E+00   0.41273E-01   0.77563E-01   0.80534E-01
   0.21606E+01   0.12606E+01   0.25094E+01   0.13065E+01   0.22048E+01   0.16366E+02
   0.12182E+01   0.10632E+01   0.11590E+01   0.12172E+01   0.14952E+01   0.12116E+01
   0.90774E+01   0.21951E+01   0.34810E+01   0.18059E+01   0.19322E+01   0.84841E+01
   0.34726E+02   0.71338E+01   0.68493E+01   0.54429E+01   0.37500E+01   0.91927E+01
   0.13163E+01   0.11094E+01   0.12996E+01   0.13032E+01   0.16470E+01   0.14563E+01
   0.12144E+01   0.10634E+01   0.11576E+01   0.12135E+01   0.15006E+01   0.12059E+01
   0.42072E-01   0.30091E-01   0.54623E-01   0.52765E-01   0.65491E-01   0.58984E-01
   0.82114E-01   0.41253E-01   0.21222E+00   0.10136E+00   0.50881E-01   0.33705E-01
   0.12379E+01   0.10601E+01   0.11741E+01   0.12118E+01   0.15155E+01   0.12254E+01
   0.12274E+01   0.10641E+01   0.11732E+01   0.12080E+01   0.15041E+01   0.12127E+01
   0.12236E+01   0.10681E+01   0.11875E+01   0.12192E+01   0.15215E+01   0.12070E+01
   0.14016E+01   0.11372E+01   0.12717E+01   0.13028E+01   0.16167E+01   0.12912E+01
   0.14077E+01   0.11575E+01   0.12869E+01   0.13123E+01   0.19122E+01   0.18665E+01
   0.12399E+01   0.10671E+01   0.11821E+01   0.12192E+01   0.15240E+01   0.12420E+01
   0.88161E-01   0.35559E-01   0.40628E+00   0.91178E-01   0.16855E+00   0.90070E-01
   0.14223E+01   0.10591E+01   0.14112E+01   0.16314E+02   0.16539E+01   0.45875E+00
   0.26698E+02   0.22097E+02   0.17873E+02   0.37013E+02   0.16030E+03   0.18382E+02
   0.24921E+02   0.27007E+02   0.13577E+03   0.32672E+02   0.36474E+02   0.14741E+02
   0.84863E+01   0.68451E+01   0.22340E+02   0.17680E+02   0.21121E+02   0.13817E+02
   0.11334E+02   0.89857E+01   0.14207E+02   0.13247E+02   0.22147E+02   0.76553E+01
   0.17490E+03   0.56155E+02   0.28916E+02   0.25306E+02   0.31912E+02   0.20982E+02
   0.44224E+02   0.36468E+02   0.38456E+02   0.35845E+02   0.60723E+02   0.79469E+02
   0.33411E+03   0.44720E+03   0.19581E+03   0.10733E+03   0.24061E+03   0.28326E+03
   0.10000E+01   0.10000E+01   0.10000E+01   0.10000E+01   0.10000E+01   0.10000E+01

  -0.00000   0.00000   0.00000   0.00000   0.00000   0.72525
   0.00000   0.00000   0.00000   0.00000   0.00000   0.00000
   0.00000   0.00000   0.00000   0.00000   0.00000   0.00000
   0.00000   0.00000   0.00000   0.00000   0.00000   0.00000
   0.33191   0.00000   0.00000   0.00000   0.00000   0.43713
   0.00000   0.00000   0.00000   0.00000   0.00000   0.00000
   0.00000   0.80674  -0.00000   0.00000   0.00000   0.00000
   0.00000   0.00000   0.00000   0.00000   0.00000   0.00000
   0.00000   0.00000  -0.00000   0.00000   0.00000   0.00000
   0.00000   0.00000   0.24580   0.00000   0.00000   0.00630
   0.00000  -0.00000   0.00000   0.00000   0.00000   0.75489
   0.00000   0.00000   0.00000   0.00000   0.00000   0.00000
   0.31514   0.00719   0.03239   0.00000   0.00000   0.30634
   0.56595   0.00000   0.00000  -0.00000   0.00000   0.05553
   0.00000  -0.00000   0.00000   0.00000   0.00000   0.00000
   0.00000   0.00000   0.00000   0.00000  -0.00000   0.00000
   0.00000  -0.00000   0.00000   0.00000   0.00000   0.00000
   0.00000   0.00000   0.38402   0.00000   0.00000   0.00000
   0.00000   0.00000   0.00000   0.00000  -0.00000   0.00000
   0.00000   0.00000   0.00000   0.00000   0.00000   0.00000
   0.00000   0.00000   0.00000   0.00000   0.00000   0.00000
   0.00000   0.00000   0.00000   0.00000   0.00000   0.00000
   0.00000   0.00000   0.00000   0.00000   0.00000   0.00000
   0.00000   0.00000   0.00000   0.00000   0.00000   0.00000
   0.00000   0.00000   0.50397   0.00000   0.00000   0.00000
   0.00000   0.00000   0.00000   0.82665   0.00000   0.00000
   0.00000   0.00000   0.00000   0.00000   0.63182  -0.00000
   0.00000   0.00000   0.56986   0.00000   0.00000  -0.00000
   0.00000   0.00000   0.01466   0.00000   0.00000   0.00000
   0.00000   0.00000   0.00000   0.00000   0.00000   0.00000
   0.59534   0.00594  -0.00000   0.00000   0.00000   0.00000
   0.00000   0.00000   0.00000   0.00000   0.00000   0.00000
   0.16734   0.27812   0.08333   0.01592   0.10638   0.15151
   1.00000   1.00000   1.00000   1.00000   1.00000   1.00000

   0.18095   0.11341   0.18236   0.13157   0.18240   0.99373
   1.00000   1.00000   1.00000   1.00000   1.00000   1.00000
   1.00000   1.00000   1.00000   1.00000   1.00000   1.00000
   1.00000   1.00000   1.00000   1.00000   0.96886   0.88770
   0.52727   0.06657   0.10015   0.08967   0.10599   0.65896
   1.00000   1.00000   1.00000   1.00000   1.00000   1.00000
   0.17559   0.97361   0.06182   0.03357   0.05256   0.04822
   1.00000   1.00000   1.00000   1.00000   1.00000   1.00000
   0.45083   0.31100   0.49854   0.49709   0.91583   0.49578
   0.29722   0.21139   0.80076   0.28973   0.49860   0.52683
   0.13515   0.07895   0.15733   0.08195   0.13830   0.99574
   1.00000   1.00000   1.00000   1.00000   1.00000   1.00000
   0.52390   0.12820   0.20311   0.10537   0.11272   0.49082
   0.89166   0.18587   0.17834   0.14145   0.09731   0.23862
   1.00000   1.00000   1.00000   1.00000   1.00000   1.00000
   1.00000   1.00000   1.00000   1.00000   1.00000   1.00000
   0.67968   0.47444   0.79731   0.77680   0.94449   0.83431
   0.35528   0.18293   0.94037   0.44770   0.22260   0.14716
   1.00000   1.00000   1.00000   1.00000   1.00000   1.00000
   1.00000   1.00000   1.00000   1.00000   1.00000   1.00000
   1.00000   1.00000   1.00000   1.00000   1.00000   1.00000
   1.00000   1.00000   1.00000   1.00000   1.00000   1.00000
   0.90036   0.78067   0.85880   0.85921   1.00000   1.00000
   1.00000   1.00000   1.00000   1.00000   1.00000   1.00000
   0.20515   0.08253   0.92767   0.21319   0.38749   0.20778
   0.08769   0.06524   0.08702   1.00000   0.10193   0.02828
   0.16741   0.13847   0.11207   0.23201   1.00000   0.11528
   0.18132   0.19434   0.95331   0.23657   0.26007   0.10656
   0.27418   0.21515   0.74680   0.60157   0.65368   0.44288
   0.61773   0.45427   0.72054   0.70574   1.00000   0.43193
   0.96348   0.31733   0.16322   0.14232   0.17619   0.11827
   0.62220   0.52657   0.56046   0.54569   0.78507   1.00000
   0.26632   0.35630   0.15590   0.08552   0.19177   0.22571
   1.00000   1.00000   1.00000   1.00000   1.00000   1.00000
