
       0      -0.062
    0    0    0    0    0    0
    0    0    0    0    0    0
    0    0    0    0    0    0
    0    0    0    0    0    0


   0.00000E+00   0.00000E+00   0.00000E+00   0.15690E+02  -0.20114E-24   0.00000E+00
   0.00000E+00   0.00000E+00   0.00000E+00   0.00000E+00   0.00000E+00   0.00000E+00
   0.00000E+00   0.00000E+00   0.00000E+00   0.00000E+00   0.00000E+00   0.00000E+00
   0.00000E+00   0.00000E+00   0.00000E+00   0.00000E+00   0.00000E+00   0.00000E+00
   0.00000E+00   0.00000E+00   0.89625E+01   0.11837E+02   0.00000E+00   0.00000E+00
   0.00000E+00   0.00000E+00   0.00000E+00   0.00000E+00   0.00000E+00   0.00000E+00
   0.12072E-03   0.16533E+03   0.00000E+00  -0.54684E-26   0.00000E+00   0.00000E+00
   0.00000E+00   0.00000E+00   0.00000E+00   0.00000E+00   0.00000E+00   0.00000E+00
   0.00000E+00   0.00000E+00   0.00000E+00   0.00000E+00   0.00000E+00   0.00000E+00
   0.00000E+00   0.00000E+00   0.00000E+00   0.00000E+00   0.00000E+00   0.34300E-01
   0.00000E+00   0.00000E+00   0.00000E+00   0.11698E+02  -0.11543E-16   0.00000E+00
   0.00000E+00   0.00000E+00   0.00000E+00   0.00000E+00   0.00000E+00   0.00000E+00
   0.00000E+00   0.12272E+00   0.53114E+01   0.51639E+01   0.00000E+00   0.56349E+00
   0.00000E+00   0.00000E+00   0.21407E+02   0.21231E+01   0.00000E+00   0.00000E+00
   0.00000E+00   0.00000E+00   0.00000E+00   0.00000E+00   0.00000E+00   0.00000E+00
   0.00000E+00   0.00000E+00   0.00000E+00   0.00000E+00   0.00000E+00   0.00000E+00
   0.00000E+00   0.00000E+00   0.00000E+00   0.00000E+00   0.00000E+00   0.00000E+00
   0.00000E+00   0.00000E+00   0.00000E+00   0.00000E+00   0.00000E+00   0.82870E-01
   0.00000E+00   0.00000E+00   0.00000E+00   0.00000E+00   0.00000E+00   0.00000E+00
   0.00000E+00   0.00000E+00   0.00000E+00   0.00000E+00   0.00000E+00   0.00000E+00
   0.00000E+00   0.00000E+00   0.00000E+00   0.00000E+00   0.00000E+00   0.00000E+00
   0.00000E+00   0.00000E+00   0.00000E+00   0.00000E+00   0.00000E+00   0.00000E+00
   0.00000E+00   0.00000E+00   0.00000E+00   0.00000E+00   0.00000E+00   0.00000E+00
   0.00000E+00   0.00000E+00   0.00000E+00   0.00000E+00   0.00000E+00   0.00000E+00
  -0.26310E-17   0.00000E+00   0.00000E+00   0.00000E+00   0.00000E+00   0.21116E+00
   0.13372E+02   0.00000E+00  -0.11473E-24  -0.66486E-16  -0.16390E-15   0.00000E+00
   0.00000E+00   0.00000E+00   0.00000E+00  -0.13206E-20   0.10109E+03   0.00000E+00
   0.00000E+00   0.00000E+00   0.00000E+00   0.00000E+00   0.00000E+00   0.77597E+02
   0.00000E+00   0.00000E+00   0.00000E+00   0.00000E+00   0.00000E+00   0.44213E+00
   0.00000E+00   0.00000E+00   0.00000E+00   0.00000E+00   0.00000E+00   0.00000E+00
   0.00000E+00   0.11258E+01   0.10404E+03   0.00000E+00   0.00000E+00   0.00000E+00
   0.10000E+01   0.10000E+01   0.10000E+01   0.10000E+01   0.10000E+01   0.10000E+01

   0.29115E+01   0.24430E+01   0.41113E+01   0.23194E+02   0.43064E+01   0.40559E+01
   0.13409E+01   0.10756E+01   0.13382E+01   0.13058E+01   0.16546E+01   0.14360E+01
   0.12822E+01   0.10626E+01   0.12819E+01   0.13579E+01   0.15949E+01   0.12324E+01
   0.15959E+01   0.14128E+01   0.16294E+01   0.13325E+01   0.17922E+01   0.15736E+01
   0.25040E+01   0.17077E+01   0.14561E+02   0.18245E+02   0.29842E+01   0.27621E+01
   0.64902E-01   0.52757E-01   0.64622E-01   0.61973E-01   0.78234E-01   0.64029E-01
   0.71231E+01   0.20709E+03   0.35036E+02   0.84598E+01   0.11521E+02   0.67952E+01
   0.12201E+01   0.10352E+01   0.12159E+01   0.12058E+01   0.15050E+01   0.11659E+01
   0.64394E-01   0.41239E-01   0.59081E-01   0.65097E-01   0.13557E+00   0.65115E-01
   0.40960E-01   0.30494E-01   0.43224E-01   0.80313E-01   0.79216E-01   0.12293E+00
   0.13035E+01   0.11851E+01   0.21674E+01   0.16251E+02   0.22476E+01   0.24958E+01
   0.12220E+01   0.10278E+01   0.12183E+01   0.12091E+01   0.14984E+01   0.11585E+01
   0.18507E+01   0.20570E+01   0.89872E+01   0.84320E+01   0.20329E+01   0.34975E+01
   0.55064E+01   0.67263E+01   0.34218E+02   0.92162E+01   0.38317E+01   0.69868E+01
   0.13105E+01   0.10795E+01   0.13163E+01   0.14565E+01   0.16689E+01   0.12970E+01
   0.12181E+01   0.10288E+01   0.12145E+01   0.12040E+01   0.15034E+01   0.11571E+01
   0.53020E-01   0.28663E-01   0.41513E-01   0.58387E-01   0.61936E-01   0.54365E-01
   0.10288E+00   0.39738E-01   0.79877E-01   0.33991E-01   0.47203E-01   0.21221E+00
   0.12192E+01   0.10364E+01   0.12381E+01   0.12369E+01   0.15230E+01   0.11731E+01
   0.12148E+01   0.10383E+01   0.12275E+01   0.12053E+01   0.15089E+01   0.11725E+01
   0.12265E+01   0.10411E+01   0.12239E+01   0.12196E+01   0.15001E+01   0.11869E+01
   0.13117E+01   0.11080E+01   0.14000E+01   0.13016E+01   0.15949E+01   0.12729E+01
   0.13205E+01   0.11065E+01   0.14051E+01   0.18424E+01   0.19331E+01   0.12860E+01
   0.12267E+01   0.10392E+01   0.12402E+01   0.12530E+01   0.15318E+01   0.11810E+01
   0.92007E-01   0.34187E-01   0.86390E-01   0.88902E-01   0.16673E+00   0.40665E+00
   0.16368E+02   0.10169E+01   0.14113E+01   0.45919E+00   0.16638E+01   0.14280E+01
   0.37065E+02   0.20737E+02   0.27522E+02   0.18825E+02   0.16052E+03   0.18588E+02
   0.33122E+02   0.25900E+02   0.24640E+02   0.14858E+02   0.36511E+02   0.13600E+03
   0.17638E+02   0.66307E+01   0.82664E+01   0.13682E+02   0.21112E+02   0.22248E+02
   0.13307E+02   0.87053E+01   0.11137E+02   0.76502E+01   0.21950E+02   0.14200E+02
   0.26343E+02   0.52312E+02   0.17453E+03   0.20991E+02   0.32293E+02   0.29665E+02
   0.10000E+01   0.10000E+01   0.10000E+01   0.10000E+01   0.10000E+01   0.10000E+01

   0.00000   0.00000   0.00000   0.72169  -0.00000   0.00000
   0.00000   0.00000   0.00000   0.00000   0.00000   0.00000
   0.00000   0.00000   0.00000   0.00000   0.00000   0.00000
   0.00000   0.00000   0.00000   0.00000   0.00000   0.00000
   0.00000   0.00000   0.33063   0.43768   0.00000   0.00000
   0.00000   0.00000   0.00000   0.00000   0.00000   0.00000
   0.00000   0.79758   0.00000  -0.00000   0.00000   0.00000
   0.00000   0.00000   0.00000   0.00000   0.00000   0.00000
   0.00000   0.00000   0.00000   0.00000   0.00000   0.00000
   0.00000   0.00000   0.00000   0.00000   0.00000   0.24752
   0.00000   0.00000   0.00000   0.75467  -0.00000   0.00000
   0.00000   0.00000   0.00000   0.00000   0.00000   0.00000
   0.00000   0.00716   0.31428   0.30485   0.00000   0.03295
   0.00000   0.00000   0.56856   0.05565   0.00000   0.00000
   0.00000   0.00000   0.00000   0.00000   0.00000   0.00000
   0.00000   0.00000   0.00000   0.00000   0.00000   0.00000
   0.00000   0.00000   0.00000   0.00000   0.00000   0.00000
   0.00000   0.00000   0.00000   0.00000   0.00000   0.38747
   0.00000   0.00000   0.00000   0.00000   0.00000   0.00000
   0.00000   0.00000   0.00000   0.00000   0.00000   0.00000
   0.00000   0.00000   0.00000   0.00000   0.00000   0.00000
   0.00000   0.00000   0.00000   0.00000   0.00000   0.00000
   0.00000   0.00000   0.00000   0.00000   0.00000   0.00000
   0.00000   0.00000   0.00000   0.00000   0.00000   0.00000
  -0.00000   0.00000   0.00000   0.00000   0.00000   0.50289
   0.82599   0.00000  -0.00000  -0.00000  -0.00000   0.00000
   0.00000   0.00000   0.00000  -0.00000   0.63407   0.00000
   0.00000   0.00000   0.00000   0.00000   0.00000   0.56925
   0.00000   0.00000   0.00000   0.00000   0.00000   0.01520
   0.00000   0.00000   0.00000   0.00000   0.00000   0.00000
   0.00000   0.00649   0.60178   0.00000   0.00000   0.00000
   1.00000   1.00000   1.00000   1.00000   1.00000   1.00000

   0.13006   0.10781   0.18239   0.99746   0.18978   0.17961
   1.00000   1.00000   1.00000   1.00000   1.00000   1.00000
   1.00000   1.00000   1.00000   1.00000   1.00000   1.00000
   1.00000   1.00000   1.00000   0.88932   0.95348   1.00000
   0.09122   0.06223   0.52504   0.65816   0.10890   0.10099
   1.00000   1.00000   1.00000   1.00000   1.00000   1.00000
   0.03355   0.96790   0.16606   0.04009   0.05444   0.03224
   1.00000   1.00000   1.00000   1.00000   1.00000   1.00000
   0.49915   0.30071   0.44076   0.48444   0.93937   0.49784
   0.28777   0.20179   0.29295   0.52618   0.50668   0.80076
   0.08176   0.07424   0.13553   0.99316   0.14100   0.15645
   1.00000   1.00000   1.00000   1.00000   1.00000   1.00000
   0.10799   0.12017   0.51894   0.48812   0.11856   0.20410
   0.14305   0.17523   0.87946   0.23927   0.09944   0.18185
   1.00000   1.00000   1.00000   1.00000   1.00000   1.00000
   1.00000   1.00000   1.00000   1.00000   1.00000   1.00000
   0.77801   0.45471   0.67046   0.82967   0.89675   0.79734
   0.45357   0.17625   0.34552   0.14840   0.20663   0.93956
   1.00000   1.00000   1.00000   1.00000   1.00000   1.00000
   1.00000   1.00000   1.00000   1.00000   1.00000   1.00000
   1.00000   1.00000   1.00000   1.00000   1.00000   1.00000
   1.00000   1.00000   1.00000   1.00000   1.00000   1.00000
   0.86066   0.76609   0.90018   1.00000   1.00000   0.85934
   1.00000   1.00000   1.00000   1.00000   1.00000   1.00000
   0.21507   0.07932   0.20080   0.20514   0.38320   0.92848
   1.00000   0.06267   0.08698   0.02830   0.10254   0.08804
   0.23229   0.13002   0.17256   0.11804   1.00000   0.11655
   0.23993   0.18627   0.17931   0.10743   0.26048   0.95475
   0.60011   0.20810   0.26734   0.44115   0.65247   0.74307
   0.70948   0.43895   0.60772   0.43758   1.00000   0.71934
   0.14817   0.29590   0.96345   0.11851   0.17854   0.16745
   1.00000   1.00000   1.00000   1.00000   1.00000   1.00000
