
       0      -0.062
    0    0    0    0    0    0
    0    0    0    0    0    0
    0    0    0    0    0    0
    0    0    0    0    0    0


  -0.15888E-16   0.00000E+00   0.00000E+00   0.13624E+02  -0.32948E-21   0.00000E+00
   0.00000E+00   0.00000E+00   0.00000E+00   0.00000E+00   0.00000E+00   0.00000E+00
   0.00000E+00   0.00000E+00   0.00000E+00   0.00000E+00   0.00000E+00   0.00000E+00
   0.00000E+00   0.00000E+00   0.00000E+00   0.00000E+00  -0.25584E-32   0.00000E+00
  -0.33937E-16   0.00000E+00   0.68069E+01   0.95935E+01  -0.15903E-17   0.00000E+00
   0.00000E+00   0.00000E+00   0.00000E+00   0.00000E+00   0.00000E+00   0.00000E+00
   0.00000E+00   0.15385E+03   0.00000E+00  -0.12612E-19   0.00000E+00   0.00000E+00
   0.00000E+00   0.00000E+00   0.00000E+00   0.00000E+00   0.00000E+00   0.00000E+00
   0.00000E+00   0.00000E+00   0.00000E+00   0.00000E+00   0.00000E+00   0.00000E+00
   0.00000E+00   0.00000E+00   0.00000E+00   0.00000E+00   0.00000E+00   0.00000E+00
   0.00000E+00   0.00000E+00   0.00000E+00   0.10666E+02  -0.11543E-16   0.00000E+00
   0.00000E+00   0.00000E+00   0.00000E+00   0.00000E+00   0.00000E+00   0.00000E+00
   0.00000E+00   0.00000E+00   0.38594E+01   0.40084E+01   0.00000E+00   0.00000E+00
  -0.89118E-16   0.00000E+00   0.16256E+02   0.00000E+00   0.00000E+00   0.00000E+00
   0.00000E+00   0.00000E+00   0.00000E+00   0.00000E+00   0.00000E+00   0.00000E+00
   0.00000E+00   0.00000E+00   0.00000E+00   0.00000E+00  -0.54753E-26   0.00000E+00
   0.00000E+00   0.00000E+00   0.00000E+00   0.00000E+00   0.00000E+00   0.00000E+00
   0.00000E+00   0.00000E+00   0.00000E+00   0.00000E+00   0.00000E+00   0.37017E-01
   0.00000E+00   0.00000E+00   0.00000E+00   0.00000E+00   0.00000E+00   0.00000E+00
   0.00000E+00   0.00000E+00   0.00000E+00   0.00000E+00   0.00000E+00   0.00000E+00
   0.00000E+00  -0.47262E-27   0.00000E+00   0.00000E+00   0.00000E+00   0.00000E+00
   0.00000E+00   0.00000E+00   0.00000E+00   0.00000E+00   0.00000E+00   0.00000E+00
   0.00000E+00   0.00000E+00   0.00000E+00   0.00000E+00   0.00000E+00   0.00000E+00
   0.00000E+00   0.00000E+00   0.00000E+00   0.00000E+00   0.00000E+00   0.00000E+00
  -0.26310E-17   0.00000E+00   0.00000E+00   0.00000E+00   0.00000E+00   0.14640E+00
   0.12708E+02   0.00000E+00  -0.11473E-24  -0.66486E-16  -0.16390E-15   0.00000E+00
   0.00000E+00  -0.20719E-14  -0.65163E-26  -0.13206E-20   0.91135E+02   0.00000E+00
   0.00000E+00   0.00000E+00   0.00000E+00   0.00000E+00   0.00000E+00   0.59237E+02
   0.00000E+00   0.00000E+00   0.00000E+00  -0.93763E-16   0.00000E+00   0.00000E+00
   0.00000E+00   0.00000E+00   0.00000E+00   0.00000E+00   0.00000E+00   0.00000E+00
   0.00000E+00  -0.11038E-14   0.72860E+02   0.00000E+00   0.00000E+00  -0.24032E-15
   0.10000E+01   0.10000E+01   0.10000E+01   0.10000E+01   0.10000E+01   0.10000E+01

   0.52696E+01   0.37610E+01   0.58926E+01   0.25193E+02   0.72312E+01   0.59882E+01
   0.26178E+01   0.20685E+01   0.25479E+01   0.25019E+01   0.32197E+01   0.25957E+01
   0.25077E+01   0.20503E+01   0.24517E+01   0.25156E+01   0.31107E+01   0.23969E+01
   0.28803E+01   0.24217E+01   0.28690E+01   0.25954E+01   0.34708E+01   0.27990E+01
   0.39941E+01   0.26078E+01   0.16968E+02   0.20491E+02   0.41750E+01   0.48690E+01
   0.12498E+00   0.10209E+00   0.12305E+00   0.11980E+00   0.15392E+00   0.12060E+00
   0.80849E+01   0.21812E+03   0.48534E+02   0.13266E+02   0.13241E+02   0.15866E+02
   0.23893E+01   0.19872E+01   0.23814E+01   0.23659E+01   0.29964E+01   0.23060E+01
   0.10765E+00   0.69673E-01   0.99954E-01   0.10690E+00   0.18472E+00   0.10801E+00
   0.94438E-01   0.57837E-01   0.87356E-01   0.11725E+00   0.14030E+00   0.15895E+00
   0.19183E+01   0.15778E+01   0.29348E+01   0.17272E+02   0.30464E+01   0.34141E+01
   0.24059E+01   0.19903E+01   0.23768E+01   0.23654E+01   0.29831E+01   0.22933E+01
   0.30444E+01   0.28760E+01   0.10886E+02   0.98475E+01   0.30897E+01   0.50803E+01
   0.84916E+01   0.97909E+01   0.39834E+02   0.12384E+02   0.78868E+01   0.11007E+02
   0.25480E+01   0.20725E+01   0.25205E+01   0.26419E+01   0.32063E+01   0.24675E+01
   0.23853E+01   0.19815E+01   0.23788E+01   0.23664E+01   0.29770E+01   0.22985E+01
   0.88573E-01   0.55827E-01   0.78310E-01   0.92569E-01   0.11188E+00   0.88774E-01
   0.15480E+00   0.72197E-01   0.12511E+00   0.71123E-01   0.11507E+00   0.26377E+00
   0.24293E+01   0.19954E+01   0.23930E+01   0.24075E+01   0.30142E+01   0.23187E+01
   0.24128E+01   0.19951E+01   0.23727E+01   0.23676E+01   0.29947E+01   0.23115E+01
   0.24277E+01   0.19908E+01   0.23926E+01   0.23826E+01   0.29986E+01   0.23255E+01
   0.25487E+01   0.21054E+01   0.25643E+01   0.24920E+01   0.31179E+01   0.24430E+01
   0.26221E+01   0.21251E+01   0.26562E+01   0.30622E+01   0.35144E+01   0.25223E+01
   0.24414E+01   0.20008E+01   0.23994E+01   0.24276E+01   0.29969E+01   0.23304E+01
   0.16698E+00   0.70871E-01   0.14741E+00   0.14439E+00   0.23919E+00   0.46993E+00
   0.16503E+02   0.13402E+01   0.19426E+01   0.77273E+00   0.18910E+01   0.26576E+01
   0.42265E+02   0.26157E+02   0.37923E+02   0.32689E+02   0.16164E+03   0.29060E+02
   0.56010E+02   0.36606E+02   0.45697E+02   0.26917E+02   0.58872E+02   0.15266E+03
   0.27816E+02   0.12134E+02   0.16861E+02   0.21524E+02   0.34302E+02   0.31124E+02
   0.23054E+02   0.15206E+02   0.20409E+02   0.14939E+02   0.31519E+02   0.24291E+02
   0.45526E+02   0.73829E+02   0.19742E+03   0.40827E+02   0.56474E+02   0.52227E+02
   0.10000E+01   0.10000E+01   0.10000E+01   0.10000E+01   0.10000E+01   0.10000E+01

   0.00000   0.00000   0.00000   0.64700  -0.00000   0.00000
   0.00000   0.00000   0.00000   0.00000   0.00000   0.00000
   0.00000   0.00000   0.00000   0.00000   0.00000   0.00000
   0.00000   0.00000   0.00000   0.00000  -0.00000   0.00000
  -0.00000   0.00000   0.25409   0.35671   0.00000   0.00000
   0.00000   0.00000   0.00000   0.00000   0.00000   0.00000
   0.00000   0.74981   0.00000  -0.00000   0.00000   0.00000
   0.00000   0.00000   0.00000   0.00000   0.00000   0.00000
   0.00000   0.00000   0.00000   0.00000   0.00000   0.00000
   0.00000   0.00000   0.00000   0.00000   0.00000   0.00000
   0.00000   0.00000   0.00000   0.71233   0.00000   0.00000
   0.00000   0.00000   0.00000   0.00000   0.00000   0.00000
   0.00000   0.00000   0.23085   0.23794   0.00000   0.00000
  -0.00000   0.00000   0.43671   0.00000   0.00000   0.00000
   0.00000   0.00000   0.00000   0.00000   0.00000   0.00000
   0.00000   0.00000   0.00000   0.00000  -0.00000   0.00000
   0.00000   0.00000   0.00000   0.00000   0.00000   0.00000
   0.00000   0.00000   0.00000   0.00000   0.00000   0.17304
   0.00000   0.00000   0.00000   0.00000   0.00000   0.00000
   0.00000   0.00000   0.00000   0.00000   0.00000   0.00000
   0.00000  -0.00000   0.00000   0.00000   0.00000   0.00000
   0.00000   0.00000   0.00000   0.00000   0.00000   0.00000
   0.00000   0.00000   0.00000   0.00000   0.00000   0.00000
   0.00000   0.00000   0.00000   0.00000   0.00000   0.00000
  -0.00000   0.00000   0.00000   0.00000   0.00000   0.35331
   0.78473   0.00000   0.00000   0.00000   0.00000   0.00000
   0.00000  -0.00000   0.00000   0.00000   0.57153   0.00000
   0.00000   0.00000   0.00000   0.00000   0.00000   0.43694
   0.00000   0.00000   0.00000  -0.00000   0.00000   0.00000
   0.00000   0.00000   0.00000   0.00000   0.00000   0.00000
   0.00000  -0.00000   0.42542   0.00000   0.00000  -0.00000
   1.00000   1.00000   1.00000   1.00000   1.00000   1.00000

   0.22973   0.16299   0.25518   1.00000   0.30969   0.25852
   1.00000   1.00000   1.00000   1.00000   1.00000   1.00000
   1.00000   1.00000   1.00000   1.00000   1.00000   1.00000
   1.00000   1.00000   1.00000   1.00000   1.00000   1.00000
   0.14472   0.09462   0.60304   0.72251   0.15177   0.17775
   1.00000   1.00000   1.00000   1.00000   1.00000   1.00000
   0.03787   0.99403   0.22977   0.06270   0.06225   0.07490
   1.00000   1.00000   1.00000   1.00000   1.00000   1.00000
   0.77480   0.46990   0.68747   0.74558   1.00000   0.77097
   0.62696   0.35677   0.56361   0.67280   0.79505   0.91148
   0.11990   0.09839   0.18202   1.00000   0.19018   0.21297
   1.00000   1.00000   1.00000   1.00000   1.00000   1.00000
   0.17663   0.16769   0.61982   0.56001   0.17924   0.29454
   0.21763   0.25368   0.98954   0.31729   0.20188   0.28349
   1.00000   1.00000   1.00000   1.00000   1.00000   1.00000
   1.00000   1.00000   1.00000   1.00000   1.00000   1.00000
   0.97504   0.73637   0.97481   0.98127   1.00000   0.98230
   0.64577   0.29942   0.50941   0.29338   0.46681   1.00000
   1.00000   1.00000   1.00000   1.00000   1.00000   1.00000
   1.00000   1.00000   1.00000   1.00000   1.00000   1.00000
   1.00000   1.00000   1.00000   1.00000   1.00000   1.00000
   1.00000   1.00000   1.00000   1.00000   1.00000   1.00000
   1.00000   0.95832   1.00000   1.00000   1.00000   1.00000
   1.00000   1.00000   1.00000   1.00000   1.00000   1.00000
   0.38542   0.16095   0.33729   0.32159   0.52194   0.99316
   1.00000   0.08254   0.11976   0.04765   0.11652   0.16380
   0.26482   0.16387   0.23761   0.20487   1.00000   0.18217
   0.39807   0.25745   0.32721   0.19119   0.40446   1.00000
   0.87143   0.35422   0.51360   0.61968   0.91027   0.92726
   0.93943   0.67365   0.94169   0.74448   1.00000   0.96863
   0.24791   0.41161   1.00000   0.22236   0.29952   0.28655
   1.00000   1.00000   1.00000   1.00000   1.00000   1.00000
