
       0      -0.062
    0    0    0    0    0    0
    0    0    0    0    0    0
    0    0    0    0    0    0
    0    0    0    0    0    0


  -0.15888E-16   0.00000E+00   0.00000E+00   0.14734E+02  -0.20114E-24   0.00000E+00
   0.00000E+00   0.00000E+00   0.00000E+00   0.00000E+00   0.00000E+00   0.00000E+00
   0.00000E+00   0.00000E+00   0.00000E+00   0.00000E+00   0.00000E+00   0.00000E+00
   0.00000E+00   0.00000E+00   0.00000E+00   0.00000E+00   0.00000E+00   0.00000E+00
   0.00000E+00   0.00000E+00   0.79527E+01   0.10836E+02  -0.15903E-17   0.00000E+00
   0.00000E+00   0.00000E+00   0.00000E+00   0.00000E+00   0.00000E+00   0.00000E+00
   0.12222E-11   0.16051E+03   0.00000E+00  -0.54684E-26   0.00000E+00   0.00000E+00
   0.00000E+00   0.00000E+00   0.00000E+00   0.00000E+00   0.00000E+00   0.00000E+00
   0.00000E+00   0.00000E+00   0.00000E+00   0.00000E+00   0.00000E+00   0.00000E+00
   0.00000E+00   0.00000E+00   0.00000E+00   0.00000E+00   0.00000E+00   0.13657E-01
   0.00000E+00   0.00000E+00   0.00000E+00   0.11216E+02  -0.11543E-16   0.00000E+00
   0.00000E+00   0.00000E+00   0.00000E+00   0.00000E+00   0.00000E+00   0.00000E+00
   0.00000E+00   0.00000E+00   0.46493E+01   0.46610E+01   0.00000E+00   0.11153E+00
   0.00000E+00   0.00000E+00   0.19109E+02   0.59915E+00   0.00000E+00   0.00000E+00
   0.00000E+00   0.00000E+00   0.00000E+00   0.00000E+00   0.00000E+00   0.00000E+00
   0.00000E+00   0.00000E+00   0.00000E+00   0.00000E+00   0.00000E+00   0.00000E+00
   0.00000E+00   0.00000E+00   0.00000E+00   0.00000E+00   0.00000E+00   0.00000E+00
   0.00000E+00   0.00000E+00   0.00000E+00   0.00000E+00   0.00000E+00   0.61847E-01
   0.00000E+00   0.00000E+00   0.00000E+00   0.00000E+00   0.00000E+00   0.00000E+00
   0.00000E+00   0.00000E+00   0.00000E+00   0.00000E+00   0.00000E+00   0.00000E+00
   0.00000E+00   0.00000E+00   0.00000E+00   0.00000E+00   0.00000E+00   0.00000E+00
   0.00000E+00   0.00000E+00   0.00000E+00   0.00000E+00   0.00000E+00   0.00000E+00
   0.00000E+00   0.00000E+00   0.00000E+00   0.00000E+00   0.00000E+00   0.00000E+00
   0.00000E+00   0.00000E+00   0.00000E+00   0.00000E+00   0.00000E+00   0.00000E+00
  -0.26310E-17   0.00000E+00   0.00000E+00   0.00000E+00   0.00000E+00   0.18162E+00
   0.13173E+02   0.00000E+00  -0.11473E-24  -0.66486E-16  -0.16390E-15   0.00000E+00
   0.00000E+00   0.00000E+00  -0.65163E-26  -0.13206E-20   0.97528E+02   0.00000E+00
   0.00000E+00   0.00000E+00   0.00000E+00   0.00000E+00   0.00000E+00   0.69133E+02
   0.00000E+00   0.00000E+00   0.00000E+00   0.00000E+00   0.00000E+00   0.00000E+00
   0.00000E+00   0.00000E+00   0.00000E+00   0.00000E+00   0.00000E+00   0.00000E+00
   0.00000E+00   0.00000E+00   0.89906E+02   0.00000E+00   0.00000E+00   0.00000E+00
   0.10000E+01   0.10000E+01   0.10000E+01   0.10000E+01   0.10000E+01   0.10000E+01

   0.40569E+01   0.30288E+01   0.49266E+01   0.24135E+02   0.57107E+01   0.49373E+01
   0.19059E+01   0.15148E+01   0.18783E+01   0.18254E+01   0.23502E+01   0.19467E+01
   0.18244E+01   0.15016E+01   0.17993E+01   0.18556E+01   0.22624E+01   0.17428E+01
   0.21617E+01   0.18527E+01   0.21928E+01   0.18745E+01   0.25445E+01   0.21063E+01
   0.32433E+01   0.21078E+01   0.15593E+02   0.19293E+02   0.35467E+01   0.37521E+01
   0.90855E-01   0.74687E-01   0.90465E-01   0.86834E-01   0.11017E+00   0.88466E-01
   0.75208E+01   0.21242E+03   0.40595E+02   0.10574E+02   0.12268E+02   0.11933E+02
   0.17289E+01   0.14469E+01   0.17231E+01   0.17172E+01   0.21458E+01   0.16518E+01
   0.84760E-01   0.53769E-01   0.77168E-01   0.83302E-01   0.15982E+00   0.84179E-01
   0.64177E-01   0.42593E-01   0.62052E-01   0.96579E-01   0.10568E+00   0.13915E+00
   0.15925E+01   0.13570E+01   0.25137E+01   0.16770E+02   0.26326E+01   0.29194E+01
   0.17358E+01   0.14591E+01   0.17307E+01   0.17133E+01   0.21583E+01   0.16485E+01
   0.23939E+01   0.23977E+01   0.98095E+01   0.91038E+01   0.25299E+01   0.42329E+01
   0.69822E+01   0.80685E+01   0.36859E+02   0.10642E+02   0.56112E+01   0.88245E+01
   0.18529E+01   0.15187E+01   0.18565E+01   0.19761E+01   0.23367E+01   0.18078E+01
   0.17271E+01   0.14540E+01   0.17222E+01   0.17040E+01   0.21337E+01   0.16644E+01
   0.69375E-01   0.40683E-01   0.57789E-01   0.73095E-01   0.86561E-01   0.69360E-01
   0.12674E+00   0.54097E-01   0.99583E-01   0.50063E-01   0.76062E-01   0.23853E+00
   0.17346E+01   0.14576E+01   0.17291E+01   0.17524E+01   0.21552E+01   0.16799E+01
   0.17521E+01   0.14615E+01   0.17199E+01   0.17219E+01   0.21549E+01   0.16606E+01
   0.17357E+01   0.14548E+01   0.17311E+01   0.17294E+01   0.21481E+01   0.16674E+01
   0.18539E+01   0.15471E+01   0.19175E+01   0.18211E+01   0.22625E+01   0.17835E+01
   0.18864E+01   0.15656E+01   0.19461E+01   0.23845E+01   0.26576E+01   0.18189E+01
   0.17441E+01   0.14615E+01   0.17330E+01   0.17487E+01   0.21676E+01   0.16895E+01
   0.12533E+00   0.50562E-01   0.11361E+00   0.11417E+00   0.20117E+00   0.43669E+00
   0.16431E+02   0.11573E+01   0.16390E+01   0.55250E+00   0.17609E+01   0.18070E+01
   0.39441E+02   0.23405E+02   0.32190E+02   0.24286E+02   0.16103E+03   0.23121E+02
   0.43402E+02   0.30567E+02   0.34228E+02   0.19915E+02   0.47122E+02   0.14368E+03
   0.22593E+02   0.90658E+01   0.11930E+02   0.17183E+02   0.27450E+02   0.26544E+02
   0.18036E+02   0.11544E+02   0.15119E+02   0.10642E+02   0.26485E+02   0.18780E+02
   0.35108E+02   0.61875E+02   0.18564E+03   0.30146E+02   0.43230E+02   0.39916E+02
   0.10000E+01   0.10000E+01   0.10000E+01   0.10000E+01   0.10000E+01   0.10000E+01

  -0.00000   0.00000   0.00000   0.68730   0.00000   0.00000
   0.00000   0.00000   0.00000   0.00000   0.00000   0.00000
   0.00000   0.00000   0.00000   0.00000   0.00000   0.00000
   0.00000   0.00000   0.00000   0.00000   0.00000   0.00000
   0.00000   0.00000   0.29487   0.40218  -0.00000   0.00000
   0.00000   0.00000   0.00000   0.00000   0.00000   0.00000
   0.00000   0.77887   0.00000   0.00000   0.00000   0.00000
   0.00000   0.00000   0.00000   0.00000   0.00000   0.00000
   0.00000   0.00000   0.00000   0.00000   0.00000   0.00000
   0.00000   0.00000   0.00000   0.00000   0.00000   0.09824
   0.00000   0.00000   0.00000   0.73455   0.00000   0.00000
   0.00000   0.00000   0.00000   0.00000   0.00000   0.00000
   0.00000   0.00000   0.27648   0.27601   0.00000   0.00652
   0.00000   0.00000   0.51048   0.01568   0.00000   0.00000
   0.00000   0.00000   0.00000   0.00000   0.00000   0.00000
   0.00000   0.00000   0.00000   0.00000   0.00000   0.00000
   0.00000   0.00000   0.00000   0.00000   0.00000   0.00000
   0.00000   0.00000   0.00000   0.00000   0.00000   0.28941
   0.00000   0.00000   0.00000   0.00000   0.00000   0.00000
   0.00000   0.00000   0.00000   0.00000   0.00000   0.00000
   0.00000   0.00000   0.00000   0.00000   0.00000   0.00000
   0.00000   0.00000   0.00000   0.00000   0.00000   0.00000
   0.00000   0.00000   0.00000   0.00000   0.00000   0.00000
   0.00000   0.00000   0.00000   0.00000   0.00000   0.00000
   0.00000   0.00000   0.00000   0.00000   0.00000   0.43482
   0.81401   0.00000   0.00000   0.00000   0.00000   0.00000
   0.00000   0.00000  -0.00000   0.00000   0.61173   0.00000
   0.00000   0.00000   0.00000   0.00000   0.00000   0.50829
   0.00000   0.00000   0.00000   0.00000   0.00000   0.00000
   0.00000   0.00000   0.00000   0.00000   0.00000   0.00000
   0.00000   0.00000   0.52266   0.00000   0.00000   0.00000
   1.00000   1.00000   1.00000   1.00000   1.00000   1.00000

   0.17988   0.13259   0.21619   0.99918   0.24906   0.21643
   1.00000   1.00000   1.00000   1.00000   1.00000   1.00000
   1.00000   1.00000   1.00000   1.00000   1.00000   1.00000
   1.00000   1.00000   1.00000   0.98102   0.99764   1.00000
   0.11797   0.07666   0.55887   0.68949   0.12924   0.13713
   1.00000   1.00000   1.00000   1.00000   1.00000   1.00000
   0.03532   0.98200   0.19234   0.05004   0.05784   0.05655
   1.00000   1.00000   1.00000   1.00000   1.00000   1.00000
   0.64577   0.37816   0.55483   0.60380   1.00000   0.62902
   0.44087   0.27282   0.41085   0.59608   0.64228   0.85395
   0.09973   0.08484   0.15662   1.00000   0.16480   0.18263
   1.00000   1.00000   1.00000   1.00000   1.00000   1.00000
   0.13934   0.13996   0.56280   0.52332   0.14723   0.24643
   0.18041   0.20967   0.93566   0.27492   0.14484   0.22867
   1.00000   1.00000   1.00000   1.00000   1.00000   1.00000
   1.00000   1.00000   1.00000   1.00000   1.00000   1.00000
   0.88281   0.59609   0.83942   0.92545   0.98419   0.89394
   0.54484   0.23320   0.41928   0.21286   0.32376   0.98618
   1.00000   1.00000   1.00000   1.00000   1.00000   1.00000
   1.00000   1.00000   1.00000   1.00000   1.00000   1.00000
   1.00000   1.00000   1.00000   1.00000   1.00000   1.00000
   1.00000   1.00000   1.00000   1.00000   1.00000   1.00000
   0.96863   0.88296   0.97863   1.00000   1.00000   0.97271
   1.00000   1.00000   1.00000   1.00000   1.00000   1.00000
   0.29170   0.11619   0.26247   0.26006   0.45260   0.97505
   1.00000   0.07130   0.10105   0.03406   0.10852   0.11141
   0.24719   0.14670   0.20180   0.15232   1.00000   0.14498
   0.31235   0.21797   0.24793   0.14311   0.33173   0.98062
   0.75291   0.27522   0.37539   0.52964   0.79949   0.85442
   0.85400   0.54762   0.78039   0.57830   1.00000   0.86798
   0.19474   0.34779   0.99071   0.16761   0.23515   0.22272
   1.00000   1.00000   1.00000   1.00000   1.00000   1.00000
