
       0      -0.062
    0    0    0    0    0    0
    0    0    0    0    0    0
    0    0    0    0    0    0
    0    0    0    0    0    0


  -0.15888E-16   0.00000E+00   0.00000E+00   0.12496E+02  -0.32948E-21  -0.12603E-15
  -0.38035E-18   0.00000E+00   0.00000E+00   0.00000E+00   0.00000E+00   0.00000E+00
   0.00000E+00   0.00000E+00   0.00000E+00   0.00000E+00   0.00000E+00   0.00000E+00
   0.00000E+00   0.00000E+00   0.00000E+00  -0.99271E-18  -0.25584E-32   0.00000E+00
  -0.33937E-16   0.00000E+00   0.57148E+01   0.80907E+01  -0.15903E-17   0.00000E+00
   0.00000E+00   0.00000E+00   0.00000E+00   0.00000E+00   0.00000E+00   0.00000E+00
  -0.13789E-18   0.14581E+03   0.00000E+00  -0.12612E-19   0.00000E+00  -0.64202E-15
   0.00000E+00   0.00000E+00   0.00000E+00   0.00000E+00  -0.12380E-18   0.00000E+00
   0.00000E+00   0.00000E+00   0.00000E+00   0.00000E+00   0.00000E+00   0.00000E+00
   0.00000E+00  -0.53921E-18   0.00000E+00   0.00000E+00   0.00000E+00   0.00000E+00
   0.00000E+00   0.00000E+00   0.00000E+00   0.10121E+02  -0.11543E-16  -0.10157E-15
   0.00000E+00   0.00000E+00   0.00000E+00   0.00000E+00   0.00000E+00   0.00000E+00
   0.00000E+00   0.00000E+00   0.30547E+01   0.33030E+01   0.00000E+00   0.00000E+00
  -0.89118E-16   0.00000E+00   0.13383E+02   0.00000E+00   0.00000E+00   0.00000E+00
   0.00000E+00   0.00000E+00   0.00000E+00   0.00000E+00  -0.40120E-18   0.00000E+00
   0.00000E+00   0.00000E+00   0.00000E+00   0.00000E+00  -0.54753E-26   0.00000E+00
   0.00000E+00  -0.44433E-19   0.00000E+00   0.00000E+00   0.00000E+00   0.00000E+00
   0.00000E+00   0.00000E+00   0.00000E+00   0.00000E+00   0.00000E+00   0.85863E-02
   0.00000E+00   0.00000E+00   0.00000E+00   0.00000E+00  -0.14346E-19   0.00000E+00
   0.00000E+00   0.00000E+00  -0.18093E-19   0.00000E+00   0.00000E+00   0.00000E+00
   0.00000E+00  -0.43908E-19   0.00000E+00   0.00000E+00   0.00000E+00   0.00000E+00
   0.00000E+00   0.00000E+00   0.00000E+00   0.00000E+00   0.00000E+00   0.00000E+00
   0.00000E+00   0.00000E+00   0.00000E+00   0.00000E+00   0.00000E+00   0.00000E+00
   0.00000E+00   0.00000E+00   0.00000E+00   0.00000E+00  -0.67351E-18   0.00000E+00
  -0.26310E-17   0.00000E+00   0.00000E+00   0.00000E+00   0.00000E+00   0.11008E+00
   0.11669E+02   0.00000E+00  -0.11473E-24  -0.66486E-16  -0.16390E-15   0.00000E+00
   0.00000E+00  -0.20719E-14  -0.65163E-26  -0.13206E-20   0.83705E+02   0.00000E+00
   0.00000E+00   0.00000E+00   0.00000E+00   0.00000E+00  -0.90378E-15   0.50484E+02
   0.00000E+00   0.00000E+00   0.00000E+00  -0.93763E-16   0.00000E+00   0.00000E+00
  -0.22936E-16   0.00000E+00   0.00000E+00   0.00000E+00   0.00000E+00   0.00000E+00
   0.00000E+00  -0.11038E-14   0.54972E+02   0.00000E+00  -0.12400E-14  -0.24032E-15
   0.10000E+01   0.10000E+01   0.10000E+01   0.10000E+01   0.10000E+01   0.10000E+01

   0.63183E+01   0.45942E+01   0.69118E+01   0.26252E+02   0.86735E+01   0.70317E+01
   0.33453E+01   0.26652E+01   0.32687E+01   0.32258E+01   0.41283E+01   0.33205E+01
   0.32419E+01   0.26467E+01   0.31827E+01   0.32527E+01   0.40363E+01   0.31280E+01
   0.36442E+01   0.30343E+01   0.36014E+01   0.33475E+01   0.44285E+01   0.35449E+01
   0.46222E+01   0.31828E+01   0.18588E+02   0.21608E+02   0.48255E+01   0.60009E+01
   0.16166E+00   0.13189E+00   0.15816E+00   0.15662E+00   0.19905E+00   0.15646E+00
   0.87602E+01   0.22336E+03   0.58584E+02   0.16426E+02   0.14315E+02   0.18767E+02
   0.31415E+01   0.25929E+01   0.30703E+01   0.31057E+01   0.38895E+01   0.30302E+01
   0.13018E+00   0.87594E-01   0.12490E+00   0.13153E+00   0.20962E+00   0.13286E+00
   0.12872E+00   0.74927E-01   0.11566E+00   0.13946E+00   0.17673E+00   0.18086E+00
   0.22720E+01   0.18372E+01   0.33677E+01   0.17745E+02   0.34774E+01   0.38972E+01
   0.31208E+01   0.25893E+01   0.30842E+01   0.30935E+01   0.38961E+01   0.30294E+01
   0.36855E+01   0.34206E+01   0.12069E+02   0.10567E+02   0.36314E+01   0.59340E+01
   0.10042E+02   0.11748E+02   0.42076E+02   0.14180E+02   0.10092E+02   0.13397E+02
   0.32896E+01   0.26693E+01   0.32520E+01   0.33861E+01   0.41151E+01   0.32057E+01
   0.31204E+01   0.25769E+01   0.30846E+01   0.30929E+01   0.39002E+01   0.30066E+01
   0.10866E+00   0.72805E-01   0.10060E+00   0.11333E+00   0.13808E+00   0.10935E+00
   0.18462E+00   0.90297E-01   0.15320E+00   0.95024E-01   0.15256E+00   0.28653E+00
   0.31576E+01   0.25894E+01   0.30904E+01   0.31391E+01   0.39075E+01   0.30313E+01
   0.31515E+01   0.25932E+01   0.31019E+01   0.31231E+01   0.39071E+01   0.30171E+01
   0.31473E+01   0.26021E+01   0.30817E+01   0.31128E+01   0.38971E+01   0.30371E+01
   0.32725E+01   0.27258E+01   0.32956E+01   0.32428E+01   0.40524E+01   0.31809E+01
   0.33861E+01   0.27469E+01   0.33818E+01   0.38212E+01   0.44548E+01   0.32883E+01
   0.31444E+01   0.25965E+01   0.30994E+01   0.31618E+01   0.39299E+01   0.30455E+01
   0.20858E+00   0.93402E-01   0.18429E+00   0.17506E+00   0.27711E+00   0.50041E+00
   0.16584E+02   0.15434E+01   0.23617E+01   0.11772E+01   0.20361E+01   0.36850E+01
   0.45332E+02   0.28586E+02   0.44526E+02   0.39708E+02   0.16229E+03   0.35918E+02
   0.68057E+02   0.43025E+02   0.56358E+02   0.35086E+02   0.69910E+02   0.16103E+03
   0.32269E+02   0.15573E+02   0.22497E+02   0.26103E+02   0.40993E+02   0.35743E+02
   0.28157E+02   0.19145E+02   0.25895E+02   0.20090E+02   0.36735E+02   0.29845E+02
   0.56303E+02   0.86877E+02   0.20795E+03   0.52184E+02   0.70038E+02   0.64894E+02
   0.10000E+01   0.10000E+01   0.10000E+01   0.10000E+01   0.10000E+01   0.10000E+01

   0.00000   0.00000   0.00000   0.60531   0.00000  -0.00000
  -0.00000   0.00000   0.00000   0.00000   0.00000   0.00000
   0.00000   0.00000   0.00000   0.00000   0.00000   0.00000
   0.00000   0.00000   0.00000  -0.00000   0.00000   0.00000
  -0.00000   0.00000   0.21477   0.30004   0.00000   0.00000
   0.00000   0.00000   0.00000   0.00000   0.00000   0.00000
  -0.00000   0.71285   0.00000  -0.00000   0.00000  -0.00000
   0.00000   0.00000   0.00000   0.00000  -0.00000   0.00000
   0.00000   0.00000   0.00000   0.00000   0.00000   0.00000
   0.00000  -0.00000   0.00000   0.00000   0.00000   0.00000
   0.00000   0.00000   0.00000   0.69003   0.00000  -0.00000
   0.00000   0.00000   0.00000   0.00000   0.00000   0.00000
   0.00000   0.00000   0.18384   0.19655   0.00000   0.00000
   0.00000   0.00000   0.36338   0.00000   0.00000   0.00000
   0.00000   0.00000   0.00000   0.00000  -0.00000   0.00000
   0.00000   0.00000   0.00000   0.00000   0.00000   0.00000
   0.00000  -0.00000   0.00000   0.00000   0.00000   0.00000
   0.00000   0.00000   0.00000   0.00000   0.00000   0.04011
   0.00000   0.00000   0.00000   0.00000  -0.00000   0.00000
   0.00000   0.00000  -0.00000   0.00000   0.00000   0.00000
   0.00000  -0.00000   0.00000   0.00000   0.00000   0.00000
   0.00000   0.00000   0.00000   0.00000   0.00000   0.00000
   0.00000   0.00000   0.00000   0.00000   0.00000   0.00000
   0.00000   0.00000   0.00000   0.00000  -0.00000   0.00000
   0.00000   0.00000   0.00000   0.00000   0.00000   0.26799
   0.71996   0.00000   0.00000   0.00000   0.00000   0.00000
   0.00000   0.00000   0.00000   0.00000   0.52495   0.00000
   0.00000   0.00000   0.00000   0.00000  -0.00000   0.37394
   0.00000   0.00000   0.00000   0.00000   0.00000   0.00000
  -0.00000   0.00000   0.00000   0.00000   0.00000   0.00000
   0.00000   0.00000   0.32307   0.00000  -0.00000   0.00000
   1.00000   1.00000   1.00000   1.00000   1.00000   1.00000

   0.26979   0.19605   0.29518   1.00000   0.36242   0.29852
   1.00000   1.00000   1.00000   1.00000   1.00000   1.00000
   1.00000   1.00000   1.00000   1.00000   1.00000   1.00000
   1.00000   1.00000   1.00000   1.00000   1.00000   1.00000
   0.16682   0.11509   0.65464   0.74840   0.17490   0.21869
   1.00000   1.00000   1.00000   1.00000   1.00000   1.00000
   0.04097   0.99749   0.27709   0.07747   0.06705   0.08832
   1.00000   1.00000   1.00000   1.00000   1.00000   1.00000
   0.86962   0.56316   0.82002   0.86574   1.00000   0.88591
   0.79975   0.44390   0.72906   0.74033   0.91613   0.96841
   0.14161   0.11416   0.20788   1.00000   0.21642   0.24213
   1.00000   1.00000   1.00000   1.00000   1.00000   1.00000
   0.21273   0.19922   0.68110   0.59258   0.20991   0.34230
   0.25483   0.30315   0.99580   0.35924   0.25576   0.34252
   1.00000   1.00000   1.00000   1.00000   1.00000   1.00000
   1.00000   1.00000   1.00000   1.00000   1.00000   1.00000
   0.99239   0.85342   0.99653   1.00000   1.00000   1.00000
   0.74799   0.36041   0.60106   0.37604   0.57950   1.00000
   1.00000   1.00000   1.00000   1.00000   1.00000   1.00000
   1.00000   1.00000   1.00000   1.00000   1.00000   1.00000
   1.00000   1.00000   1.00000   1.00000   1.00000   1.00000
   1.00000   1.00000   1.00000   1.00000   1.00000   1.00000
   1.00000   0.99876   1.00000   1.00000   1.00000   1.00000
   1.00000   1.00000   1.00000   1.00000   1.00000   1.00000
   0.47521   0.20896   0.41615   0.37832   0.58440   1.00000
   1.00000   0.09508   0.14555   0.07258   0.12542   0.22715
   0.28399   0.17905   0.27887   0.24886   1.00000   0.22520
   0.47650   0.29759   0.39647   0.24442   0.46825   1.00000
   0.93188   0.43605   0.66818   0.70078   0.97000   0.97126
   0.97568   0.78975   0.99266   0.90152   1.00000   0.99327
   0.30009   0.47977   1.00000   0.27746   0.36132   0.34923
   1.00000   1.00000   1.00000   1.00000   1.00000   1.00000
