
       0      -0.059
    0    0    0    0    0    0
    0    0    0    0    0    0
    0    0    0    0    0    0
    0    0    0    0    0    0


   0.00000E+00   0.13621E+02   0.00000E+00   0.00000E+00   0.00000E+00  -0.23069E-15
   0.14073E-02   0.57776E-02   0.00000E+00   0.00000E+00   0.16126E+00  -0.80728E-18
   0.93003E-02   0.10343E+00   0.20113E-03   0.23293E-01   0.63566E-02   0.12577E-01
   0.30579E-01   0.00000E+00   0.24712E+00   0.10134E+00   0.13837E+00   0.00000E+00
   0.68648E+01   0.94809E+01   0.00000E+00   0.00000E+00   0.00000E+00  -0.37302E-15
   0.71484E-03   0.00000E+00   0.00000E+00   0.10490E-02   0.25456E-02   0.00000E+00
   0.00000E+00  -0.33796E-15   0.15423E+03   0.00000E+00  -0.10606E-15   0.00000E+00
   0.00000E+00   0.56649E-02   0.88854E-06   0.16900E-05   0.36323E-03  -0.11062E-18
   0.53639E-02   0.18657E-01   0.14845E-02   0.23800E-02   0.26188E-02   0.42319E-01
   0.00000E+00   0.30458E-01  -0.27727E-18   0.00000E+00   0.51656E-01   0.66873E-02
   0.00000E+00   0.10679E+02   0.00000E+00  -0.40281E-16   0.00000E+00   0.00000E+00
   0.78941E-05   0.20009E-02   0.93614E-10   0.28139E-07   0.30335E-05   0.65698E-04
   0.38167E+01   0.39658E+01   0.00000E+00  -0.30329E-16   0.00000E+00   0.00000E+00
   0.16206E+02   0.00000E+00   0.00000E+00  -0.93375E-16   0.00000E+00   0.00000E+00
   0.10178E-01   0.18826E+00  -0.67966E-18   0.52712E-02   0.34561E-01  -0.58841E-17
   0.15380E-03   0.66479E-03   0.00000E+00   0.32831E-03   0.23979E-03   0.00000E+00
   0.00000E+00   0.20213E-01  -0.51365E-20   0.73090E-02   0.75836E-02   0.00000E+00
   0.16993E-01   0.00000E+00   0.00000E+00   0.32581E-01   0.83544E-01   0.00000E+00
   0.19840E-02   0.23528E-01   0.50450E-03   0.68085E-03   0.29030E-02  -0.74247E-18
   0.19035E-09  -0.18137E-25   0.87837E-03   0.26346E-02   0.37066E-02   0.22651E-03
   0.22735E-02   0.69789E-03  -0.48564E-19   0.00000E+00   0.60589E-02   0.38197E-02
   0.10971E+00   0.13868E-01   0.30681E-02   0.67990E-02   0.16918E-01   0.00000E+00
   0.14205E-01   0.51228E+00   0.00000E+00   0.00000E+00   0.00000E+00   0.24131E-01
   0.00000E+00   0.34595E-01   0.00000E+00   0.28054E-02   0.54616E-02  -0.68143E-18
  -0.27533E-17   0.00000E+00   0.00000E+00   0.00000E+00   0.13593E+00   0.00000E+00
  -0.27548E-16  -0.53328E-16  -0.70199E-17   0.12432E+02  -0.46078E-16  -0.37172E-16
  -0.14540E-19  -0.78745E-18  -0.31186E-14   0.00000E+00   0.00000E+00   0.90864E+02
   0.00000E+00  -0.31478E-16   0.00000E+00   0.00000E+00   0.60005E+02   0.00000E+00
   0.00000E+00   0.44310E+01   0.00000E+00   0.41259E+01   0.63260E+01   0.34400E+01
   0.00000E+00   0.64256E+00   0.43059E+00   0.00000E+00   0.22564E+01   0.62698E+01
   0.70860E+02   0.00000E+00  -0.14287E-14   0.00000E+00  -0.10426E-14  -0.57935E-15
   0.65822E-02   0.33781E+02   0.85695E+00   0.00000E+00   0.00000E+00   0.27380E+01
   0.17041E+03   0.15817E+03   0.31997E+03   0.12502E+02   0.85271E+02   0.11629E+03
   0.10000E+01   0.10000E+01   0.10000E+01   0.10000E+01   0.10000E+01   0.10000E+01

   0.58791E+01   0.25202E+02   0.38067E+01   0.52287E+01   0.60564E+01   0.73009E+01
   0.81856E-01   0.60117E-01   0.67861E-15   0.68891E-01   0.30940E+00   0.78237E-01
   0.40717E-01   0.14531E+00   0.12005E-01   0.48913E-01   0.36950E-01   0.48733E-01
   0.16036E+00   0.34342E-01   0.34298E+00   0.20265E+00   0.28753E+00   0.36478E-01
   0.17075E+02   0.20421E+02   0.26502E+01   0.40066E+01   0.47718E+01   0.41522E+01
   0.22433E-02   0.31218E-05   0.12002E-16   0.29884E-02   0.50922E-02   0.24834E-04
   0.48456E+02   0.13423E+02   0.21751E+03   0.80430E+01   0.16977E+02   0.13099E+02
   0.13756E-02   0.79736E-02   0.99239E-03   0.10707E-02   0.24251E-02   0.10460E-02
   0.27783E-01   0.42882E-01   0.17309E-01   0.25487E-01   0.25285E-01   0.81850E-01
   0.20777E-01   0.55671E-01   0.68496E-02   0.16013E-01   0.96036E-01   0.39399E-01
   0.29416E+01   0.17266E+02   0.16149E+01   0.19271E+01   0.34036E+01   0.30561E+01
   0.16275E-02   0.54952E-02   0.12984E-02   0.13433E-02   0.17514E-02   0.13319E-02
   0.10924E+02   0.98634E+01   0.30008E+01   0.30822E+01   0.52156E+01   0.30411E+01
   0.39883E+02   0.12378E+02   0.10103E+02   0.86018E+01   0.11318E+02   0.78259E+01
   0.66381E-01   0.26904E+00   0.13685E-01   0.39050E-01   0.11180E+00   0.39013E-01
   0.20003E-02   0.31600E-02   0.55606E-03   0.19700E-02   0.24998E-02   0.19007E-03
   0.44251E-02   0.30011E-01   0.12847E-02   0.16518E-01   0.22630E-01   0.59890E-02
   0.61094E-01   0.11506E-01   0.88911E-02   0.98231E-01   0.16737E+00   0.13986E-01
   0.90337E-02   0.33524E-01   0.36150E-02   0.46181E-02   0.10983E-01   0.48747E-02
   0.21185E-02   0.77312E-03   0.24975E-02   0.74740E-02   0.82820E-02   0.35176E-02
   0.65811E-02   0.35869E-02   0.11080E-02   0.51547E-02   0.13769E-01   0.10334E-01
   0.18940E+00   0.71743E-01   0.45975E-01   0.50373E-01   0.76682E-01   0.15287E-01
   0.14375E+00   0.70735E+00   0.59695E-01   0.51166E-02   0.64667E-01   0.16685E+00
   0.84051E-02   0.47026E-01   0.38624E-02   0.90377E-02   0.17740E-01   0.56505E-02
   0.15680E+00   0.14660E+00   0.73549E-01   0.17953E+00   0.47446E+00   0.24132E+00
   0.19519E+01   0.79884E+00   0.13757E+01   0.16438E+02   0.29771E+01   0.18784E+01
   0.38305E+02   0.33478E+02   0.26463E+02   0.42378E+02   0.31503E+02   0.16166E+03
   0.46423E+02   0.27643E+02   0.37900E+02   0.57111E+02   0.15579E+03   0.58351E+02
   0.16264E+01   0.81995E+01   0.17607E+01   0.11072E+02   0.14759E+02   0.96707E+01
   0.37059E+01   0.43311E+01   0.23679E+01   0.24307E+01   0.63294E+01   0.11698E+02
   0.19711E+03   0.40759E+02   0.76203E+02   0.45646E+02   0.53682E+02   0.56591E+02
   0.85807E+01   0.46251E+02   0.55187E+01   0.38831E+01   0.87496E+01   0.11468E+02
   0.36124E+03   0.31117E+03   0.45835E+03   0.13457E+03   0.24794E+03   0.28631E+03
   0.10000E+01   0.10000E+01   0.10000E+01   0.10000E+01   0.10000E+01   0.10000E+01

   0.00000   0.64690   0.00000   0.00000   0.00000  -0.00000
   0.00432   0.01831   0.00000   0.00000   0.51192   0.00000
   0.04385   0.48737   0.00095   0.10974   0.02996   0.05945
   0.04289   0.00000   0.34504   0.13937   0.19501   0.00000
   0.25615   0.35187   0.00000   0.00000   0.00000   0.00000
   0.10102   0.00000   0.00000   0.14863   0.38103   0.00000
   0.00000  -0.00000   0.75244   0.00000   0.00000   0.00000
   0.00000   0.65431   0.00153   0.00059   0.04120  -0.00000
   0.04250   0.14798   0.01178   0.01875   0.02081   0.33596
   0.00000   0.21894   0.00000   0.00000   0.37306   0.04837
   0.00000   0.71222   0.00000   0.00000   0.00000   0.00000
   0.00129   0.32678   0.00000   0.00001   0.00143   0.01035
   0.22828   0.23550   0.00000   0.00000   0.00000   0.00000
   0.43612   0.00000   0.00000  -0.00000   0.00000   0.00000
   0.03046   0.56433  -0.00000   0.01573   0.10383   0.00000
   0.02783   0.19566   0.00000   0.08846   0.09325   0.00000
   0.00000   0.39036  -0.00000   0.13945   0.14716   0.00000
   0.07595   0.00000   0.00000   0.14562   0.39307   0.00000
   0.04857   0.57855   0.01235   0.01670   0.07115   0.00000
   0.00000  -0.00000   0.07199   0.26226   0.25826   0.01568
   0.09635   0.02961   0.00000   0.00000   0.25663   0.17145
   0.42654   0.05403   0.01201   0.02637   0.06616   0.00000
   0.01850   0.67025   0.00000   0.00000   0.00000   0.03184
   0.00000   0.60607   0.00000   0.04902   0.09607  -0.00000
  -0.00000   0.00000   0.00000   0.00000   0.33015   0.00000
  -0.00000  -0.00000  -0.00000   0.76687   0.00000   0.00000
  -0.00000  -0.00000   0.00000   0.00000   0.00000   0.56991
   0.00000   0.00000   0.00000   0.00000   0.44163   0.00000
   0.00000   0.15131   0.00000   0.14067   0.21593   0.11777
   0.00000   0.03749   0.02515   0.00000   0.13236   0.35558
   0.41394   0.00000  -0.00000   0.00000  -0.00000   0.00000
   0.00013   0.66787   0.01698   0.00000   0.00000   0.05431
   0.13578   0.12592   0.25494   0.00995   0.06801   0.09265
   1.00000   1.00000   1.00000   1.00000   1.00000   1.00000

   0.25469   1.00000   0.16494   0.22791   0.26123   0.31192
   0.26015   0.19063   0.00000   0.21616   0.94985   0.24982
   0.19219   0.68445   0.05663   0.23061   0.17422   0.23008
   0.22254   0.04811   0.47239   0.28033   0.39636   0.05144
   0.60685   0.72036   0.09615   0.14514   0.17420   0.15089
   0.31682   0.00047   0.00000   0.42431   0.71629   0.00378
   0.22950   0.06347   0.98814   0.03775   0.08013   0.06159
   0.15799   0.89785   0.11514   0.12144   0.27958   0.12140
   0.22060   0.34023   0.13723   0.20239   0.20074   0.64905
   0.14947   0.39956   0.04932   0.11557   0.68190   0.28406
   0.18230   1.00000   0.10055   0.12030   0.21221   0.19058
   0.23373   0.69149   0.13228   0.20779   0.27422   0.20818
   0.62210   0.56082   0.17497   0.17878   0.30240   0.17643
   0.98973   0.31703   0.26177   0.22037   0.29163   0.20042
   0.19898   0.80337   0.04107   0.11686   0.33360   0.11725
   0.38721   0.74014   0.04718   0.36760   0.48916   0.03588
   0.08549   0.57514   0.02494   0.32010   0.43190   0.11608
   0.27484   0.05346   0.04012   0.44051   0.74529   0.06568
   0.22182   0.82043   0.08866   0.11320   0.26873   0.11977
   0.14576   0.05374   0.15706   0.51543   0.56628   0.24368
   0.27875   0.15236   0.04704   0.19975   0.58252   0.43793
   0.73658   0.28029   0.17804   0.19515   0.29753   0.05981
   0.18783   0.91979   0.07788   0.00673   0.08500   0.21961
   0.14769   0.82306   0.06771   0.15818   0.30984   0.09972
   0.36077   0.32745   0.16817   0.41752   1.00000   0.53080
   0.12034   0.04926   0.08473   1.00000   0.18352   0.11570
   0.24012   0.20980   0.16576   0.26553   0.19751   1.00000
   0.32952   0.19538   0.26420   0.40267   1.00000   0.40171
   0.05549   0.27895   0.06013   0.37564   0.49931   0.32947
   0.21710   0.24563   0.13852   0.14129   0.36175   0.68323
   1.00000   0.22185   0.42395   0.24842   0.29391   0.29973
   0.16967   0.91212   0.10902   0.07652   0.17276   0.22805
   0.28776   0.24806   0.36544   0.10724   0.19749   0.22830
   1.00000   1.00000   1.00000   1.00000   1.00000   1.00000
