
       0      -0.059
    0    0    0    0    0    0
    0    0    0    0    0    0
    0    0    0    0    0    0
    0    0    0    0    0    0


   0.00000E+00   0.12486E+02   0.00000E+00   0.00000E+00   0.00000E+00  -0.23069E-15
  -0.28990E-17   0.36139E-02   0.00000E+00   0.00000E+00   0.14611E+00  -0.80728E-18
   0.82890E-02   0.10182E+00   0.00000E+00   0.21761E-01   0.53177E-02   0.10789E-01
   0.21080E-01   0.00000E+00   0.23545E+00   0.99739E-01   0.12530E+00   0.00000E+00
   0.57802E+01   0.79662E+01   0.00000E+00  -0.29425E-23   0.00000E+00  -0.37302E-15
   0.53234E-03   0.00000E+00   0.00000E+00   0.90353E-03   0.22663E-02   0.00000E+00
   0.00000E+00  -0.33796E-15   0.14594E+03   0.00000E+00  -0.10606E-15   0.00000E+00
   0.00000E+00   0.56145E-02   0.88854E-06   0.55939E-08   0.10025E-03  -0.11062E-18
   0.42381E-02   0.17897E-01   0.82369E-03   0.15596E-02   0.15201E-02   0.38541E-01
  -0.13962E-18   0.27547E-01  -0.27727E-18   0.00000E+00   0.47600E-01   0.42451E-02
   0.00000E+00   0.10114E+02   0.00000E+00  -0.40281E-16   0.00000E+00   0.00000E+00
   0.78941E-05   0.20009E-02   0.00000E+00   0.28139E-07   0.30335E-05   0.26346E-04
   0.30053E+01   0.32912E+01   0.00000E+00  -0.30329E-16   0.00000E+00   0.00000E+00
   0.13333E+02   0.00000E+00   0.00000E+00  -0.93375E-16   0.00000E+00   0.00000E+00
   0.83535E-02   0.18504E+00  -0.67966E-18   0.40866E-02   0.31333E-01  -0.58841E-17
   0.15380E-03   0.66479E-03  -0.75337E-26   0.21930E-03   0.23979E-03   0.00000E+00
   0.00000E+00   0.19959E-01  -0.51365E-20   0.63004E-02   0.58773E-02   0.00000E+00
   0.11378E-01   0.00000E+00   0.00000E+00   0.27571E-01   0.74838E-01   0.00000E+00
   0.16021E-02   0.23309E-01   0.29986E-03   0.43884E-03   0.26299E-02  -0.74247E-18
  -0.32765E-22  -0.18137E-25   0.87837E-03   0.26346E-02   0.33364E-02   0.22651E-03
   0.19755E-02   0.41135E-03  -0.48564E-19   0.00000E+00   0.53972E-02   0.36874E-02
   0.10045E+00   0.48873E-02   0.13242E-02   0.41805E-02   0.13968E-01   0.00000E+00
   0.11267E-01   0.50240E+00   0.00000E+00   0.00000E+00   0.00000E+00   0.78146E-02
   0.00000E+00   0.34080E-01   0.00000E+00   0.24526E-02   0.50287E-02  -0.68143E-18
  -0.27533E-17   0.00000E+00   0.00000E+00   0.00000E+00   0.98004E-01   0.00000E+00
  -0.27548E-16  -0.53328E-16  -0.70199E-17   0.11350E+02  -0.46078E-16  -0.37172E-16
  -0.14540E-19  -0.78745E-18  -0.31186E-14   0.00000E+00   0.00000E+00   0.83518E+02
   0.00000E+00  -0.31478E-16   0.00000E+00   0.00000E+00   0.50799E+02   0.00000E+00
   0.00000E+00   0.42120E+01  -0.13483E-15   0.36430E+01   0.55261E+01   0.28986E+01
   0.00000E+00   0.57678E+00   0.37007E+00   0.00000E+00   0.20139E+01   0.57118E+01
   0.53879E+02   0.00000E+00  -0.14287E-14   0.00000E+00  -0.10426E-14  -0.57935E-15
   0.00000E+00   0.33227E+02   0.28597E+00   0.00000E+00   0.00000E+00   0.15198E+01
   0.15289E+03   0.14675E+03   0.30249E+03   0.12502E+02   0.74554E+02   0.10422E+03
   0.10000E+01   0.10000E+01   0.10000E+01   0.10000E+01   0.10000E+01   0.10000E+01

   0.69262E+01   0.26222E+02   0.46456E+01   0.62797E+01   0.71125E+01   0.87090E+01
   0.94518E-01   0.66254E-01   0.67861E-15   0.88806E-01   0.31773E+00   0.88603E-01
   0.45591E-01   0.14896E+00   0.13618E-01   0.50782E-01   0.40903E-01   0.50955E-01
   0.18392E+00   0.41458E-01   0.35056E+00   0.22002E+00   0.29912E+00   0.43869E-01
   0.18760E+02   0.21580E+02   0.32357E+01   0.46185E+01   0.59160E+01   0.48065E+01
   0.24384E-02   0.20648E-04   0.12002E-16   0.33315E-02   0.52773E-02   0.13543E-03
   0.58548E+02   0.16582E+02   0.22269E+03   0.87951E+01   0.20140E+02   0.14213E+02
   0.16324E-02   0.84204E-02   0.99239E-03   0.15018E-02   0.26222E-02   0.12116E-02
   0.32124E-01   0.48014E-01   0.18903E-01   0.27040E-01   0.30069E-01   0.83578E-01
   0.24383E-01   0.58573E-01   0.81812E-02   0.20830E-01   0.99197E-01   0.42238E-01
   0.33755E+01   0.17754E+02   0.18706E+01   0.22800E+01   0.39285E+01   0.34950E+01
   0.16275E-02   0.54952E-02   0.12984E-02   0.14603E-02   0.27013E-02   0.13319E-02
   0.12121E+02   0.10574E+02   0.35502E+01   0.37014E+01   0.60658E+01   0.35812E+01
   0.42124E+02   0.14120E+02   0.12007E+02   0.10116E+02   0.13666E+02   0.10017E+02
   0.74520E-01   0.27784E+00   0.15858E-01   0.42017E-01   0.12288E+00   0.41181E-01
   0.20003E-02   0.31600E-02   0.55606E-03   0.21032E-02   0.24998E-02   0.23443E-03
   0.51931E-02   0.31294E-01   0.14747E-02   0.17424E-01   0.24141E-01   0.61330E-02
   0.69725E-01   0.14854E-01   0.11597E-01   0.10931E+00   0.17385E+00   0.18586E-01
   0.99703E-02   0.33919E-01   0.40063E-02   0.49295E-02   0.12117E-01   0.53274E-02
   0.22871E-02   0.10112E-02   0.24975E-02   0.79617E-02   0.88383E-02   0.37422E-02
   0.74933E-02   0.39921E-02   0.12676E-02   0.55008E-02   0.14654E-01   0.10473E-01
   0.19721E+00   0.77044E-01   0.52893E-01   0.52040E-01   0.86189E-01   0.19393E-01
   0.16119E+00   0.72280E+00   0.67997E-01   0.10800E-01   0.77029E-01   0.17420E+00
   0.94992E-02   0.47977E-01   0.43799E-02   0.94121E-02   0.19319E-01   0.62881E-02
   0.19248E+00   0.17652E+00   0.95756E-01   0.21966E+00   0.50433E+00   0.27977E+00
   0.23677E+01   0.12118E+01   0.15790E+01   0.16537E+02   0.40450E+01   0.20191E+01
   0.45572E+02   0.40406E+02   0.28809E+02   0.45499E+02   0.39086E+02   0.16234E+03
   0.57082E+02   0.36068E+02   0.44267E+02   0.69787E+02   0.16363E+03   0.69575E+02
   0.22544E+01   0.88824E+01   0.19748E+01   0.12004E+02   0.15703E+02   0.98303E+01
   0.41522E+01   0.52990E+01   0.24644E+01   0.26657E+01   0.69388E+01   0.11755E+02
   0.20816E+03   0.52107E+02   0.89253E+02   0.56451E+02   0.66699E+02   0.70145E+02
   0.98776E+01   0.47663E+02   0.62100E+01   0.44912E+01   0.99626E+01   0.12229E+02
   0.37310E+03   0.32424E+03   0.47409E+03   0.13457E+03   0.26934E+03   0.29338E+03
   0.10000E+01   0.10000E+01   0.10000E+01   0.10000E+01   0.10000E+01   0.10000E+01

   0.00000   0.60487   0.00000   0.00000   0.00000   0.00000
  -0.00000   0.01145   0.00000   0.00000   0.46292   0.00000
   0.03911   0.47982   0.00000   0.10253   0.02507   0.05098
   0.02971   0.00000   0.32890   0.13639   0.17649   0.00000
   0.21717   0.29471   0.00000  -0.00000   0.00000   0.00000
   0.07489   0.00000   0.00000   0.12738   0.33903   0.00000
   0.00000   0.00000   0.71278   0.00000   0.00000   0.00000
   0.00000   0.64642   0.00112   0.00000   0.01120   0.00000
   0.03356   0.14186   0.00654   0.01226   0.01208   0.30588
  -0.00000   0.20028   0.00000   0.00000   0.34329   0.03065
   0.00000   0.68961   0.00000   0.00000   0.00000   0.00000
   0.01064   0.43808   0.00000   0.01114   0.05564   0.00454
   0.18095   0.19588   0.00000   0.00000   0.00000   0.00000
   0.36252   0.00000   0.00000   0.00000   0.00000   0.00000
   0.02502   0.55446   0.00000   0.01218   0.09411   0.00000
   0.03381   0.22507  -0.00000   0.04083   0.11430   0.00000
   0.00000   0.38427   0.00000   0.12146   0.11381   0.00000
   0.05064   0.00000   0.00000   0.12254   0.35160   0.00000
   0.03920   0.57166   0.00735   0.01075   0.06444   0.00000
  -0.00000   0.00000   0.07230   0.23398   0.23330   0.02857
   0.08373   0.01745   0.00000   0.00000   0.22888   0.15656
   0.38925   0.01887   0.00519   0.01616   0.05464   0.00000
   0.01464   0.65747   0.00000   0.00000   0.00000   0.01029
   0.00000   0.59565   0.00000   0.04282   0.08844   0.00000
   0.00000   0.00000   0.00000   0.00000   0.24007   0.00000
   0.00000   0.00000   0.00000   0.70018   0.00000   0.00000
   0.00000   0.00000   0.00000   0.00000   0.00000   0.52406
   0.00000   0.00000   0.00000   0.00000   0.37470   0.00000
   0.00000   0.14336  -0.00000   0.12420   0.18846   0.09921
   0.00000   0.03364   0.02157   0.00000   0.11813   0.31961
   0.31705   0.00000   0.00000   0.00000   0.00000   0.00000
   0.00000   0.65676   0.00566   0.00000   0.00000   0.03008
   0.12183   0.11684   0.24107   0.01179   0.05948   0.08303
   1.00000   1.00000   1.00000   1.00000   1.00000   1.00000

   0.29577   1.00000   0.19812   0.26820   0.30173   0.36320
   0.30023   0.20897   0.00000   0.27672   0.96699   0.28221
   0.21528   0.70265   0.06425   0.23933   0.19289   0.24076
   0.25475   0.05813   0.48239   0.30391   0.41358   0.06185
   0.66031   0.74724   0.11696   0.16666   0.21570   0.17414
   0.34550   0.00312   0.00000   0.47173   0.73714   0.02055
   0.27697   0.07825   0.99743   0.04115   0.09480   0.06658
   0.18520   0.95177   0.10450   0.16781   0.30205   0.14056
   0.25501   0.38041   0.14983   0.21474   0.23871   0.65702
   0.17534   0.41954   0.05889   0.14857   0.69944   0.30364
   0.20821   1.00000   0.11610   0.14189   0.24404   0.21725
   0.22372   0.70363   0.06346   0.22917   0.44190   0.18280
   0.68422   0.59296   0.20675   0.21371   0.35001   0.20703
   0.99603   0.35784   0.30979   0.25661   0.34967   0.25399
   0.22341   0.82138   0.04762   0.12592   0.36618   0.12413
   0.30916   0.46436   0.07934   0.39221   0.43755   0.04405
   0.10021   0.59640   0.02861   0.33741   0.46254   0.11883
   0.31271   0.06910   0.05232   0.48862   0.76838   0.08701
   0.24497   0.83024   0.09821   0.12097   0.29635   0.13105
   0.15800   0.07032   0.17160   0.54737   0.60139   0.25926
   0.31689   0.16951   0.05383   0.23195   0.62111   0.44249
   0.76485   0.30096   0.20432   0.20170   0.33371   0.07589
   0.21078   0.95152   0.08865   0.01421   0.10137   0.22934
   0.16709   0.83655   0.07684   0.16494   0.33724   0.11113
   0.43704   0.38236   0.21575   0.50368   1.00000   0.59423
   0.14598   0.07468   0.09727   1.00000   0.24932   0.12431
   0.28564   0.25318   0.18043   0.28506   0.24505   1.00000
   0.39843   0.25010   0.30352   0.48396   1.00000   0.46687
   0.07686   0.30167   0.06740   0.40620   0.53445   0.33432
   0.24326   0.29651   0.14429   0.15457   0.39284   0.68598
   1.00000   0.27686   0.49088   0.30057   0.35776   0.36143
   0.19542   0.94322   0.12275   0.08847   0.19675   0.24354
   0.29725   0.25853   0.37824   0.10404   0.21448   0.23399
   1.00000   1.00000   1.00000   1.00000   1.00000   1.00000
