
       0      -0.059
    0    0    0    0    0    0
    0    0    0    0    0    0
    0    0    0    0    0    0
    0    0    0    0    0    0


   0.00000E+00   0.15692E+02   0.00000E+00   0.00000E+00   0.00000E+00   0.00000E+00
   0.67929E-02   0.10842E-01   0.00000E+00   0.00000E+00   0.19309E+00  -0.80728E-18
   0.11470E-01   0.10789E+00   0.96512E-03   0.25344E-01   0.81170E-02   0.14567E-01
   0.55505E-01   0.00000E+00   0.25866E+00   0.10349E+00   0.16777E+00   0.00000E+00
   0.90161E+01   0.11788E+02   0.00000E+00   0.00000E+00   0.00000E+00  -0.37302E-15
   0.10140E-02   0.00000E+00   0.00000E+00   0.12085E-02   0.31253E-02   0.00000E+00
   0.86345E-04   0.00000E+00   0.16573E+03   0.00000E+00  -0.10606E-15   0.26689E-17
   0.11467E-10   0.59244E-02   0.88854E-06   0.80798E-04   0.68056E-03  -0.11062E-18
   0.72116E-02   0.20087E-01   0.28999E-02   0.37076E-02   0.52547E-02   0.47171E-01
   0.17413E-03   0.32337E-01  -0.27727E-18   0.00000E+00   0.60569E-01   0.10867E-01
   0.00000E+00   0.11714E+02   0.00000E+00  -0.28609E-16   0.00000E+00   0.00000E+00
   0.85437E-04   0.29672E-02   0.93614E-10   0.32082E-03   0.31930E-03   0.12938E-03
   0.52958E+01   0.51464E+01   0.13726E+00  -0.30329E-16   0.58638E+00   0.00000E+00
   0.21356E+02   0.20224E+01   0.00000E+00   0.00000E+00   0.00000E+00   0.00000E+00
   0.15110E-01   0.19718E+00   0.00000E+00   0.73341E-02   0.41341E-01  -0.58841E-17
   0.29277E-03   0.66479E-03   0.00000E+00   0.63874E-03   0.24271E-03   0.00000E+00
   0.00000E+00   0.21046E-01   0.00000E+00   0.84463E-02   0.10308E-01   0.00000E+00
   0.23385E-01   0.00000E+00   0.00000E+00   0.38809E-01   0.10180E+00   0.00000E+00
   0.26370E-02   0.24810E-01   0.52164E-03   0.85876E-03   0.34930E-02  -0.74247E-18
   0.42177E-04   0.00000E+00   0.87837E-03   0.26346E-02   0.43068E-02   0.51573E-03
   0.29568E-02   0.10569E-02  -0.48564E-19   0.00000E+00   0.74868E-02   0.40793E-02
   0.12933E+00   0.24018E-01   0.55630E-02   0.11009E-01   0.21017E-01   0.00000E+00
   0.23148E-01   0.53228E+00   0.00000E+00   0.00000E+00   0.00000E+00   0.48490E-01
   0.19024E-03   0.35699E-01   0.00000E+00   0.32331E-02   0.64044E-02  -0.68143E-18
   0.00000E+00   0.00000E+00   0.00000E+00   0.00000E+00   0.20571E+00   0.00000E+00
   0.00000E+00   0.00000E+00  -0.16419E-17   0.13343E+02   0.00000E+00   0.00000E+00
  -0.19409E-22  -0.51608E-27  -0.31186E-14   0.00000E+00   0.00000E+00   0.10062E+03
   0.00000E+00  -0.31478E-16   0.00000E+00   0.00000E+00   0.79619E+02   0.00000E+00
   0.00000E+00   0.46238E+01   0.93989E-01   0.45988E+01   0.79706E+01   0.38375E+01
   0.19935E+00   0.78094E+00   0.66865E+00   0.00000E+00   0.28167E+01   0.69734E+01
   0.10331E+03   0.00000E+00   0.13976E+01   0.00000E+00  -0.10426E-14  -0.57935E-15
   0.37157E+00   0.34964E+02   0.98889E+00   0.00000E+00   0.00000E+00   0.33892E+01
   0.22668E+03   0.18427E+03   0.34717E+03   0.13267E+02   0.10744E+03   0.13361E+03
   0.10000E+01   0.10000E+01   0.10000E+01   0.10000E+01   0.10000E+01   0.10000E+01

   0.40972E+01   0.23117E+02   0.24646E+01   0.29074E+01   0.41799E+01   0.43877E+01
   0.60423E-01   0.47254E-01   0.52538E-15   0.33818E-01   0.29113E+00   0.64450E-01
   0.32722E-01   0.13913E+00   0.96121E-02   0.44566E-01   0.29262E-01   0.44070E-01
   0.12769E+00   0.19947E-01   0.31387E+00   0.16897E+00   0.27003E+00   0.20287E-01
   0.14622E+02   0.18184E+02   0.17413E+01   0.25118E+01   0.26813E+01   0.29245E+01
   0.19129E-02   0.17599E-16   0.92924E-17   0.23653E-02   0.47074E-02   0.17230E-16
   0.35398E+02   0.88513E+01   0.20747E+03   0.69267E+01   0.10791E+02   0.11327E+02
   0.11112E-02   0.78617E-02   0.80588E-03   0.87843E-03   0.19407E-02   0.76752E-03
   0.21837E-01   0.33947E-01   0.13839E-01   0.23188E-01   0.18867E-01   0.79148E-01
   0.14650E-01   0.47650E-01   0.44927E-02   0.67314E-02   0.89352E-01   0.33687E-01
   0.21566E+01   0.16295E+02   0.12140E+01   0.13286E+01   0.25366E+01   0.22760E+01
   0.14424E-02   0.42562E-02   0.91977E-03   0.13177E-02   0.16105E-02   0.11257E-02
   0.90235E+01   0.84515E+01   0.21349E+01   0.18505E+01   0.36622E+01   0.20096E+01
   0.34361E+02   0.91498E+01   0.68902E+01   0.56294E+01   0.71633E+01   0.38648E+01
   0.53013E-01   0.25586E+00   0.10252E-01   0.33463E-01   0.93218E-01   0.33364E-01
   0.15950E-02   0.20048E-02   0.55606E-03   0.19007E-02   0.20594E-02   0.15533E-03
   0.31973E-02   0.27465E-01   0.71423E-03   0.13830E-01   0.19751E-01   0.55711E-02
   0.52420E-01   0.48807E-02   0.49723E-02   0.77535E-01   0.15914E+00   0.54524E-02
   0.74593E-02   0.32016E-01   0.28797E-02   0.38337E-02   0.90193E-02   0.41202E-02
   0.13439E-02   0.40518E-03   0.24975E-02   0.65455E-02   0.81863E-02   0.23378E-02
   0.54432E-02   0.29311E-02   0.10455E-02   0.43673E-02   0.13008E-01   0.95397E-02
   0.17569E+00   0.57251E-01   0.34354E-01   0.39243E-01   0.57701E-01   0.98693E-02
   0.11677E+00   0.68927E+00   0.44174E-01   0.82602E-15   0.39760E-01   0.14128E+00
   0.65192E-02   0.45731E-01   0.29561E-02   0.81714E-02   0.14917E-01   0.44401E-02
   0.96402E-01   0.91105E-01   0.36208E-01   0.10346E+00   0.41352E+00   0.16681E+00
   0.14156E+01   0.46563E+00   0.10529E+01   0.16218E+02   0.15649E+01   0.16584E+01
   0.27966E+02   0.19181E+02   0.21200E+02   0.37363E+02   0.19783E+02   0.16050E+03
   0.26047E+02   0.15532E+02   0.26768E+02   0.34496E+02   0.13954E+03   0.36890E+02
   0.65830E+00   0.68558E+01   0.14593E+01   0.91643E+01   0.13492E+02   0.87810E+01
   0.29276E+01   0.25150E+01   0.21896E+01   0.19013E+01   0.57265E+01   0.10763E+02
   0.17453E+03   0.20857E+02   0.53657E+02   0.26413E+02   0.30738E+02   0.33357E+02
   0.66181E+01   0.45388E+02   0.43486E+01   0.27365E+01   0.66033E+01   0.10077E+02
   0.33588E+03   0.27483E+03   0.42855E+03   0.11112E+03   0.20489E+03   0.25174E+03
   0.10000E+01   0.10000E+01   0.10000E+01   0.10000E+01   0.10000E+01   0.10000E+01

   0.00000   0.72139   0.00000   0.00000   0.00000   0.00000
   0.02121   0.03438   0.00000   0.00000   0.61438  -0.00000
   0.05403   0.50788   0.00455   0.11940   0.03828   0.06873
   0.07655   0.00000   0.36359   0.14383   0.23660   0.00000
   0.33256   0.43549   0.00000   0.00000   0.00000  -0.00000
   0.14284   0.00000   0.00000   0.17210   0.46667   0.00000
   0.00000   0.00000   0.79954   0.00000  -0.00000   0.00000
   0.00000   0.68365   0.00011   0.00940   0.07453  -0.00000
   0.05723   0.15939   0.02302   0.02932   0.04173   0.37430
   0.00124   0.23266  -0.00000   0.00000   0.43801   0.07790
   0.00000   0.75469   0.00000  -0.00000   0.00000   0.00000
   0.01322   0.47508   0.00000   0.04749   0.05112   0.02029
   0.31333   0.30378   0.00800  -0.00000   0.03431   0.00000
   0.56725   0.05305   0.00000   0.00000   0.00000   0.00000
   0.04526   0.59181   0.00000   0.02192   0.12422  -0.00000
   0.05538   0.15096   0.00000   0.13041   0.04919   0.00000
   0.00000   0.40717   0.00000   0.16280   0.20009   0.00000
   0.10401   0.00000   0.00000   0.17449   0.47907   0.00000
   0.06458   0.60724   0.01299   0.02102   0.08563  -0.00000
   0.00299   0.00000   0.06209   0.19503   0.30330   0.03569
   0.12777   0.04523  -0.00000   0.00000   0.31833   0.17627
   0.50412   0.09373   0.02173   0.04284   0.08211   0.00000
   0.03023   0.69581   0.00000   0.00000   0.00000   0.06392
   0.00333   0.62730   0.00000   0.05653   0.11268  -0.00000
   0.00000   0.00000   0.00000   0.00000   0.49299   0.00000
   0.00000   0.00000  -0.00000   0.82475   0.00000   0.00000
  -0.00000  -0.00000  -0.00000   0.00000   0.00000   0.63091
   0.00000  -0.00000   0.00000   0.00000   0.58331   0.00000
   0.00000   0.15790   0.00319   0.15667   0.27228   0.13115
   0.01161   0.04562   0.03908   0.00000   0.16518   0.40760
   0.59683   0.00000   0.00805   0.00000  -0.00000  -0.00000
   0.00733   0.69037   0.01953   0.00000   0.00000   0.06693
   0.18061   0.14671   0.27664   0.01056   0.08567   0.10645
   1.00000   1.00000   1.00000   1.00000   1.00000   1.00000

   0.18182   1.00000   0.10872   0.12985   0.18497   0.19342
   0.19170   0.14988   0.00000   0.10714   0.91100   0.20517
   0.15433   0.65646   0.04532   0.21008   0.13797   0.20781
   0.17763   0.02793   0.43601   0.23454   0.37343   0.02862
   0.52739   0.65601   0.06346   0.09154   0.09803   0.10667
   0.27188   0.00000   0.00000   0.33735   0.66417   0.00000
   0.16780   0.04194   0.96609   0.03268   0.05118   0.05355
   0.12818   0.86976   0.09349   0.10438   0.22405   0.08893
   0.17339   0.26960   0.10980   0.18413   0.14981   0.62822
   0.10545   0.34280   0.03235   0.04865   0.64051   0.24375
   0.13478   0.99320   0.07599   0.08325   0.15887   0.14260
   0.23096   0.66417   0.14726   0.20283   0.24440   0.16666
   0.52104   0.48939   0.12472   0.10801   0.21363   0.11720
   0.88287   0.23760   0.17959   0.14630   0.18653   0.10029
   0.15882   0.76563   0.03075   0.10016   0.27859   0.10029
   0.32985   0.39809   0.10518   0.38521   0.39312   0.02933
   0.06185   0.52982   0.01387   0.26847   0.38072   0.10809
   0.23564   0.02261   0.02247   0.34960   0.70782   0.02566
   0.18299   0.78561   0.07047   0.09374   0.22078   0.10099
   0.09234   0.02819   0.16725   0.45366   0.60602   0.16414
   0.23103   0.12457   0.04467   0.18932   0.56212   0.40293
   0.68409   0.22357   0.13343   0.15247   0.22453   0.03859
   0.15257   0.90006   0.05772   0.00000   0.05220   0.18609
   0.11438   0.80207   0.05174   0.14353   0.26081   0.07816
   0.22585   0.21219   0.08467   0.24380   0.95162   0.38610
   0.08727   0.02871   0.06488   1.00000   0.09647   0.10220
   0.17532   0.12027   0.13287   0.23423   0.12400   1.00000
   0.18812   0.11190   0.19128   0.24823   0.96941   0.26253
   0.02248   0.23378   0.04985   0.31209   0.45829   0.29989
   0.17131   0.14719   0.12751   0.11092   0.33449   0.62970
   0.96113   0.11767   0.30314   0.14841   0.17316   0.18380
   0.13067   0.89579   0.08585   0.05394   0.13039   0.19987
   0.26764   0.21903   0.34143   0.08853   0.16319   0.20069
   1.00000   1.00000   1.00000   1.00000   1.00000   1.00000
