
       0      -0.059
    0    0    0    0    0    0
    0    0    0    0    0    0
    0    0    0    0    0    0
    0    0    0    0    0    0


   0.00000E+00   0.14746E+02   0.00000E+00   0.00000E+00   0.00000E+00   0.00000E+00
   0.29137E-02   0.85000E-02   0.00000E+00   0.00000E+00   0.17795E+00  -0.80728E-18
   0.10487E-01   0.10545E+00   0.74419E-03   0.24713E-01   0.74352E-02   0.13836E-01
   0.40888E-01   0.00000E+00   0.25808E+00   0.10224E+00   0.15315E+00   0.00000E+00
   0.80121E+01   0.10741E+02   0.00000E+00   0.00000E+00   0.00000E+00  -0.37302E-15
   0.91804E-03   0.00000E+00   0.00000E+00   0.11807E-02   0.28521E-02   0.00000E+00
   0.00000E+00   0.00000E+00   0.16080E+03   0.00000E+00  -0.10606E-15   0.00000E+00
   0.47870E-11   0.58035E-02   0.88854E-06   0.16900E-05   0.66213E-03  -0.11062E-18
   0.65520E-02   0.19363E-01   0.27077E-02   0.30909E-02   0.40022E-02   0.45311E-01
   0.00000E+00   0.31308E-01  -0.27727E-18   0.00000E+00   0.56238E-01   0.94629E-02
   0.00000E+00   0.11228E+02   0.00000E+00  -0.40281E-16   0.00000E+00   0.00000E+00
   0.85437E-04   0.29672E-02   0.93614E-10   0.28139E-07   0.30335E-05   0.80086E-04
   0.46120E+01   0.46260E+01   0.00000E+00  -0.30329E-16   0.11599E+00   0.00000E+00
   0.18977E+02   0.48868E+00   0.00000E+00   0.00000E+00   0.00000E+00   0.00000E+00
   0.12710E-01   0.19222E+00   0.00000E+00   0.63609E-02   0.38046E-01  -0.58841E-17
   0.24035E-03   0.66479E-03   0.00000E+00   0.32831E-03   0.23979E-03   0.00000E+00
   0.00000E+00   0.20550E-01   0.00000E+00   0.78704E-02   0.89806E-02   0.00000E+00
   0.20704E-01   0.00000E+00   0.00000E+00   0.37466E-01   0.93139E-01   0.00000E+00
   0.23541E-02   0.24158E-01   0.52164E-03   0.77012E-03   0.31958E-02  -0.74247E-18
   0.21125E-05   0.00000E+00   0.87837E-03   0.26346E-02   0.40752E-02   0.40497E-03
   0.26870E-02   0.89447E-03  -0.48564E-19   0.00000E+00   0.67936E-02   0.38197E-02
   0.12040E+00   0.19095E-01   0.40892E-02   0.92606E-02   0.20246E-01   0.00000E+00
   0.18494E-01   0.52157E+00   0.00000E+00   0.00000E+00   0.00000E+00   0.43932E-01
   0.28744E-04   0.35155E-01   0.00000E+00   0.30544E-02   0.59276E-02  -0.68143E-18
   0.00000E+00   0.00000E+00   0.00000E+00   0.00000E+00   0.17259E+00   0.00000E+00
  -0.27548E-16  -0.53328E-16  -0.56954E-17   0.13124E+02  -0.46078E-16  -0.37172E-16
  -0.19409E-22  -0.51608E-27  -0.31186E-14   0.00000E+00   0.00000E+00   0.96919E+02
   0.00000E+00  -0.31478E-16   0.00000E+00   0.00000E+00   0.70167E+02   0.00000E+00
   0.00000E+00   0.45063E+01   0.18631E-01   0.44509E+01   0.71984E+01   0.37055E+01
   0.19935E-01   0.71759E+00   0.63176E+00   0.00000E+00   0.25340E+01   0.67166E+01
   0.88236E+02   0.00000E+00   0.00000E+00   0.00000E+00  -0.10426E-14  -0.57935E-15
   0.19746E+00   0.34383E+02   0.98889E+00   0.00000E+00   0.00000E+00   0.32202E+01
   0.19916E+03   0.17244E+03   0.33849E+03   0.12572E+02   0.96965E+02   0.12647E+03
   0.10000E+01   0.10000E+01   0.10000E+01   0.10000E+01   0.10000E+01   0.10000E+01

   0.49128E+01   0.24139E+02   0.30499E+01   0.40407E+01   0.50178E+01   0.58026E+01
   0.70053E-01   0.53973E-01   0.67861E-15   0.49153E-01   0.30044E+00   0.72169E-01
   0.36273E-01   0.14297E+00   0.10433E-01   0.46779E-01   0.32718E-01   0.46407E-01
   0.14125E+00   0.26672E-01   0.32669E+00   0.18478E+00   0.27923E+00   0.28673E-01
   0.15684E+02   0.19241E+02   0.21497E+01   0.32534E+01   0.36895E+01   0.35098E+01
   0.20655E-02   0.22732E-16   0.12002E-16   0.26445E-02   0.48604E-02   0.31797E-05
   0.40457E+02   0.10781E+02   0.21215E+03   0.73701E+01   0.14177E+02   0.12137E+02
   0.11981E-02   0.78617E-02   0.88854E-03   0.95490E-03   0.22556E-02   0.10070E-02
   0.24303E-01   0.36734E-01   0.15506E-01   0.24343E-01   0.21175E-01   0.80155E-01
   0.17325E-01   0.51348E-01   0.57569E-02   0.10682E-01   0.92626E-01   0.36621E-01
   0.25195E+01   0.16765E+02   0.13895E+01   0.15980E+01   0.29295E+01   0.26490E+01
   0.16275E-02   0.43743E-02   0.12984E-02   0.13282E-02   0.17302E-02   0.11943E-02
   0.98588E+01   0.91165E+01   0.25154E+01   0.24297E+01   0.43667E+01   0.24767E+01
   0.36969E+02   0.10625E+02   0.82786E+01   0.70876E+01   0.90884E+01   0.56081E+01
   0.58953E-01   0.26399E+00   0.11687E-01   0.36807E-01   0.10174E+00   0.36513E-01
   0.19347E-02   0.21234E-02   0.55606E-03   0.19007E-02   0.24552E-02   0.15533E-03
   0.37168E-02   0.28289E-01   0.10446E-02   0.15308E-01   0.21113E-01   0.57768E-02
   0.56223E-01   0.80538E-02   0.66553E-02   0.86928E-01   0.16340E+00   0.10075E-01
   0.81660E-02   0.32985E-01   0.31544E-02   0.42453E-02   0.99237E-02   0.44440E-02
   0.17135E-02   0.63351E-03   0.24975E-02   0.70160E-02   0.81863E-02   0.25639E-02
   0.59260E-02   0.31929E-02   0.10455E-02   0.51547E-02   0.13119E-01   0.96944E-02
   0.18211E+00   0.64235E-01   0.39595E-01   0.45363E-01   0.66977E-01   0.11902E-01
   0.12843E+00   0.69958E+00   0.50384E-01   0.15757E-02   0.51034E-01   0.15723E+00
   0.73745E-02   0.46504E-01   0.32963E-02   0.86202E-02   0.16223E-01   0.50147E-02
   0.12303E+00   0.11669E+00   0.53086E-01   0.13754E+00   0.44286E+00   0.20180E+00
   0.16428E+01   0.56613E+00   0.11964E+01   0.16317E+02   0.20250E+01   0.17557E+01
   0.32346E+02   0.24775E+02   0.23841E+02   0.39646E+02   0.24747E+02   0.16106E+03
   0.35397E+02   0.20609E+02   0.31697E+02   0.44798E+02   0.14716E+03   0.46588E+02
   0.10747E+01   0.74348E+01   0.15283E+01   0.10080E+02   0.14065E+02   0.92522E+01
   0.32538E+01   0.29799E+01   0.23026E+01   0.21671E+01   0.57265E+01   0.11084E+02
   0.18573E+03   0.30075E+02   0.63827E+02   0.35201E+02   0.41360E+02   0.43683E+02
   0.74577E+01   0.45780E+02   0.48366E+01   0.32752E+01   0.75767E+01   0.10773E+02
   0.34862E+03   0.29227E+03   0.44311E+03   0.12642E+03   0.22487E+03   0.27343E+03
   0.10000E+01   0.10000E+01   0.10000E+01   0.10000E+01   0.10000E+01   0.10000E+01

   0.00000   0.68754   0.00000   0.00000   0.00000   0.00000
   0.00903   0.02695   0.00000   0.00000   0.56577   0.00000
   0.04944   0.49697   0.00351   0.11643   0.03504   0.06535
   0.05620   0.00000   0.35818   0.14198   0.21595   0.00000
   0.29703   0.39832   0.00000   0.00000   0.00000   0.00000
   0.13034   0.00000   0.00000   0.16730   0.42686   0.00000
   0.00000   0.00000   0.78065   0.00000   0.00000   0.00000
   0.00000   0.66980   0.00169   0.00020   0.07605   0.00000
   0.05198   0.15362   0.02147   0.02440   0.03180   0.35962
   0.00000   0.22519   0.00000   0.00000   0.40660   0.06847
   0.00000   0.73463   0.00000  -0.00000   0.00000   0.00000
   0.03902   0.49569   0.00000   0.00000   0.00046   0.01254
   0.27420   0.27390   0.00000   0.00000   0.00678   0.00000
   0.50730   0.01279   0.00000   0.00000   0.00000   0.00000
   0.03806   0.57651   0.00000   0.01900   0.11432   0.00000
   0.06128   0.17642   0.00000   0.06453   0.05086   0.00000
   0.00000   0.39722   0.00000   0.15095   0.17431   0.00000
   0.09122   0.00000   0.00000   0.16827   0.43859   0.00000
   0.05765   0.59152   0.01448   0.01886   0.07835   0.00000
   0.00014   0.00000   0.06479   0.27019   0.28334   0.02779
   0.11394   0.03799   0.00000   0.00000   0.28766   0.16343
   0.46890   0.07457   0.01598   0.03600   0.07915   0.00000
   0.02409   0.68236   0.00000   0.00000   0.00000   0.05801
   0.00050   0.61731   0.00000   0.05359   0.10427   0.00000
   0.00000   0.00000   0.00000   0.00000   0.41593   0.00000
  -0.00000  -0.00000  -0.00000   0.81008  -0.00000  -0.00000
   0.00000   0.00000   0.00000   0.00000   0.00000   0.60775
   0.00000   0.00000   0.00000   0.00000   0.51526   0.00000
   0.00000   0.15390   0.00063   0.15172   0.24588   0.12675
   0.00116   0.04190   0.03699   0.00000   0.14865   0.39266
   0.51213   0.00000   0.00000   0.00000   0.00000   0.00000
   0.00389   0.67936   0.01957   0.00000   0.00000   0.06365
   0.15873   0.13728   0.26969   0.01001   0.07732   0.10077
   1.00000   1.00000   1.00000   1.00000   1.00000   1.00000

   0.21567   1.00000   0.13350   0.17904   0.21965   0.25278
   0.22247   0.17112   0.00000   0.15511   0.93347   0.22998
   0.17115   0.67374   0.04920   0.22056   0.15426   0.21895
   0.19629   0.03735   0.45137   0.25598   0.38446   0.04045
   0.56207   0.68775   0.07819   0.11835   0.13482   0.12785
   0.29273   0.00000   0.00000   0.37633   0.68822   0.00048
   0.19174   0.05103   0.97790   0.03468   0.06710   0.05724
   0.13837   0.88565   0.10318   0.11135   0.26026   0.11655
   0.19298   0.29179   0.12296   0.19332   0.16814   0.63571
   0.12466   0.36908   0.04145   0.07718   0.66177   0.26463
   0.15685   1.00000   0.08678   0.09999   0.18307   0.16561
   0.24731   0.68058   0.19730   0.20509   0.26818   0.17284
   0.56568   0.52419   0.14683   0.14148   0.25413   0.14415
   0.93805   0.27442   0.21534   0.18309   0.23563   0.14477
   0.17667   0.78920   0.03505   0.11013   0.30387   0.10974
   0.41031   0.42447   0.04531   0.33488   0.48253   0.02827
   0.07185   0.54640   0.02028   0.29693   0.40493   0.11202
   0.25195   0.03735   0.03004   0.39091   0.71991   0.04738
   0.20041   0.80738   0.07717   0.10391   0.24286   0.10908
   0.11707   0.04399   0.16519   0.48513   0.53371   0.18123
   0.25124   0.13576   0.04427   0.22055   0.55201   0.41530
   0.70880   0.25087   0.15374   0.17592   0.26034   0.04657
   0.16777   0.91132   0.06578   0.00207   0.06703   0.20705
   0.12947   0.81370   0.05770   0.15101   0.28349   0.08840
   0.28632   0.26752   0.12291   0.32261   0.98797   0.45858
   0.10129   0.03490   0.07370   1.00000   0.12487   0.10820
   0.20277   0.15536   0.14933   0.24849   0.15512   1.00000
   0.25415   0.14745   0.22427   0.31970   0.99145   0.32694
   0.03669   0.25327   0.05219   0.34275   0.47513   0.31577
   0.19049   0.17171   0.13388   0.12628   0.32837   0.64806
   0.98844   0.16713   0.35850   0.19518   0.23022   0.23711
   0.14736   0.90318   0.09551   0.06455   0.14959   0.21393
   0.27783   0.23293   0.35315   0.10074   0.17910   0.21799
   1.00000   1.00000   1.00000   1.00000   1.00000   1.00000
